-0.589653, -0.731426, -0.989798
-0.638125, -0.799510, -0.886149
-0.598388, -0.712848, -1.034118
-0.598423, -0.745691, -0.889402
-0.465239, -0.788912, -0.940613
-0.471533, -0.788152, -0.946263
-0.494132, -0.744456, -1.025806
-0.505166, -0.740994, -0.952387
-0.295102, -0.743831, -1.015737
-0.359400, -0.822278, -0.878480
-0.319603, -0.745432, -1.009625
-0.291231, -0.735407, -0.967427
-0.130443, -0.743888, -0.975057
-0.188773, -0.758838, -0.922751
-0.146994, -0.721582, -1.031995
-0.228731, -0.737361, -0.950610
0.009494, -0.705429, -1.053724
0.018413, -0.739220, -0.976233
-0.079509, -0.713341, -1.000907
-0.019718, -0.723885, -0.936614
0.206550, -0.725118, -1.006649
0.160692, -0.742063, -0.956591
0.099060, -0.730932, -1.050558
0.145006, -0.737746, -0.994551
-0.025797, -0.580065, -1.003543
-0.060426, -0.597849, -0.899766
-0.009380, -0.548949, -1.012021
0.038053, -0.458869, -0.894940
0.111457, -0.689035, -1.031924
0.080349, -0.649015, -0.875144
0.135902, -0.443534, -1.009950
0.099099, -0.461238, -0.901286
-0.305112, -0.648166, -0.991288
-0.303712, -0.641525, -0.908070
-0.249999, -0.486345, -0.993152
-0.363856, -0.570950, -0.898479
-0.135907, -0.605628, -1.007035
-0.192941, -0.637745, -0.874646
-0.110383, -0.516526, -1.013461
-0.204989, -0.537634, -0.924337
-0.649562, -0.643499, -1.024334
-0.658768, -0.693869, -0.869475
-0.618109, -0.543185, -1.026784
-0.662421, -0.573491, -0.893939
-0.526436, -0.723758, -1.030933
-0.595788, -0.622992, -0.814179
-0.462557, -0.565811, -0.995856
-0.421419, -0.491019, -0.930822
-0.614908, -0.474075, -1.030933
-0.654967, -0.494756, -0.866312
-0.597515, -0.345243, -1.041343
-0.645082, -0.365909, -0.902972
-0.362358, -0.399965, -1.017603
-0.567205, -0.418051, -0.909753
-0.470804, -0.314651, -1.012567
-0.446594, -0.329266, -0.870776
-0.326504, -0.418192, -1.020921
-0.300859, -0.450866, -0.935833
-0.258360, -0.358827, -1.033287
-0.315954, -0.311717, -0.928963
-0.223596, -0.406174, -1.007722
-0.143418, -0.444658, -0.831868
-0.109871, -0.369401, -1.028645
-0.226080, -0.361508, -0.956148
0.000200, -0.424562, -1.032447
-0.014736, -0.438889, -0.935405
0.008363, -0.326681, -1.031036
-0.046466, -0.337795, -0.877335
0.053267, -0.425847, -1.031531
0.195516, -0.421221, -0.891756
0.098771, -0.334040, -1.036354
0.156410, -0.341645, -0.926094
0.047648, -0.252296, -1.007146
0.050007, -0.283190, -0.993902
0.031870, -0.141910, -1.008627
0.006259, -0.174876, -0.894729
0.129169, -0.266271, -1.035974
0.168227, -0.257704, -0.942170
0.226066, -0.110129, -1.007600
0.159190, -0.144517, -0.936091
-0.286055, -0.230658, -1.018398
-0.308275, -0.283845, -0.896589
-0.342532, -0.126761, -1.018878
-0.269829, -0.156323, -0.955204
-0.203233, -0.277918, -1.024691
-0.178880, -0.227657, -0.872383
-0.139130, -0.121825, -1.012924
-0.159960, -0.103295, -0.976377
-0.538912, -0.221140, -1.032012
-0.569492, -0.209724, -0.810607
-0.542766, -0.187035, -1.038027
-0.650687, -0.117945, -0.839443
-0.516637, -0.300276, -0.996484
-0.495352, -0.218444, -0.835656
-0.489343, -0.144925, -1.029794
-0.415549, -0.158848, -0.892919
-0.607352, -0.023734, -1.005129
-0.606282, -0.010586, -0.939999
-0.619418, 0.033979, -0.980393
-0.638961, 0.073223, -0.836827
-0.455282, -0.079714, -1.008751
-0.405333, -0.057372, -0.876234
-0.534936, 0.067788, -1.030358
-0.567939, 0.083090, -0.857324
-0.352491, -0.048850, -1.031279
-0.249062, -0.074321, -0.864895
-0.310012, 0.017182, -1.018814
-0.214317, 0.079508, -0.947200
-0.094316, -0.032199, -1.020348
-0.108968, -0.001467, -0.963613
-0.133467, 0.029815, -1.000486
-0.183566, 0.018761, -0.937332
0.015961, -0.059612, -1.023605
-0.040493, -0.035222, -0.899216
0.047743, 0.057429, -1.017658
-0.011295, 0.049928, -0.885064
0.203534, -0.007876, -0.996729
0.115066, -0.007968, -0.941631
0.139225, 0.009584, -1.017650
0.230627, 0.084896, -0.920379
0.472269, -0.033114, -1.034024
0.402903, -0.038258, -0.946956
0.293404, 0.029879, -0.995000
0.399229, 0.093896, -0.897672
0.572758, -0.000819, -1.032813
0.563615, -0.019840, -1.009761
0.640508, 0.052410, -1.039361
0.424991, 0.058631, -0.931281
0.708300, -0.051662, -1.036910
0.731356, -0.044671, -0.925359
0.663189, 0.043774, -1.029037
0.637062, 0.083569, -1.020652
0.922199, -0.036024, -1.012584
0.742221, -0.037516, -0.975763
0.795122, 0.137078, -1.017119
0.837654, 0.091440, -1.002055
1.152731, -0.079715, -1.024402
1.142355, -0.035027, -0.881094
1.076441, 0.028136, -1.038549
1.027263, 0.000461, -0.915622
1.364488, -0.014984, -1.000996
1.396205, -0.017455, -0.884659
1.425993, 0.005533, -1.022274
1.230604, 0.047255, -0.881214
1.566967, -0.182539, -1.023204
1.585873, -0.118106, -0.947078
1.575712, -0.037444, -0.994735
1.546123, -0.003807, -0.917770
1.868539, -0.033730, -1.014493
1.899010, -0.024141, -1.044236
2.204918, 0.016258, -1.045953
2.100965, 0.021484, -1.062776
2.351709, -0.023090, -1.039328
1.982473, -0.045785, -1.037707
2.313262, 0.000858, -1.023822
2.014803, -0.029475, -1.000095
2.521974, -0.152395, -0.936701
2.316696, -0.118992, -1.009707
2.531541, 0.016615, -1.004809
2.323247, -0.024191, -0.992946
2.668908, 0.024012, -0.823180
2.800000, -0.004200, -1.000000
2.739033, -0.083342, -0.793327
2.441594, 0.024439, -1.028493
2.816207, -0.017812, -0.894945
2.825579, 0.016042, -0.960063
2.566214, -0.000681, -0.769261
2.828210, 0.073235, -1.005858
2.626993, 0.101489, -0.798886
2.536458, 0.147737, -1.025205
2.757155, 0.160259, -0.933415
2.732100, 0.212484, -0.990468
2.589059, 0.078374, -0.817297
2.872056, 0.119746, -1.088491
2.744910, 0.145385, -0.916519
2.745209, 0.177045, -1.021417
2.272866, 0.069052, -1.009335
1.947742, 0.062117, -1.043627
2.086889, 0.147027, -1.020942
2.073676, 0.229775, -0.988118
2.490115, 0.156816, -1.005472
2.226602, 0.112094, -0.973915
2.553720, 0.196317, -1.005131
2.259703, 0.276052, -0.923334
1.577171, 0.099434, -1.023885
1.540380, 0.138782, -0.929444
1.780496, 0.195586, -1.042601
1.579438, 0.224114, -0.912094
2.289439, 0.037287, -1.034010
1.768095, 0.081581, -1.011329
2.023462, 0.139887, -1.059334
1.874355, 0.203402, -1.013658
1.057823, 0.181613, -1.001151
1.172729, 0.126598, -0.944716
1.003466, 0.344920, -1.021671
1.044975, 0.372127, -0.994943
1.445316, 0.183463, -1.005262
1.193195, 0.134926, -0.923932
1.314428, 0.229882, -1.020476
1.282323, 0.288694, -0.910746
0.692775, 0.138282, -1.038022
0.670876, 0.132019, -1.019490
0.774328, 0.295586, -1.044586
0.643265, 0.230852, -1.050060
0.849924, 0.142217, -1.032652
0.742359, 0.178575, -0.992903
0.859992, 0.269804, -1.037547
0.930151, 0.351746, -0.992003
0.380623, 0.153808, -1.003272
0.258511, 0.125370, -0.873176
0.354239, 0.313000, -1.021034
0.236685, 0.275984, -0.880476
0.606524, 0.189636, -1.052473
0.446464, 0.177512, -0.927535
0.623493, 0.268555, -1.053171
0.581870, 0.233019, -1.035429
-0.038496, 0.104663, -0.964731
0.007072, 0.139458, -0.927004
-0.035252, 0.215545, -0.962410
-0.078171, 0.271743, -0.862994
0.152362, 0.098856, -1.025337
0.100433, 0.136886, -0.930227
0.205431, 0.283023, -1.028718
0.191469, 0.289969, -0.865131
-0.208584, 0.160410, -1.012943
-0.284619, 0.092272, -0.924111
-0.294540, 0.219767, -1.005844
-0.300202, 0.232853, -0.842152
-0.112134, 0.085434, -1.016770
-0.204014, 0.169716, -0.926716
-0.187654, 0.229445, -0.968909
-0.136507, 0.240919, -0.913546
-0.562741, 0.085246, -1.031455
-0.597553, 0.125378, -0.802893
-0.598598, 0.201141, -0.995380
-0.615164, 0.180773, -0.951131
-0.495192, 0.115667, -1.030987
-0.489607, 0.170891, -0.979080
-0.543996, 0.189106, -1.025484
-0.529449, 0.282581, -0.956828
-0.537379, 0.268921, -1.037944
-0.587828, 0.363274, -0.816148
-0.536749, 0.386468, -1.037584
-0.551385, 0.439411, -0.891215
-0.509357, 0.329892, -1.023666
-0.501760, 0.315604, -0.866664
-0.526128, 0.442055, -0.986058
-0.478833, 0.429235, -0.816134
-0.279513, 0.351847, -0.955078
-0.320874, 0.346519, -0.879323
-0.330836, 0.389177, -0.986333
-0.263127, 0.405749, -0.797809
-0.074937, 0.313349, -1.018506
-0.133889, 0.307969, -0.934884
-0.080381, 0.377353, -1.019546
-0.128340, 0.416574, -0.894323
-0.060496, 0.311165, -0.970190
0.044499, 0.346456, -0.863527
-0.018695, 0.404050, -1.009881
-0.027871, 0.384934, -0.829701
0.152851, 0.352920, -1.018149
0.205241, 0.358783, -0.965178
0.237789, 0.433552, -0.987861
0.176395, 0.398957, -0.929046
0.268881, 0.379940, -1.019145
0.386815, 0.339192, -0.967407
0.486924, 0.369552, -1.015077
0.417651, 0.419779, -1.000302
0.580961, 0.343374, -1.045597
0.572281, 0.359026, -0.997786
0.609434, 0.385347, -1.039271
0.500855, 0.429284, -0.917750
0.833542, 0.353984, -1.051904
0.624087, 0.335512, -1.033938
0.767314, 0.368877, -1.048048
0.791994, 0.395137, -1.047009
0.868107, 0.372726, -1.016733
0.943495, 0.414371, -1.048576
1.034656, 0.424831, -1.019830
0.929816, 0.431376, -1.012257
1.118852, 0.418151, -1.026558
1.076097, 0.388823, -1.001346
1.154346, 0.424760, -1.027426
1.100900, 0.419887, -0.996092
1.617856, 0.353979, -1.070811
1.204475, 0.377076, -0.976445
1.390462, 0.395896, -1.058657
1.163787, 0.393253, -1.007612
1.722825, 0.242162, -1.051680
1.438366, 0.329034, -0.937371
1.736625, 0.325322, -1.029849
1.425153, 0.434225, -0.954302
2.071759, 0.176788, -1.040482
1.751803, 0.328621, -0.854588
1.852362, 0.361298, -1.025336
1.780938, 0.388541, -0.830551
1.955555, 0.274632, -1.001283
1.956829, 0.203431, -1.012208
2.180987, 0.349944, -1.017523
1.971467, 0.364885, -0.860757
2.444232, 0.360128, -1.014263
2.386872, 0.297066, -0.980086
2.356060, 0.431369, -0.980482
2.253261, 0.448059, -0.930050
2.600492, 0.323121, -0.911413
2.414222, 0.344806, -0.984338
2.599981, 0.379417, -0.889622
2.552610, 0.394402, -0.957206
2.563016, 0.321291, -0.800769
2.534985, 0.352290, -0.904841
2.585683, 0.519528, -0.519413
2.613902, 0.436509, -0.948890
2.590618, 0.455601, -0.870865
2.425619, 0.622162, -0.942338
2.715463, 0.545381, -0.720379
2.436763, 0.696316, -0.954421
2.610799, 0.533629, -0.562797
2.637852, 0.509321, -1.041889
2.531664, 0.716283, -0.623116
2.583218, 0.644440, -0.853355
2.043455, 0.543120, -1.015893
2.076775, 0.585598, -0.960328
2.081668, 0.684815, -0.990221
2.301473, 0.777854, -0.964015
2.340337, 0.580858, -0.963161
2.327151, 0.619573, -0.989675
2.551312, 0.632406, -1.023717
2.258862, 0.689312, -0.951194
1.742165, 0.522635, -1.060262
1.424396, 0.447554, -0.960493
1.707664, 0.717856, -1.052599
1.463028, 0.637845, -0.942721
1.988468, 0.544667, -1.042626
1.938592, 0.479814, -0.908332
2.383040, 0.743090, -1.004174
1.851508, 0.646203, -0.895163
1.194666, 0.427696, -1.019589
1.045521, 0.503907, -0.970176
1.054443, 0.712437, -1.035831
0.989013, 0.701985, -1.020542
1.521796, 0.516237, -1.027377
1.235321, 0.489533, -0.943151
1.660468, 0.594063, -1.036853
1.450764, 0.658903, -1.012812
0.686982, 0.437050, -1.008918
0.694764, 0.473844, -1.007908
0.776529, 0.620333, -1.002850
0.651515, 0.579452, -0.985323
0.953518, 0.445353, -1.029580
0.890718, 0.461419, -1.019277
0.956887, 0.778308, -1.045175
0.901416, 0.756648, -1.017993
0.363893, 0.439978, -1.018030
0.276552, 0.502764, -0.940882
0.271749, 0.569840, -0.984551
0.273677, 0.619337, -0.985325
0.458653, 0.457831, -1.016301
0.409911, 0.461142, -0.930632
0.601507, 0.578879, -1.001856
0.471051, 0.575196, -0.873358
-0.007193, 0.445016, -1.002330
0.042593, 0.464501, -0.869267
0.037978, 0.626952, -0.977805
-0.071368, 0.702470, -0.843241
0.166402, 0.475678, -1.002474
0.210429, 0.471066, -0.925304
0.216204, 0.563354, -1.009992
0.220870, 0.565808, -0.910347
-0.255169, 0.534735, -0.951167
-0.238700, 0.586619, -0.874442
-0.356719, 0.640105, -0.995371
-0.277531, 0.616092, -0.823370
-0.115633, 0.459480, -0.979344
-0.135027, 0.540872, -0.812257
-0.172594, 0.657651, -1.008291
-0.209043, 0.672502, -0.808397
-0.569468, 0.535040, -0.997295
-0.617858, 0.474743, -0.769589
-0.563692, 0.657030, -1.015785
-0.650706, 0.716287, -0.793514
-0.466277, 0.581013, -1.003799
-0.521640, 0.472119, -0.869666
-0.555121, 0.718516, -1.022421
-0.472935, 0.617915, -0.853859
-0.563853, 0.731076, -1.040140
-0.590352, 0.754130, -0.900179
-0.664354, 0.738119, -1.017758
-0.660012, 0.849213, -0.802645
-0.457623, 0.734850, -1.028864
-0.393256, 0.739713, -0.821581
-0.444013, 0.739325, -1.059151
-0.530090, 0.838837, -0.874040
-0.210515, 0.756020, -1.002010
-0.295385, 0.705011, -0.820522
-0.241163, 0.756198, -1.032227
-0.241117, 0.799878, -0.829434
-0.097322, 0.767030, -1.053094
-0.152909, 0.772478, -0.973361
-0.113799, 0.770048, -1.016011
-0.124188, 0.803943, -0.940106
0.063623, 0.745327, -1.044838
0.004211, 0.708281, -0.835451
-0.047631, 0.772737, -1.035577
-0.063425, 0.776430, -0.985331
0.155116, 0.691031, -0.995681
0.176783, 0.681083, -0.854968
0.068734, 0.755705, -1.015108
0.134322, 0.745879, -0.926639
0.297267, 0.685043, -1.040339
0.213957, 0.712022, -0.886670
0.310269, 0.708196, -1.028401
0.402201, 0.743967, -0.873528
0.791290, 0.660017, -1.089462
0.581820, 0.684643, -0.949270
0.696553, 0.660779, -1.094141
0.653132, 0.762957, -0.896317
0.792073, 0.721174, -1.052203
0.766805, 0.735872, -0.945197
0.831848, 0.688184, -1.035365
0.857670, 0.731290, -1.015251
1.151771, 0.727937, -1.074934
0.896582, 0.779068, -1.030166
0.927188, 0.719446, -1.030572
0.890929, 0.781218, -0.959846
1.474162, 0.558847, -1.055940
1.048017, 0.707752, -1.022173
1.025332, 0.740947, -1.063960
1.122132, 0.688257, -0.961370
1.564671, 0.671728, -1.055247
1.379092, 0.652739, -0.977831
1.457114, 0.580709, -1.053059
1.244506, 0.664546, -0.875556
1.729103, 0.756702, -1.076515
1.492914, 0.738071, -0.938056
1.674168, 0.758450, -1.071505
1.674695, 0.738052, -0.954561
2.811789, 0.668019, -1.024669
1.846619, 0.813771, -0.873910
1.916419, 0.694395, -0.998252
1.835382, 0.719717, -0.872474
1.475224, 0.702667, -0.841649
1.465958, 0.719869, -0.786189
1.447062, 0.689890, -0.830402
1.535948, 0.705171, -0.833818
1.839749, 0.822838, -0.798647
1.784146, 0.823121, -0.791363
1.783218, 0.749642, -0.817888
1.779813, 0.784449, -0.807359
0.947020, 0.756271, -0.961676
1.080450, 0.736483, -0.763339
0.942027, 0.803082, -0.847260
0.956141, 0.810727, -0.810819
1.424787, 0.702474, -0.891997
1.346102, 0.702334, -0.771620
1.431590, 0.664203, -0.871180
1.303370, 0.714717, -0.755825
0.728001, 0.701212, -0.838301
0.634930, 0.670551, -0.726153
0.748791, 0.763405, -0.830743
0.624889, 0.809595, -0.728005
0.868453, 0.742864, -0.868634
0.887579, 0.753465, -0.778395
0.921907, 0.776540, -0.943064
0.882738, 0.810079, -0.819147
0.217892, 0.694075, -0.725378
0.218327, 0.736413, -0.701976
0.373790, 0.791674, -0.740333
0.273765, 0.820826, -0.680940
0.438730, 0.713486, -0.830043
0.488299, 0.736076, -0.718490
0.372410, 0.748393, -0.728564
0.579389, 0.807156, -0.746504
-0.000664, 0.749403, -0.751166
-0.121923, 0.728271, -0.688795
-0.103913, 0.806513, -0.809481
0.021354, 0.808926, -0.712410
0.165143, 0.718771, -0.742533
0.036147, 0.760641, -0.713932
0.102883, 0.803450, -0.719163
0.070173, 0.811690, -0.701264
-0.343595, 0.756943, -0.680158
-0.353836, 0.728261, -0.642579
-0.303435, 0.818467, -0.704538
-0.257102, 0.808886, -0.674543
-0.187097, 0.736950, -0.811875
-0.216690, 0.761884, -0.688554
-0.156019, 0.802766, -0.743830
-0.213118, 0.819343, -0.676733
-0.640780, 0.810130, -0.653146
-0.638682, 0.816032, -0.607273
-0.612019, 0.915616, -0.743923
-0.637543, 0.922755, -0.613140
-0.452217, 0.743298, -0.759600
-0.550846, 0.720963, -0.613019
-0.475702, 0.808301, -0.659120
-0.518156, 0.831035, -0.640656
-0.579196, 0.574102, -0.645243
-0.617529, 0.534033, -0.618306
-0.606974, 0.644700, -0.639417
-0.588944, 0.692068, -0.612588
-0.532005, 0.490031, -0.767065
-0.409567, 0.556145, -0.656243
-0.421150, 0.595225, -0.668330
-0.541839, 0.619823, -0.608931
-0.306990, 0.588856, -0.686364
-0.325648, 0.493123, -0.683326
-0.291664, 0.649816, -0.759070
-0.282952, 0.671678, -0.676417
-0.180552, 0.501311, -0.760445
-0.198915, 0.536497, -0.705176
-0.239538, 0.633007, -0.709441
-0.212405, 0.673277, -0.694284
-0.063109, 0.475417, -0.788108
-0.035176, 0.523482, -0.709843
-0.057946, 0.600422, -0.798396
-0.025392, 0.618382, -0.695188
0.132981, 0.540165, -0.748359
0.114199, 0.506720, -0.720476
0.101960, 0.579280, -0.733936
0.140452, 0.585413, -0.717703
0.262376, 0.561743, -0.742137
0.346196, 0.475146, -0.752335
0.245575, 0.664431, -0.804840
0.197818, 0.634794, -0.705456
0.482123, 0.453846, -0.857370
0.421303, 0.552830, -0.729092
0.556653, 0.557668, -0.797040
0.534117, 0.593116, -0.717452
0.634760, 0.464127, -0.888407
0.569821, 0.545832, -0.736931
0.727614, 0.601265, -0.818170
0.706730, 0.640267, -0.737051
0.891815, 0.524179, -0.823497
0.828820, 0.478133, -0.756592
0.775285, 0.585845, -0.895681
0.839610, 0.611047, -0.750489
1.030675, 0.462656, -0.815533
1.075637, 0.470738, -0.773128
1.140075, 0.624122, -0.826770
0.922041, 0.658096, -0.791643
1.306565, 0.540999, -0.921736
1.190215, 0.538518, -0.759072
1.233131, 0.633740, -0.813348
1.289230, 0.661224, -0.758448
1.515121, 0.441661, -0.876339
1.430477, 0.425465, -0.813718
1.558079, 0.673116, -0.801130
1.650043, 0.751005, -0.784135
1.802823, 0.510263, -0.791858
1.865933, 0.567759, -0.763156
1.864388, 0.684162, -0.788101
1.876242, 0.791282, -0.771323
1.933849, 0.458991, -0.810381
2.101224, 0.539476, -0.777471
1.969626, 0.714709, -0.801444
2.107245, 0.694354, -0.783590
2.278438, 0.500082, -0.850063
2.193732, 0.609768, -0.796649
2.212930, 0.725997, -0.849997
2.177756, 0.643426, -0.807949
2.403464, 0.609422, -0.853128
2.429819, 0.604202, -0.832193
2.509636, 0.586230, -0.910595
2.340163, 0.766030, -0.806972
2.537403, 0.424502, -1.024559
2.584693, 0.583318, -0.901440
2.538076, 0.723375, -0.711581
2.598449, 0.708824, -0.706662
2.470722, 0.365877, -0.971170
2.402597, 0.402660, -0.871518
2.523657, 0.404532, -0.982612
2.350623, 0.435668, -0.850524
2.515762, 0.369672, -0.999539
2.497140, 0.397658, -1.026803
2.531258, 0.364495, -1.038572
2.505292, 0.450167, -0.983564
1.928184, 0.318998, -0.862901
1.878512, 0.347627, -0.803043
2.076890, 0.456507, -0.787999
2.038297, 0.416596, -0.763761
2.216930, 0.317943, -0.840300
2.267832, 0.385200, -0.820348
2.314843, 0.436144, -0.940184
2.164197, 0.462132, -0.784171
1.609609, 0.320667, -0.823289
1.366036, 0.348856, -0.813898
1.522745, 0.364779, -0.808019
1.462629, 0.362043, -0.812128
1.653124, 0.324035, -0.840078
1.857148, 0.314507, -0.823389
1.864964, 0.355463, -0.843694
1.693781, 0.416921, -0.781078
1.098800, 0.332101, -0.822479
1.040570, 0.306794, -0.774295
1.050619, 0.397288, -0.885672
1.062229, 0.412919, -0.780902
1.380034, 0.349772, -0.844888
1.323684, 0.320422, -0.822383
1.216710, 0.386753, -0.891370
1.325556, 0.394829, -0.806561
0.694330, 0.370876, -0.801896
0.614572, 0.362692, -0.748088
0.642265, 0.418498, -0.916603
0.727282, 0.434785, -0.744949
0.850102, 0.319404, -0.869940
0.831368, 0.351719, -0.782622
0.757360, 0.418994, -0.834218
0.817223, 0.397208, -0.765737
0.234090, 0.348057, -0.830768
0.234274, 0.319719, -0.764904
0.271306, 0.400878, -0.859439
0.317495, 0.434476, -0.733022
0.493933, 0.348835, -0.788181
0.421186, 0.359251, -0.755357
0.449669, 0.385612, -0.852380
0.526884, 0.394509, -0.741743
0.006810, 0.336234, -0.789523
-0.021706, 0.309330, -0.736269
-0.058096, 0.397712, -0.799561
-0.016942, 0.416780, -0.747197
0.155687, 0.340385, -0.803344
0.162787, 0.342130, -0.745063
0.094015, 0.429309, -0.760414
0.090896, 0.412153, -0.746149
-0.220522, 0.319047, -0.778528
-0.327041, 0.312814, -0.671349
-0.341775, 0.472505, -0.700423
-0.316718, 0.429076, -0.667099
-0.107490, 0.327930, -0.752322
-0.154229, 0.329205, -0.698635
-0.224825, 0.466708, -0.735484
-0.122918, 0.416790, -0.712999
-0.591003, 0.371571, -0.727440
-0.587911, 0.358554, -0.644775
-0.630530, 0.453967, -0.670193
-0.619387, 0.407175, -0.636822
-0.431287, 0.334850, -0.704398
-0.565899, 0.371463, -0.643628
-0.398413, 0.427370, -0.736200
-0.413511, 0.473499, -0.651725
-0.605763, 0.130373, -0.796321
-0.609371, 0.098808, -0.656308
-0.638564, 0.197230, -0.728321
-0.622506, 0.198357, -0.676242
-0.570580, 0.134276, -0.727000
-0.574425, 0.168017, -0.674325
-0.555803, 0.244933, -0.699983
-0.425465, 0.255533, -0.671108
-0.357509, 0.181036, -0.787254
-0.274580, 0.164259, -0.689844
-0.347538, 0.268699, -0.732335
-0.288528, 0.263332, -0.677615
-0.193421, 0.194327, -0.729632
-0.181209, 0.130259, -0.704017
-0.108486, 0.233322, -0.827864
-0.129816, 0.261734, -0.732213
-0.063370, 0.146283, -0.799145
-0.099667, 0.180498, -0.736908
-0.032872, 0.271816, -0.773399
-0.108577, 0.282459, -0.733648
0.100892, 0.132890, -0.833598
0.077952, 0.139174, -0.717364
0.166630, 0.284757, -0.789750
0.156229, 0.222381, -0.743234
0.326680, 0.105461, -0.810292
0.368985, 0.191441, -0.737761
0.343829, 0.287942, -0.769953
0.284449, 0.216590, -0.755315
0.542674, 0.100529, -0.893986
0.499108, 0.122502, -0.763272
0.533986, 0.241492, -0.866492
0.488525, 0.281976, -0.745519
0.660978, 0.152181, -0.831098
0.704226, 0.120818, -0.773694
0.678948, 0.203564, -0.822937
0.655287, 0.248335, -0.751574
0.914491, 0.163771, -0.844365
0.814778, 0.111944, -0.764338
0.937817, 0.206564, -0.858010
0.825074, 0.298281, -0.763317
1.005725, 0.103143, -0.867139
1.122339, 0.149700, -0.793408
1.027770, 0.294601, -0.847146
0.988184, 0.233692, -0.788665
1.257553, 0.164835, -0.828668
1.317052, 0.169438, -0.825483
1.237034, 0.230538, -0.871735
1.262348, 0.296466, -0.815711
1.475471, 0.085366, -0.847445
1.560671, 0.171596, -0.837755
1.522716, 0.269666, -0.866472
1.434564, 0.225527, -0.842162
1.782928, 0.135394, -0.926796
1.756782, 0.172313, -0.840360
1.863550, 0.225452, -0.926807
1.753660, 0.273395, -0.824686
2.085882, 0.134987, -0.868374
1.916045, 0.120894, -0.867920
1.940106, 0.168184, -0.994855
1.862349, 0.253064, -0.823886
2.346060, 0.163944, -0.876323
2.308959, 0.183157, -0.809597
2.345169, 0.226133, -0.858833
2.179931, 0.278344, -0.790537
2.411631, 0.099633, -1.017301
2.427759, 0.098144, -0.856665
2.451580, 0.238442, -1.013855
2.442795, 0.265180, -0.835928
2.855498, 0.152648, -1.000846
2.499655, 0.193518, -0.907756
2.799558, 0.194877, -1.018016
2.694327, 0.244206, -1.020335
2.466850, -0.017149, -1.036714
2.454172, -0.050208, -0.936525
2.488613, 0.072241, -1.038796
2.351366, 0.018409, -0.865393
2.867177, 0.064107, -1.003835
2.650143, 0.009306, -1.078681
2.798311, 0.097162, -1.013494
2.697047, 0.070493, -1.000000
1.950546, -0.046658, -1.028462
2.014813, -0.063170, -0.893386
1.947564, 0.010680, -1.019912
1.912195, 0.045621, -0.872239
2.132273, -0.014063, -0.871118
2.311079, -0.008137, -0.821881
2.360858, 0.033380, -0.984850
2.111122, 0.018314, -0.840043
1.484982, -0.056730, -0.858274
1.479148, -0.091006, -0.867270
1.532208, -0.005720, -0.860029
1.527173, 0.009610, -0.848677
1.649223, -0.034643, -0.875770
1.807402, -0.044061, -0.881586
1.688810, 0.020402, -0.879429
1.787719, 0.008637, -0.864625
1.144839, -0.026732, -0.853132
0.958230, -0.028097, -0.766027
1.000627, 0.025277, -0.884299
1.068807, 0.036727, -0.794302
1.245424, -0.068473, -0.838505
1.196655, -0.045698, -0.806260
1.201177, 0.081899, -0.822053
1.169966, 0.082093, -0.802458
0.661261, -0.047562, -0.825988
0.595538, -0.002301, -0.783501
0.738280, 0.055061, -0.897864
0.629474, 0.049803, -0.765236
0.756231, -0.010065, -0.825682
0.795484, -0.063642, -0.758920
0.858105, 0.069037, -0.839638
0.839325, 0.084506, -0.757228
0.321633, -0.066561, -0.856103
0.339839, -0.063096, -0.764186
0.351429, 0.092168, -0.799048
0.363375, 0.074584, -0.764506
0.529201, -0.029308, -0.787624
0.477796, 0.005355, -0.751798
0.399029, 0.032462, -0.832747
0.496730, 0.062659, -0.747821
-0.032049, -0.036220, -0.758957
-0.027724, -0.026444, -0.722228
-0.057098, 0.078099, -0.772372
-0.002460, 0.076473, -0.730025
0.129026, -0.021983, -0.841912
0.163275, -0.014540, -0.747834
0.153916, 0.020698, -0.765961
0.156666, 0.080666, -0.725552
-0.254072, -0.094222, -0.736494
-0.350021, -0.044520, -0.694719
-0.334621, 0.018386, -0.748591
-0.269134, 0.012430, -0.701280
-0.113454, -0.041327, -0.811899
-0.148567, -0.039599, -0.730896
-0.209248, 0.045244, -0.732714
-0.182620, 0.076278, -0.697489
-0.620841, -0.018805, -0.681273
-0.641637, -0.103151, -0.658568
-0.639204, 0.006064, -0.701468
-0.632047, 0.000106, -0.644228
-0.413652, -0.102434, -0.785785
-0.439381, -0.008179, -0.669669
-0.516192, 0.018146, -0.795618
-0.498719, 0.074656, -0.666721
-0.650696, -0.301089, -0.696279
-0.624025, -0.264386, -0.660889
-0.577907, -0.194977, -0.729525
-0.617329, -0.108053, -0.668885
-0.547433, -0.303171, -0.692676
-0.457258, -0.207588, -0.678670
-0.521021, -0.148322, -0.716297
-0.572680, -0.191553, -0.675193
-0.255470, -0.254703, -0.729009
-0.368046, -0.279964, -0.694915
-0.388471, -0.136413, -0.729727
-0.392751, -0.195734, -0.687647
-0.223115, -0.277526, -0.733186
-0.252505, -0.221176, -0.686214
-0.187597, -0.133319, -0.729294
-0.176018, -0.135174, -0.707639
-0.057650, -0.244907, -0.816997
-0.069093, -0.230108, -0.732935
0.011334, -0.188496, -0.752419
-0.081177, -0.097394, -0.713052
0.122811, -0.295552, -0.778450
0.135812, -0.264162, -0.734216
0.103897, -0.144301, -0.756372
0.180737, -0.143064, -0.718035
-0.101441, -0.388590, -0.776823
-0.097214, -0.391430, -0.719774
-0.025527, -0.369543, -0.837761
0.015708, -0.335423, -0.726736
0.090412, -0.430422, -0.784685
0.079154, -0.429054, -0.715733
0.078014, -0.381371, -0.769800
0.073241, -0.363206, -0.735997
-0.331549, -0.446519, -0.752463
-0.327245, -0.420668, -0.683619
-0.352906, -0.360207, -0.720211
-0.389305, -0.337036, -0.683036
-0.163467, -0.416578, -0.796174
-0.139164, -0.412069, -0.703110
-0.141560, -0.375776, -0.819063
-0.222528, -0.340892, -0.719452
-0.618501, -0.417668, -0.789184
-0.656234, -0.419983, -0.672872
-0.620863, -0.306901, -0.686171
-0.591617, -0.390883, -0.656773
-0.477153, -0.402548, -0.742913
-0.568489, -0.420424, -0.665086
-0.437770, -0.367225, -0.750830
-0.577469, -0.303811, -0.656237
-0.626629, -0.609530, -0.721248
-0.654127, -0.625808, -0.669511
-0.619841, -0.511508, -0.758098
-0.648050, -0.531869, -0.642233
-0.572104, -0.640402, -0.688597
-0.596388, -0.638372, -0.639559
-0.418449, -0.579426, -0.703093
-0.445494, -0.563941, -0.671810
-0.275912, -0.619719, -0.718097
-0.350073, -0.666008, -0.676450
-0.353599, -0.576100, -0.702370
-0.341080, -0.504479, -0.688627
-0.124576, -0.693094, -0.787739
-0.231834, -0.616670, -0.675958
-0.215238, -0.496519, -0.739195
-0.261150, -0.505527, -0.686826
-0.095780, -0.637678, -0.775919
-0.127103, -0.659479, -0.689476
-0.064172, -0.491556, -0.763942
-0.081580, -0.560196, -0.688424
0.115921, -0.628595, -0.775412
0.083096, -0.650728, -0.699795
0.103736, -0.554701, -0.786123
0.080481, -0.561100, -0.689644
0.002139, -0.782535, -0.837959
-0.053873, -0.793663, -0.721225
-0.055887, -0.748498, -0.745614
-0.077520, -0.709277, -0.708452
0.169055, -0.765794, -0.739954
0.075149, -0.792020, -0.711096
0.053471, -0.748328, -0.828525
0.138546, -0.744018, -0.689492
-0.283403, -0.790201, -0.789439
-0.343322, -0.809437, -0.681706
-0.398607, -0.694701, -0.735408
-0.304983, -0.726248, -0.676553
-0.159579, -0.778215, -0.724687
-0.223085, -0.825030, -0.671091
-0.158896, -0.761048, -0.771124
-0.222515, -0.740412, -0.678025
-0.643865, -0.845278, -0.731329
-0.660244, -0.889341, -0.684603
-0.626870, -0.707868, -0.694243
-0.635009, -0.765957, -0.674273
-0.418830, -0.800108, -0.817131
-0.566180, -0.793486, -0.686034
-0.437311, -0.781361, -0.748530
-0.455591, -0.729793, -0.684223
-0.000202, -0.031320, -0.573921
-0.039622, -0.058610, -0.454053
-0.106242, 0.082844, -0.547999
-0.080674, 0.057979, -0.475349
0.137830, 0.001005, -0.584107
0.095918, -0.088509, -0.477372
0.135418, 0.026112, -0.602710
0.117685, 0.009961, -0.503990
-0.401051, -0.059438, -0.463355
-0.377341, -0.002642, -0.447750
-0.381150, 0.069036, -0.455839
-0.356210, 0.074216, -0.410684
-0.214290, -0.084027, -0.560485
-0.286847, 0.000011, -0.429236
-0.200100, 0.055037, -0.524777
-0.203580, 0.102242, -0.434082
-0.636249, -0.001175, -0.439099
-0.756637, -0.040021, -0.358096
-0.705056, 0.001229, -0.448342
-0.652356, 0.007908, -0.375546
-0.502323, -0.094011, -0.502997
-0.552145, -0.082522, -0.384620
-0.598123, 0.038008, -0.484739
-0.597576, 0.079200, -0.376524
-0.678455, -0.276911, -0.488804
-0.652791, -0.244685, -0.416338
-0.711771, -0.162811, -0.436784
-0.689891, -0.202294, -0.387857
-0.481877, -0.233672, -0.492122
-0.514971, -0.258980, -0.411828
-0.504995, -0.181413, -0.509186
-0.529371, -0.155959, -0.424766
-0.458020, -0.260541, -0.500407
-0.451141, -0.230333, -0.404151
-0.310462, -0.166025, -0.491362
-0.355563, -0.179013, -0.421522
-0.164137, -0.261595, -0.555269
-0.182867, -0.259689, -0.452383
-0.213678, -0.179444, -0.549284
-0.273566, -0.141515, -0.450934
-0.050440, -0.270837, -0.556746
-0.162620, -0.292257, -0.490241
-0.102481, -0.163349, -0.537610
-0.110929, -0.176576, -0.474122
0.098345, -0.214595, -0.523997
0.021458, -0.272566, -0.457193
0.132798, -0.185488, -0.536168
0.119969, -0.150923, -0.487608
-0.018328, -0.477617, -0.539210
-0.043290, -0.447846, -0.489773
-0.077972, -0.356017, -0.504266
-0.098601, -0.346607, -0.494693
0.153322, -0.406940, -0.554863
0.023891, -0.487850, -0.471963
0.044196, -0.306365, -0.570379
-0.000766, -0.304685, -0.490042
-0.373071, -0.500905, -0.524334
-0.374385, -0.472759, -0.434856
-0.432991, -0.338779, -0.451216
-0.468683, -0.323977, -0.425405
-0.207193, -0.430428, -0.521993
-0.230267, -0.455913, -0.470791
-0.180872, -0.373597, -0.548787
-0.236154, -0.343505, -0.464617
-0.694267, -0.430986, -0.437021
-0.734233, -0.493529, -0.402515
-0.681751, -0.334788, -0.480794
-0.744699, -0.323468, -0.366751
-0.587032, -0.427804, -0.513021
-0.633895, -0.456224, -0.380652
-0.578504, -0.319967, -0.513706
-0.498373, -0.340729, -0.431559
-0.716506, -0.638116, -0.443951
-0.743487, -0.690495, -0.386682
-0.667732, -0.605346, -0.485236
-0.725779, -0.574033, -0.422271
-0.598470, -0.685941, -0.442665
-0.556657, -0.707148, -0.373374
-0.529156, -0.520919, -0.439438
-0.545588, -0.594107, -0.372835
-0.403511, -0.646740, -0.503940
-0.337442, -0.630902, -0.436268
-0.345066, -0.540311, -0.522411
-0.428886, -0.526802, -0.384863
-0.254633, -0.668332, -0.528619
-0.262918, -0.631329, -0.419290
-0.195356, -0.569866, -0.540338
-0.312831, -0.531041, -0.435701
-0.062298, -0.675677, -0.555210
-0.136606, -0.683377, -0.460180
-0.118446, -0.596222, -0.523391
-0.147634, -0.513387, -0.467289
0.149483, -0.696427, -0.560349
0.112086, -0.693473, -0.489090
0.129184, -0.523413, -0.571148
0.081203, -0.563085, -0.454373
-0.009373, -0.920007, -0.505140
-0.037574, -0.941992, -0.452014
-0.092553, -0.713184, -0.539126
-0.035073, -0.838084, -0.434765
0.039787, -0.924798, -0.509098
0.137208, -0.948769, -0.489380
0.153267, -0.779717, -0.513777
0.128269, -0.807246, -0.482002
-0.358591, -0.831219, -0.452857
-0.369977, -0.868278, -0.421190
-0.427526, -0.725586, -0.497927
-0.361871, -0.739345, -0.395543
-0.254780, -0.843913, -0.464296
-0.209114, -0.920311, -0.456534
-0.287858, -0.769702, -0.471457
-0.278247, -0.706373, -0.427418
-0.690151, -0.899862, -0.487945
-0.720418, -0.849412, -0.406362
-0.677601, -0.713130, -0.490179
-0.661029, -0.760534, -0.373326
-0.585755, -0.855679, -0.473090
-0.614803, -0.842060, -0.373451
-0.513044, -0.733241, -0.482341
-0.506867, -0.763348, -0.394011
-0.659723, -0.929542, -0.622012
-0.661402, -0.882554, -0.555196
-0.633114, -0.743355, -0.607064
-0.660841, -0.709308, -0.563097
-0.513473, -0.869649, -0.584722
-0.511697, -0.923306, -0.536000
-0.608875, -0.724900, -0.618325
-0.540151, -0.695788, -0.524992
-0.277408, -0.844984, -0.631649
-0.464281, -0.810899, -0.502878
-0.410239, -0.736515, -0.620193
-0.300708, -0.801115, -0.580847
-0.239032, -0.886816, -0.628940
-0.267077, -0.889630, -0.593439
-0.256616, -0.780860, -0.634179
-0.232946, -0.702011, -0.615590
-0.114342, -0.849342, -0.637917
-0.013163, -0.839943, -0.568730
-0.064302, -0.718071, -0.669773
-0.129168, -0.782540, -0.559208
0.173589, -0.764169, -0.686965
0.070054, -0.804523, -0.615644
0.138410, -0.716029, -0.674329
0.160536, -0.722259, -0.588270
-0.138486, -0.610761, -0.666580
-0.159746, -0.621053, -0.565782
-0.070731, -0.531681, -0.673174
-0.099124, -0.521761, -0.571101
0.133930, -0.683256, -0.649601
0.042587, -0.677287, -0.617613
0.131892, -0.577875, -0.681505
0.106366, -0.535174, -0.631487
-0.319343, -0.649045, -0.655717
-0.428374, -0.654878, -0.536343
-0.288633, -0.527920, -0.651568
-0.352025, -0.533676, -0.557956
-0.176341, -0.604024, -0.646148
-0.240549, -0.670541, -0.597750
-0.266791, -0.571468, -0.635961
-0.245591, -0.553720, -0.564214
-0.672049, -0.601690, -0.586202
-0.642684, -0.609882, -0.558460
-0.645985, -0.548697, -0.633806
-0.636869, -0.576740, -0.531923
-0.615404, -0.614653, -0.630062
-0.488501, -0.615310, -0.564456
-0.611658, -0.583016, -0.593171
-0.470447, -0.506263, -0.531182
-0.649881, -0.494015, -0.628172
-0.636222, -0.411675, -0.582185
-0.639379, -0.314038, -0.613598
-0.607690, -0.374736, -0.590689
-0.598262, -0.427375, -0.603346
-0.506045, -0.499655, -0.549136
-0.446458, -0.328101, -0.643601
-0.500197, -0.359593, -0.589817
-0.372870, -0.469346, -0.666619
-0.316371, -0.402912, -0.618948
-0.291132, -0.336437, -0.663728
-0.304670, -0.342606, -0.603565
-0.248272, -0.467545, -0.677679
-0.223660, -0.442708, -0.629125
-0.265771, -0.341634, -0.639922
-0.198583, -0.389647, -0.601381
-0.048025, -0.441115, -0.669852
-0.000050, -0.487095, -0.626682
-0.093293, -0.327921, -0.693410
-0.034520, -0.370917, -0.637384
0.083602, -0.436883, -0.663943
0.065545, -0.408213, -0.659345
0.039833, -0.304801, -0.680910
0.069027, -0.364996, -0.607696
-0.136853, -0.300196, -0.658474
-0.072821, -0.294165, -0.649343
-0.027171, -0.142358, -0.687202
-0.055923, -0.096241, -0.640138
0.113817, -0.225872, -0.700472
0.044236, -0.268499, -0.600937
0.055314, -0.137766, -0.704807
0.068780, -0.125434, -0.646141
-0.404661, -0.302360, -0.633500
-0.289082, -0.285018, -0.630424
-0.271465, -0.099342, -0.666305
-0.433938, -0.112016, -0.563338
-0.152084, -0.227087, -0.646700
-0.170498, -0.258960, -0.617320
-0.250528, -0.198571, -0.669956
-0.166711, -0.098067, -0.570970
-0.669305, -0.206378, -0.618342
-0.672907, -0.249320, -0.547828
-0.660072, -0.122076, -0.598151
-0.654383, -0.144509, -0.594746
-0.441724, -0.248133, -0.659372
-0.531507, -0.296345, -0.569102
-0.563824, -0.125480, -0.631456
-0.583293, -0.123145, -0.520603
-0.665359, -0.055777, -0.614544
-0.605451, -0.038185, -0.593700
-0.635132, 0.092755, -0.593290
-0.684340, 0.036176, -0.548648
-0.453712, -0.065033, -0.630548
-0.599568, -0.005517, -0.577558
-0.534591, 0.012025, -0.632724
-0.472153, 0.007993, -0.538650
-0.276508, -0.074086, -0.666868
-0.310916, -0.075909, -0.568559
-0.337534, 0.023058, -0.659306
-0.349486, 0.086743, -0.546044
-0.214337, -0.047362, -0.652261
-0.197417, -0.003653, -0.569752
-0.198887, 0.005877, -0.679589
-0.257380, 0.085875, -0.603694
-0.097881, -0.009704, -0.691652
-0.138047, -0.010759, -0.625182
-0.066557, 0.015762, -0.698279
-0.111806, 0.029207, -0.653025
0.147119, -0.012812, -0.701745
0.111151, -0.060365, -0.646746
0.112674, 0.046300, -0.693386
0.162844, 0.023773, -0.634354
0.351019, -0.004549, -0.721814
0.327404, -0.071002, -0.654916
0.336022, 0.080032, -0.701715
0.253106, 0.031083, -0.619096
0.510614, -0.005867, -0.725449
0.431592, 0.003480, -0.683340
0.399336, 0.011171, -0.698760
0.522939, 0.013098, -0.702082
0.713257, -0.018368, -0.741275
0.596060, -0.078769, -0.702263
0.556744, 0.009456, -0.706215
0.681779, 0.035012, -0.686707
0.893011, -0.053220, -0.754907
0.822445, 0.004238, -0.723626
0.803115, 0.041083, -0.740947
0.814040, 0.088603, -0.684685
0.970158, -0.026358, -0.762691
0.990508, -0.054343, -0.717378
1.088772, 0.057932, -0.776596
0.880774, 0.066481, -0.685786
1.215672, -0.083404, -0.782461
1.121673, -0.061909, -0.735496
1.130358, 0.071471, -0.774152
1.198669, 0.039461, -0.764735
1.578527, -0.068889, -0.899584
1.451302, -0.065035, -0.772193
1.552761, 0.012966, -0.861359
1.350167, 0.006338, -0.770487
1.742717, -0.019146, -0.836935
1.557634, -0.058397, -0.813931
1.821024, 0.050797, -0.847334
1.684197, 0.043024, -0.752488
1.856276, -0.033708, -0.857296
1.877575, -0.040761, -0.795063
2.027139, 0.007240, -0.833219
1.929676, 0.002454, -0.781036
2.071778, -0.078298, -0.809779
2.197026, -0.072990, -0.761749
2.084364, 0.018086, -0.807630
2.049005, 0.043976, -0.789172
2.454872, -0.013794, -0.870508
2.267391, -0.042365, -0.714368
2.358414, 0.070428, -0.826811
2.341160, 0.008848, -0.699567
2.522372, -0.024505, -0.878899
2.554048, -0.150661, -0.576130
2.610205, 0.059253, -0.983022
2.451308, 0.054656, -0.669303
2.384389, 0.083289, -0.765381
2.366060, 0.134682, -0.724879
2.333034, 0.231550, -0.783550
2.342040, 0.228228, -0.751461
2.508356, 0.208446, -0.923833
2.481508, 0.145683, -0.730411
2.517952, 0.274320, -0.944792
2.497414, 0.277154, -0.703385
2.004091, 0.086394, -0.821866
1.862455, 0.167718, -0.778749
1.936309, 0.288238, -0.815647
1.972145, 0.295548, -0.734691
2.271337, 0.147772, -0.784308
2.100134, 0.159509, -0.756878
2.220619, 0.283928, -0.772471
2.221665, 0.268950, -0.762757
1.420976, 0.164926, -0.811936
1.446935, 0.151389, -0.766039
1.520699, 0.222158, -0.812721
1.522161, 0.293450, -0.749020
1.683965, 0.111697, -0.794511
1.632691, 0.148043, -0.780744
1.764489, 0.246354, -0.817446
1.809899, 0.283327, -0.774861
1.433586, 0.332782, -0.816881
1.306100, 0.342698, -0.740195
1.441943, 0.380195, -0.794550
1.513982, 0.397398, -0.773947
1.798739, 0.311936, -0.802866
1.760234, 0.330023, -0.747609
1.684264, 0.435096, -0.777040
1.558615, 0.411278, -0.737429
1.952681, 0.370357, -0.791746
1.950554, 0.383454, -0.740934
1.929740, 0.425443, -0.775525
1.985418, 0.393715, -0.751866
2.132046, 0.320803, -0.780745
2.215716, 0.353274, -0.741982
2.132778, 0.460182, -0.771454
2.180128, 0.396180, -0.756256
2.446550, 0.381733, -0.792263
2.345914, 0.358648, -0.788839
2.351895, 0.444514, -0.836101
2.364298, 0.504904, -0.752696
2.537473, 0.402088, -0.862617
2.502769, 0.326553, -0.744383
2.509234, 0.488646, -0.998941
2.542231, 0.484856, -0.686045
2.480382, 0.628641, -0.800308
2.476135, 0.618072, -0.674892
2.449466, 0.736266, -0.736040
2.336105, 0.726316, -0.712230
2.589645, 0.552897, -0.809950
2.545493, 0.588360, -0.585696
2.585436, 0.712556, -0.708329
2.479122, 0.684508, -0.666478
1.937204, 0.569737, -0.764275
1.913130, 0.478112, -0.758704
1.877500, 0.701502, -0.759491
1.937082, 0.637351, -0.720912
2.101758, 0.477720, -0.759230
2.241916, 0.490298, -0.707350
2.245342, 0.743426, -0.769264
2.087949, 0.762491, -0.750675
1.376874, 0.541143, -0.730305
1.432703, 0.568916, -0.721381
1.352072, 0.584911, -0.730449
1.445768, 0.645568, -0.733649
1.677558, 0.585173, -0.744127
1.777638, 0.527184, -0.742742
1.825406, 0.695026, -0.758497
1.810254, 0.718381, -0.743472
1.531410, 0.736004, -0.793147
1.559808, 0.764698, -0.743216
1.540549, 0.731863, -0.810893
1.488002, 0.738266, -0.765109
1.635024, 0.761526, -0.784625
1.711834, 0.788503, -0.778175
1.726411, 0.780242, -0.791959
1.833897, 0.860851, -0.760121
2.032085, 0.816802, -0.776292
2.081196, 0.834414, -0.787268
2.071768, 0.827206, -0.788043
1.915416, 0.833152, -0.763406
2.314370, 0.824658, -0.763374
2.243732, 0.853947, -0.789683
2.168129, 0.851966, -0.798936
2.248008, 0.862917, -0.796865
2.336351, 0.827449, -0.760041
2.370252, 0.826255, -0.712533
2.539491, 0.809869, -0.618402
2.317297, 0.843419, -0.773022
2.615788, 0.708484, -0.682780
2.607466, 0.811623, -0.472555
2.675153, 0.875706, -0.428309
2.644990, 0.854058, -0.566469
2.393604, 0.847734, -0.684803
2.212354, 0.799130, -0.618794
2.348551, 0.887462, -0.725594
2.434988, 0.931440, -0.624519
2.604912, 0.862313, -0.388894
2.555643, 0.826828, -0.475501
2.680367, 0.930945, -0.276490
2.650010, 0.970284, -0.305283
1.854697, 0.829067, -0.753671
1.813146, 0.788918, -0.664992
1.971740, 0.874596, -0.707766
1.897883, 0.858620, -0.681153
2.219473, 0.842765, -0.741205
2.091634, 0.795974, -0.647608
2.173187, 0.899601, -0.769456
2.188229, 0.897332, -0.696519
1.506826, 0.774047, -0.663417
1.343008, 0.770441, -0.582854
1.536181, 0.790975, -0.716201
1.471284, 0.929220, -0.561150
1.817028, 0.837663, -0.754399
1.563738, 0.717130, -0.584471
1.676725, 0.854721, -0.683046
1.660133, 0.888157, -0.600590
2.885550, -0.340152, -1.075494
2.852200, -0.394735, -0.979544
2.808126, -0.244505, -0.824706
2.747399, -0.488185, -1.068775
2.842534, -0.254621, -0.924964
2.802150, -0.336923, -1.013577
2.794401, -0.198716, -0.899495
2.814657, -0.159414, -0.980249
0.504507, 0.724487, -0.603377
0.614446, 0.778576, -0.513177
0.565329, 0.773874, -0.584858
0.470715, 0.889813, -0.489935
0.683309, 0.690717, -0.575814
0.785327, 0.774183, -0.563898
0.855104, 0.828046, -0.651671
0.861388, 0.904718, -0.552048
2.372128, -0.319817, -0.993486
1.954359, -0.306532, -0.912019
2.144753, -0.200582, -1.012058
2.239630, -0.279965, -1.005278
2.574606, -0.529604, -1.032413
2.632497, -0.538974, -1.048439
2.542853, -0.487801, -1.010895
2.631772, -0.527650, -1.060479
0.191701, 0.734900, -0.543207
0.229881, 0.794312, -0.461559
0.244626, 0.804975, -0.535843
0.208504, 0.843627, -0.484283
0.319573, 0.699169, -0.561425
0.384285, 0.742237, -0.503051
0.427942, 0.795211, -0.559370
0.365294, 0.879439, -0.459542
1.600186, -0.444147, -1.032077
1.525783, -0.390847, -0.997253
1.700417, -0.338066, -1.032160
1.508865, -0.348137, -0.983425
1.730819, -0.383562, -1.029900
1.844184, -0.422207, -1.015640
2.007680, -0.312465, -1.048823
1.815737, -0.271662, -0.997128
-0.036581, 0.818398, -0.496472
-0.024825, 0.723555, -0.475922
-0.173696, 0.925662, -0.489459
-0.188982, 0.898323, -0.435167
0.122838, 0.707160, -0.527586
0.008511, 0.731201, -0.483625
0.087615, 0.815566, -0.517131
0.050969, 0.835886, -0.472945
0.963421, -0.367522, -1.012705
1.060447, -0.384792, -0.896469
1.056736, -0.276216, -1.035014
0.984535, -0.334548, -0.997110
1.266537, -0.454498, -0.985134
1.350302, -0.433968, -0.939439
1.316964, -0.331859, -0.986025
1.412966, -0.385877, -0.963564
-0.337554, 0.741899, -0.460284
-0.399718, 0.708059, -0.377458
-0.487174, 0.894085, -0.423841
-0.413344, 0.933623, -0.417511
-0.246442, 0.747343, -0.474089
-0.256645, 0.815897, -0.437205
-0.262696, 0.912717, -0.509527
-0.212199, 0.954370, -0.403072
0.728518, -0.381422, -1.027252
0.601214, -0.394563, -0.928604
0.732517, -0.298874, -1.039868
0.597206, -0.320090, -0.891689
0.921544, -0.347776, -1.023865
0.812416, -0.385595, -0.987372
0.929335, -0.333123, -1.046718
0.889712, -0.296234, -0.978671
-0.711593, 0.890154, -0.410745
-0.727097, 0.761068, -0.362554
-0.730302, 0.920506, -0.433904
-0.753489, 0.999428, -0.384154
-0.660887, 0.815212, -0.426696
-0.613534, 0.875582, -0.373613
-0.517050, 0.875882, -0.493796
-0.688351, 0.993470, -0.399331
0.641323, -0.578865, -1.003745
0.721430, -0.577451, -0.876679
0.629741, -0.428391, -1.010990
0.591404, -0.494673, -0.868644
0.865601, -0.707042, -0.987644
0.813206, -0.662724, -0.917116
0.925199, -0.364968, -1.028385
0.778154, -0.490634, -0.955966
-0.656145, 0.595463, -0.463435
-0.662530, 0.587940, -0.350261
-0.734518, 0.648692, -0.393168
-0.714896, 0.713709, -0.355008
-0.615395, 0.525944, -0.427552
-0.647701, 0.577748, -0.365293
-0.619571, 0.634285, -0.471380
-0.647850, 0.686659, -0.342152
1.187371, -0.754372, -0.985577
0.997079, -0.635868, -0.931470
1.053480, -0.464124, -0.986322
0.965939, -0.468160, -0.898499
1.590638, -0.662746, -1.020939
1.377486, -0.639665, -0.999443
1.296880, -0.475308, -0.971421
1.342437, -0.540512, -0.986517
-0.317018, 0.586976, -0.497965
-0.492204, 0.582116, -0.357743
-0.313824, 0.703331, -0.498330
-0.324568, 0.617122, -0.438391
-0.225450, 0.577354, -0.535468
-0.223505, 0.565717, -0.411623
-0.254476, 0.678828, -0.461682
-0.216579, 0.675067, -0.429416
1.753147, -0.585526, -1.039586
1.626270, -0.597104, -1.039351
1.704242, -0.513272, -1.032019
1.523044, -0.520926, -1.027044
2.018626, -0.567832, -1.030608
1.840049, -0.677529, -1.002577
1.984652, -0.436730, -1.051410
1.816754, -0.448615, -0.976792
-0.109038, 0.535450, -0.492349
-0.083353, 0.537516, -0.446295
-0.155950, 0.685566, -0.468477
-0.073676, 0.639542, -0.453363
-0.000899, 0.553110, -0.514124
0.062608, 0.562948, -0.452088
0.019373, 0.609882, -0.522384
0.073298, 0.687330, -0.476632
1.993544, -0.689492, -0.984300
2.063323, -0.752509, -0.908262
2.100389, -0.393342, -0.980959
2.124943, -0.420528, -0.884705
2.640274, -0.599869, -1.021687
2.375684, -0.670343, -0.991322
2.642228, -0.580105, -0.994852
2.546791, -0.618894, -1.089497
0.218268, 0.576213, -0.534740
0.174299, 0.585328, -0.494440
0.313557, 0.634660, -0.563354
0.238907, 0.661951, -0.509364
0.426748, 0.559739, -0.609256
0.323861, 0.563564, -0.483516
0.348415, 0.631118, -0.570027
0.398909, 0.597179, -0.520294
2.832702, -0.518162, -1.057242
2.702925, -0.687178, -1.042725
2.800000, -0.298849, -1.000000
2.816048, -0.487334, -0.995018
2.763719, -0.516776, -1.072444
2.806460, -0.440103, -0.994117
2.737772, -0.337310, -0.850503
2.542875, -0.765457, -1.011560
0.622037, 0.497485, -0.584176
0.533157, 0.505015, -0.511429
0.495811, 0.605149, -0.605059
0.593310, 0.612165, -0.524630
0.742735, 0.493804, -0.616200
0.774959, 0.509930, -0.553596
0.773144, 0.686021, -0.580307
0.759897, 0.659620, -0.573470
1.418880, 0.523921, -0.689240
1.260320, 0.552839, -0.622582
1.397769, 0.678441, -0.663334
1.256412, 0.670556, -0.587765
1.532621, 0.556831, -0.664775
1.550341, 0.554277, -0.632837
1.697953, 0.608564, -0.679965
1.638153, 0.635879, -0.577350
1.942002, 0.554325, -0.688274
1.922197, 0.473463, -0.630089
1.939606, 0.621201, -0.679341
1.863464, 0.657018, -0.583659
2.236157, 0.509370, -0.665015
2.064662, 0.497199, -0.586299
2.087284, 0.800600, -0.753977
2.182560, 0.750099, -0.598760
2.450282, 0.580550, -0.584210
2.400893, 0.535172, -0.494773
2.395171, 0.746880, -0.657925
2.412815, 0.773734, -0.606867
2.662021, 0.625837, -0.199852
2.598026, 0.636761, -0.317130
2.566568, 0.678551, -0.422350
2.608701, 0.710702, -0.322865
2.370826, 0.317242, -0.584254
2.175303, 0.335354, -0.609344
2.408887, 0.507786, -0.646422
2.341212, 0.476260, -0.534394
2.553726, 0.356162, -0.476648
2.520199, 0.369632, -0.341746
2.585484, 0.502188, -0.535942
2.563121, 0.497757, -0.322368
1.896924, 0.337402, -0.724456
1.831775, 0.312002, -0.660678
1.769233, 0.446523, -0.676262
1.869105, 0.466896, -0.642449
2.108644, 0.348306, -0.717069
2.130565, 0.324964, -0.632543
2.010271, 0.429250, -0.696490
1.947045, 0.466989, -0.594487
1.430202, 0.365221, -0.682125
1.424571, 0.383233, -0.635459
1.454077, 0.446565, -0.695809
1.302045, 0.411869, -0.620441
1.505441, 0.344616, -0.682734
1.615764, 0.307845, -0.631712
1.567662, 0.405862, -0.719820
1.498562, 0.462451, -0.643767
2.800000, -0.241432, -1.000000
2.698560, -0.531154, -1.050403
2.800000, -0.455095, -1.000000
2.743479, -0.721116, -1.018127
2.862112, -0.000185, -1.085108
2.575513, -0.699052, -0.974598
2.871504, 0.130306, -0.659842
2.669602, -0.201762, -0.798456
0.642249, 0.394910, -0.605988
0.565134, 0.373346, -0.533865
0.622781, 0.445739, -0.584329
0.524346, 0.438314, -0.566732
0.682295, 0.345841, -0.623882
0.801720, 0.370203, -0.591488
0.686121, 0.473599, -0.621119
0.726664, 0.404746, -0.568110
2.259500, -0.637363, -1.006461
2.088292, -0.713426, -0.919758
2.191837, -0.760884, -0.921412
2.200337, -0.742168, -0.907350
2.482755, -0.683225, -0.938082
2.417913, -0.717341, -0.885023
2.677920, -0.755397, -0.974470
2.388491, -0.784851, -0.892921
0.186388, 0.376925, -0.579823
0.246137, 0.331477, -0.492554
0.305380, 0.487763, -0.595814
0.214830, 0.430276, -0.514585
0.400817, 0.335931, -0.566293
0.342339, 0.351481, -0.496042
0.336164, 0.409669, -0.588128
0.390700, 0.474019, -0.547199
2.130654, -0.436347, -1.096532
1.496588, -0.646858, -0.982623
1.930567, -0.580103, -1.064884
1.466033, -0.742013, -0.969236
2.357536, -0.409510, -1.009979
1.711540, -0.645201, -0.916142
2.091833, -0.684623, -1.050530
1.857423, -0.579828, -1.063074
-0.086183, 0.342908, -0.512258
-0.117292, 0.345192, -0.456918
-0.127573, 0.478580, -0.490947
-0.071057, 0.506126, -0.463825
0.094144, 0.347561, -0.589346
0.102850, 0.333674, -0.495368
0.137514, 0.497632, -0.516138
0.135911, 0.471389, -0.490420
1.352186, -0.688687, -1.040067
1.236556, -0.702318, -1.021172
1.200050, -0.714177, -1.014141
1.138025, -0.752380, -0.956217
1.657314, -0.737381, -1.044673
1.389617, -0.694141, -0.977991
1.465932, -0.776502, -1.021494
1.248323, -0.783987, -0.958625
-0.339208, 0.306946, -0.488661
-0.419998, 0.388405, -0.431865
-0.321568, 0.473722, -0.506559
-0.343384, 0.476225, -0.433957
-0.268701, 0.379075, -0.507188
-0.221958, 0.405287, -0.443399
-0.180806, 0.405043, -0.553619
-0.240568, 0.452565, -0.445099
0.798352, -0.603940, -1.032477
0.749820, -0.688707, -0.927510
0.762864, -0.626525, -1.041016
0.605775, -0.692478, -0.932487
1.182236, -0.649851, -1.044170
0.895827, -0.665818, -0.953973
1.009007, -0.695512, -1.019567
0.942315, -0.699091, -0.924995
-0.650846, 0.395777, -0.495618
-0.678809, 0.418851, -0.407362
-0.702386, 0.484433, -0.430403
-0.752494, 0.515398, -0.346670
-0.498706, 0.345110, -0.480841
-0.517019, 0.401966, -0.393941
-0.628632, 0.465976, -0.447865
-0.558614, 0.449384, -0.398970
1.446533, 0.196926, -0.725309
1.375994, 0.115301, -0.631856
1.515366, 0.242934, -0.739834
1.400792, 0.286594, -0.648456
1.582445, 0.184643, -0.716725
1.502228, 0.182092, -0.659057
1.634111, 0.252187, -0.702501
1.663627, 0.274757, -0.634331
1.955807, 0.133559, -0.702616
1.863156, 0.133828, -0.645238
1.900731, 0.290204, -0.704978
1.907388, 0.254370, -0.642191
2.209871, 0.133658, -0.660205
2.136045, 0.184339, -0.583620
2.027872, 0.280164, -0.661541
1.980551, 0.218744, -0.598667
2.345205, 0.145478, -0.616139
2.311697, 0.093268, -0.575248
2.214745, 0.224126, -0.659050
2.439886, 0.248016, -0.505579
2.532100, 0.111640, -0.422570
2.507336, 0.141259, -0.413832
2.534117, 0.328697, -0.627249
2.499242, 0.186402, -0.417274
2.422301, -0.043233, -0.595747
2.220183, -0.041015, -0.602874
2.288792, 0.013848, -0.667413
2.325281, 0.022721, -0.544954
2.482213, -0.070921, -0.488023
2.545914, -0.044323, -0.412694
2.515941, 0.065690, -0.549187
2.499418, 0.014184, -0.453618
1.816995, -0.028826, -0.716944
1.739223, -0.025902, -0.633056
1.778303, 0.052642, -0.715612
1.788972, 0.066984, -0.661525
2.163266, -0.064959, -0.698973
1.932306, -0.014852, -0.633156
2.024211, 0.080633, -0.715235
2.084261, 0.033662, -0.606138
1.301583, -0.012712, -0.706925
1.372434, -0.022084, -0.658730
1.447607, 0.076447, -0.690117
1.282827, -0.001278, -0.663060
1.724006, -0.062328, -0.698346
1.542098, -0.039623, -0.634397
1.678319, 0.052732, -0.708466
1.492061, 0.025778, -0.637317
1.038099, -0.091086, -0.649144
0.981759, -0.069160, -0.592427
0.979744, 0.089877, -0.663270
0.960739, 0.009716, -0.606073
1.182673, -0.039000, -0.715725
1.179273, -0.022278, -0.630466
1.160321, 0.082525, -0.690201
1.150875, 0.070621, -0.621103
0.645490, -0.006900, -0.636701
0.616058, -0.070161, -0.575729
0.497758, 0.053068, -0.607349
0.575133, 0.067176, -0.576016
0.726628, -0.045994, -0.628439
0.836125, -0.046920, -0.610775
0.731111, 0.083598, -0.642812
0.786293, 0.017279, -0.561035
0.206244, -0.072868, -0.547765
0.227897, -0.023778, -0.513899
0.164898, 0.073783, -0.551865
0.237396, 0.096580, -0.485532
0.402804, -0.063337, -0.607911
0.391506, -0.000177, -0.526567
0.333306, 0.074533, -0.585783
0.446413, 0.038156, -0.531287
0.140254, -0.086283, -0.446445
0.185748, -0.010947, -0.367694
0.160235, 0.074412, -0.462724
0.169989, 0.068310, -0.374899
0.395250, -0.049096, -0.460904
0.306448, -0.085059, -0.433646
0.339079, 0.009989, -0.492914
0.339500, 0.096124, -0.389313
-0.057153, -0.083257, -0.439878
-0.216727, -0.057335, -0.320599
-0.176676, 0.041604, -0.414534
-0.087203, 0.069626, -0.342174
-0.003100, -0.073755, -0.439809
-0.007380, -0.018262, -0.340263
-0.020882, 0.014412, -0.440853
0.026001, 0.072067, -0.399334
-0.400728, -0.004195, -0.349825
-0.495842, -0.006243, -0.321299
-0.364480, 0.056378, -0.397220
-0.527850, 0.016036, -0.271409
-0.240134, -0.023675, -0.421750
-0.255091, 0.000643, -0.322315
-0.248802, 0.054259, -0.396724
-0.256446, 0.072286, -0.313798
-0.782310, -0.006138, -0.328413
-0.787070, -0.035529, -0.305974
-0.673717, 0.095440, -0.334306
-0.790210, 0.050431, -0.299973
-0.541823, 0.002668, -0.331847
-0.628545, -0.055409, -0.299910
-0.615390, 0.047533, -0.334702
-0.669620, 0.024918, -0.308422
-0.761475, -0.207891, -0.345495
-0.757332, -0.228597, -0.253600
-0.763482, -0.126650, -0.352200
-0.728253, -0.181815, -0.253754
-0.508274, -0.253116, -0.370155
-0.582862, -0.252749, -0.312225
-0.600938, -0.150257, -0.346425
-0.527020, -0.171092, -0.312826
-0.373299, -0.233196, -0.351514
-0.382629, -0.238121, -0.331825
-0.403601, -0.132202, -0.359410
-0.360165, -0.163971, -0.325487
-0.200882, -0.287849, -0.397763
-0.335013, -0.206332, -0.350943
-0.269438, -0.123809, -0.402298
-0.322558, -0.159561, -0.357607
-0.180062, -0.270594, -0.431253
-0.178626, -0.232299, -0.353273
-0.174194, -0.135959, -0.407379
-0.189325, -0.165702, -0.380120
0.098376, -0.238471, -0.452326
0.034961, -0.219153, -0.385078
0.080963, -0.119396, -0.442942
-0.004653, -0.144429, -0.359094
-0.125689, -0.456741, -0.430746
-0.188717, -0.434538, -0.355053
-0.159713, -0.406402, -0.432516
-0.193023, -0.352253, -0.311440
-0.012726, -0.489540, -0.409573
-0.007612, -0.502288, -0.351991
-0.010358, -0.311107, -0.438975
0.009738, -0.352477, -0.403896
-0.491853, -0.459419, -0.359815
-0.368803, -0.452753, -0.329810
-0.363891, -0.382292, -0.381158
-0.385493, -0.368535, -0.286519
-0.332092, -0.413993, -0.393302
-0.266646, -0.480380, -0.346261
-0.307520, -0.329618, -0.404272
-0.272481, -0.324229, -0.321653
-0.781839, -0.512747, -0.331104
-0.736780, -0.420366, -0.258238
-0.735196, -0.330699, -0.331300
-0.742114, -0.339508, -0.238541
-0.635840, -0.486729, -0.322334
-0.549601, -0.456943, -0.250378
-0.538120, -0.317593, -0.367484
-0.611904, -0.318501, -0.260673
-0.671026, -0.671860, -0.367824
-0.815825, -0.633765, -0.280656
-0.721929, -0.530011, -0.330808
-0.835680, -0.559255, -0.263457
-0.640788, -0.685248, -0.351646
-0.567592, -0.685314, -0.232500
-0.556293, -0.598159, -0.309846
-0.549744, -0.590085, -0.240200
-0.441801, -0.613277, -0.351981
-0.522786, -0.712288, -0.263543
-0.392996, -0.573501, -0.336533
-0.373637, -0.605864, -0.283732
-0.207934, -0.674103, -0.371892
-0.354915, -0.647153, -0.298237
-0.254676, -0.570057, -0.393718
-0.259305, -0.600819, -0.304640
-0.185457, -0.696994, -0.400138
-0.215058, -0.666607, -0.286910
-0.082757, -0.543161, -0.424555
-0.119030, -0.542422, -0.301682
-0.010164, -0.625916, -0.417297
0.030289, -0.681908, -0.319602
0.026584, -0.534387, -0.433236
-0.011796, -0.560668, -0.347914
-0.123643, -0.891485, -0.402626
-0.215676, -0.898190, -0.297274
-0.123022, -0.705762, -0.375728
-0.131792, -0.821396, -0.314018
0.127840, -0.975837, -0.466336
-0.055548, -0.960810, -0.341174
0.005420, -0.784827, -0.433429
0.010047, -0.808000, -0.316434
-0.422686, -0.814941, -0.358085
-0.496673, -0.905771, -0.277864
-0.359138, -0.744252, -0.343700
-0.408762, -0.730974, -0.310284
-0.239313, -0.908663, -0.372159
-0.231213, -0.931720, -0.310217
-0.297191, -0.752767, -0.375753
-0.240079, -0.836858, -0.306340
-0.673263, -0.888674, -0.361416
-0.692217, -0.950343, -0.222732
-0.732358, -0.739518, -0.335404
-0.755420, -0.800947, -0.288381
-0.622111, -0.851565, -0.322234
-0.625415, -0.901388, -0.308799
-0.588829, -0.716703, -0.343466
-0.621728, -0.793561, -0.251655
1.563909, 0.949073, -0.310596
1.307223, 0.995499, -0.315839
1.549827, 1.043197, -0.405161
1.232814, 0.977686, -0.350742
1.732540, 1.026546, -0.408731
1.344057, 0.910668, -0.446376
1.729760, 0.987543, -0.478802
1.400654, 0.997754, -0.546103
1.006975, 0.802164, -0.077936
0.974397, 0.851645, -0.184024
1.255606, 1.028496, -0.188469
1.127444, 1.039788, -0.344290
1.457745, 0.954814, -0.253509
1.085512, 0.998934, -0.261334
1.375338, 1.030935, -0.224336
1.119896, 1.014205, -0.237883
0.818409, 0.893348, -0.070049
0.812789, 0.964932, -0.107285
0.806210, 1.054300, -0.012389
0.861518, 1.009064, -0.182607
0.929804, 0.815373, -0.031863
0.878868, 0.927365, -0.157930
0.916323, 1.054560, -0.031558
0.919922, 1.026620, -0.179141
0.817959, 0.632910, 0.000779
0.696893, 0.633279, -0.109721
0.818500, 0.744784, 0.011816
0.767664, 0.747838, -0.116745
1.040340, 0.611637, -0.044328
0.812336, 0.650881, -0.131615
0.979992, 0.667869, -0.022747
0.934876, 0.682866, -0.119915
1.035641, 0.623711, -0.092893
1.048321, 0.594049, -0.145556
1.214905, 0.642756, -0.135284
0.970989, 0.704751, -0.122690
1.308904, 0.604772, -0.168673
1.051289, 0.654514, -0.244690
1.383489, 0.682059, -0.216842
1.049157, 0.717383, -0.241082
1.531821, 0.638337, -0.277026
1.102507, 0.569005, -0.297744
1.538825, 0.761450, -0.290119
1.070059, 0.782291, -0.291077
1.594987, 0.694658, -0.400711
1.343291, 0.568648, -0.438738
1.742464, 0.812981, -0.481550
1.211273, 0.808652, -0.347194
1.423495, 0.400832, -0.242699
1.127758, 0.388255, -0.264239
1.379336, 0.440720, -0.229950
1.425960, 0.531074, -0.322605
1.754121, 0.297104, -0.416644
1.328638, 0.320197, -0.384731
1.844530, 0.435696, -0.423658
1.481377, 0.474348, -0.454520
1.241443, 0.381902, -0.106901
1.108599, 0.444359, -0.252297
1.176938, 0.424495, -0.123543
1.056010, 0.566633, -0.222306
1.301713, 0.295778, -0.131658
1.093886, 0.369776, -0.244701
1.321310, 0.463986, -0.155551
1.109919, 0.557275, -0.258414
0.812888, 0.412352, -0.006258
0.805017, 0.353486, -0.129753
0.845003, 0.493477, -0.065715
0.797602, 0.574389, -0.132483
1.007624, 0.384737, -0.053643
0.893550, 0.354267, -0.182690
0.946862, 0.472413, -0.032999
0.957860, 0.566180, -0.172280
0.879589, 0.193709, -0.029363
0.818085, 0.200273, -0.143995
0.832206, 0.213736, -0.019703
0.788647, 0.226835, -0.160891
0.956511, 0.145473, -0.036876
0.983401, 0.208509, -0.210875
1.166618, 0.281265, -0.083652
0.962361, 0.246258, -0.212112
1.204813, 0.159158, -0.142482
1.054105, 0.195776, -0.230683
1.246333, 0.218530, -0.094707
1.132668, 0.279346, -0.209874
1.348173, 0.178670, -0.181683
1.078690, 0.170953, -0.233032
1.286996, 0.237918, -0.133396
1.138089, 0.258596, -0.233341
1.583712, 0.155045, -0.249186
1.191253, 0.204110, -0.288417
1.472186, 0.214047, -0.287299
1.410516, 0.218405, -0.355229
1.734366, 0.166682, -0.340331
1.531128, 0.178735, -0.347268
1.639392, 0.216017, -0.430948
1.248560, 0.308433, -0.331273
1.499135, -0.077549, -0.237624
1.155600, -0.158783, -0.299589
1.337459, 0.073105, -0.218972
1.207994, 0.136455, -0.294661
1.686602, -0.021661, -0.454982
1.347470, -0.073295, -0.406983
1.820972, 0.106233, -0.382986
1.348908, 0.031476, -0.408954
1.280089, -0.013142, -0.115552
1.128255, -0.078933, -0.158001
1.159157, 0.136652, -0.109110
1.040602, 0.143911, -0.228415
1.387398, -0.025042, -0.163675
1.181923, 0.008293, -0.184394
1.282729, 0.103650, -0.113593
1.040042, 0.010901, -0.237423
0.874434, -0.070966, -0.035093
0.787340, -0.070778, -0.118199
0.840285, 0.046983, -0.008174
0.792144, 0.077318, -0.132513
0.905053, -0.088568, -0.009195
0.854920, -0.126376, -0.117060
1.055139, 0.071203, -0.051566
1.019806, 0.108649, -0.147831
0.553157, -0.080229, 0.045684
0.482097, -0.020542, -0.107949
0.553204, 0.006837, 0.057355
0.469194, 0.091811, -0.085678
0.670065, -0.085550, 0.052808
0.570756, -0.020823, -0.128476
0.729090, 0.110311, 0.023763
0.570826, 0.040850, -0.123578
0.294532, -0.050173, 0.108957
0.306008, -0.007548, -0.028954
0.320369, 0.038335, 0.109314
0.261365, 0.122843, -0.018791
0.310422, 0.008612, -0.003714
0.389597, -0.055878, -0.054623
0.402134, 0.056392, 0.085662
0.372526, 0.122491, -0.052139
-0.070490, -0.016894, 0.063717
0.031539, 0.007141, -0.015633
0.010505, 0.031187, 0.134410
0.032994, 0.094371, -0.004622
0.124088, -0.031541, 0.118334
0.166103, -0.072396, -0.033243
0.205580, 0.112224, 0.123109
0.142666, 0.122774, -0.024184
-0.300372, 0.003917, 0.125892
-0.385760, -0.007906, 0.013729
-0.210165, 0.075261, 0.129789
-0.283433, 0.030191, -0.004161
-0.102377, -0.075852, 0.128899
-0.128394, -0.050238, -0.001435
-0.174549, 0.096654, 0.107923
-0.204346, 0.083480, -0.012928
-0.566273, -0.004551, 0.050734
-0.590118, -0.007368, 0.020492
-0.588932, 0.103794, 0.052012
-0.576564, 0.047947, 0.053660
-0.514071, -0.030822, 0.039859
-0.383342, -0.057841, 0.029548
-0.496437, 0.053301, 0.153756
-0.459039, 0.080747, 0.003701
-0.892749, -0.058377, 0.039291
-1.018944, 0.003343, -0.065898
-0.967975, 0.035290, 0.114278
-1.013999, 0.102621, -0.073383
-0.814512, -0.059053, 0.071007
-0.630950, -0.027241, 0.027730
-0.642602, 0.103625, 0.146062
-0.720190, 0.129746, 0.032336
-0.945324, -0.193408, 0.024344
-0.972786, -0.284857, -0.022426
-0.942660, -0.154414, 0.027222
-0.981940, -0.184343, -0.035098
-0.729892, -0.203743, 0.057332
-0.628666, -0.310453, 0.008726
-0.748162, -0.092054, 0.100598
-0.626694, -0.156997, 0.043914
-0.628941, -0.266154, 0.111853
-0.535975, -0.281848, 0.020489
-0.589976, -0.192432, 0.147005
-0.525841, -0.096164, 0.009633
-0.505838, -0.301608, 0.073382
-0.451357, -0.219637, 0.001498
-0.476364, -0.196668, 0.152091
-0.466122, -0.117577, -0.006169
-0.333855, -0.244997, 0.115414
-0.281673, -0.274825, -0.015713
-0.243733, -0.193068, 0.134531
-0.335588, -0.105898, -0.012831
-0.132823, -0.276749, 0.017412
-0.089967, -0.224196, -0.029303
-0.205172, -0.105081, 0.118769
-0.124181, -0.108359, -0.010716
-0.056674, -0.277822, 0.119050
-0.026717, -0.279072, -0.019927
0.051970, -0.105429, 0.111518
-0.034744, -0.177856, -0.048026
0.093897, -0.299127, 0.085364
0.172058, -0.275773, -0.042087
0.255785, -0.200700, 0.099665
0.085891, -0.094611, -0.038418
0.302574, -0.300829, 0.069907
0.248103, -0.234296, -0.040487
0.284360, -0.176974, 0.043369
0.249834, -0.134006, -0.034718
0.385787, -0.219223, 0.094706
0.534730, -0.280606, -0.050166
0.506991, -0.182755, 0.078937
0.440725, -0.109499, -0.078667
0.679579, -0.287210, 0.043383
0.672815, -0.233121, -0.083156
0.598117, -0.207246, 0.006892
0.542015, -0.141952, -0.102423
0.696637, -0.246147, 0.063766
0.715086, -0.273363, -0.074626
0.723141, -0.191379, -0.004296
0.631708, -0.171502, -0.094013
0.776073, -0.236125, -0.016021
0.794844, -0.256669, -0.097626
0.825698, -0.156773, 0.022663
0.788473, -0.222569, -0.054026
0.894479, -0.289362, 0.015698
0.853118, -0.251492, -0.128302
1.005372, -0.200613, -0.015884
0.828988, -0.235391, -0.109616
1.146352, -0.282158, -0.122579
0.920525, -0.258175, -0.160585
1.219941, -0.169538, -0.105793
1.068783, -0.134958, -0.131803
1.363959, -0.287753, -0.156355
1.032318, -0.231094, -0.208585
1.358238, -0.149868, -0.160627
1.119571, -0.172468, -0.172358
1.671215, -0.260699, -0.370559
1.178341, -0.276857, -0.332301
1.646300, -0.109922, -0.297343
1.369698, -0.168261, -0.346185
1.747268, -0.271707, -0.421623
1.306221, -0.224138, -0.389164
1.770350, -0.122313, -0.389426
1.307016, -0.193710, -0.386551
1.467889, -0.459798, -0.346133
1.074502, -0.561015, -0.307472
1.557119, -0.427835, -0.293219
1.228228, -0.374437, -0.221082
1.614518, -0.508777, -0.458776
1.508293, -0.527131, -0.465848
1.735233, -0.294511, -0.384518
1.542751, -0.293901, -0.450860
1.316400, -0.576221, -0.145431
0.984724, -0.468744, -0.211548
1.206161, -0.449806, -0.119974
0.962182, -0.338672, -0.195000
1.354059, -0.467808, -0.162637
1.070663, -0.534554, -0.257297
1.194035, -0.332483, -0.149400
1.029224, -0.430268, -0.245232
0.829623, -0.453079, -0.024733
0.808349, -0.471059, -0.109402
0.856987, -0.409783, 0.014760
0.817293, -0.288954, -0.106193
0.918610, -0.449023, 0.003100
0.827190, -0.424120, -0.092132
1.113177, -0.441708, -0.087254
0.834988, -0.300920, -0.114427
0.496163, -0.490089, 0.082732
0.639761, -0.509546, -0.046870
0.626409, -0.317024, 0.072510
0.707805, -0.338078, -0.040483
0.708722, -0.492938, 0.055489
0.739364, -0.468042, -0.065233
0.754289, -0.381934, -0.026161
0.754255, -0.323465, -0.083097
0.322376, -0.501933, 0.003302
0.307383, -0.464934, -0.013038
0.303131, -0.326568, 0.029395
0.335464, -0.421621, -0.005877
0.447552, -0.549648, 0.075583
0.411798, -0.450409, -0.033601
0.489257, -0.387360, 0.082352
0.319935, -0.291468, -0.046118
0.057857, -0.563693, -0.004700
-0.020880, -0.551016, -0.022050
0.003158, -0.421816, 0.105557
-0.054728, -0.340972, -0.020976
0.142954, -0.584379, 0.064896
0.137913, -0.567730, -0.022949
0.249366, -0.413200, 0.105034
0.183461, -0.430836, -0.036617
-0.344681, -0.544826, 0.108696
-0.347572, -0.567899, -0.016738
-0.363871, -0.343702, 0.029945
-0.334870, -0.410546, 0.027118
-0.085897, -0.569287, 0.019617
-0.103628, -0.545314, 0.005178
-0.158127, -0.431281, 0.111706
-0.091930, -0.302684, -0.018223
-0.582596, -0.549363, 0.087944
-0.597927, -0.486828, 0.047611
-0.609252, -0.319743, 0.160733
-0.534784, -0.325220, 0.015880
-0.492687, -0.521843, 0.073346
-0.515076, -0.459582, 0.047795
-0.459013, -0.327755, 0.123926
-0.520870, -0.430459, 0.047670
-0.856590, -0.495143, 0.139178
-1.010337, -0.534902, -0.058660
-0.976081, -0.401556, 0.075048
-0.999243, -0.403127, -0.055595
-0.638302, -0.541519, 0.116676
-0.631994, -0.524844, 0.012632
-0.646689, -0.357007, 0.055506
-0.740456, -0.310813, 0.007647
-0.970298, -0.662904, 0.079741
-1.022125, -0.726835, -0.045397
-0.870868, -0.630373, 0.072783
-0.937006, -0.631586, 0.027216
-0.668836, -0.632498, 0.067754
-0.710683, -0.652051, 0.016930
-0.636349, -0.614990, 0.073445
-0.676909, -0.583478, 0.022019
-0.583136, -0.612840, 0.096292
-0.512211, -0.658440, 0.006969
-0.504549, -0.603492, 0.155664
-0.611690, -0.573196, 0.031453
-0.446219, -0.679350, 0.155493
-0.352944, -0.701634, -0.005056
-0.471712, -0.563950, 0.096772
-0.496689, -0.604523, 0.005775
-0.227655, -0.667813, 0.132155
-0.202742, -0.714921, -0.011622
-0.262826, -0.586563, 0.116896
-0.314461, -0.588988, 0.012509
-0.195866, -0.635773, 0.120006
-0.077684, -0.668189, 0.005048
-0.100896, -0.612682, 0.141199
-0.134856, -0.596411, -0.023121
-0.050084, -0.638873, 0.138952
0.013725, -0.676378, -0.032272
-0.010576, -0.621425, 0.097333
0.020102, -0.601482, -0.013533
0.122470, -0.677402, 0.118632
0.130719, -0.707973, -0.009140
0.145186, -0.623323, 0.087864
0.169766, -0.574488, -0.031995
0.313280, -0.691221, -0.010939
0.304622, -0.756177, -0.060418
0.286766, -0.571730, 0.088720
0.203217, -0.642068, -0.034830
0.506763, -0.706200, 0.069745
0.320894, -0.743839, -0.057457
0.470887, -0.622435, 0.080995
0.443775, -0.615580, -0.029860
0.585372, -0.678084, -0.033335
0.585132, -0.732190, -0.110271
0.542295, -0.605098, 0.067741
0.702052, -0.579143, -0.062859
0.659773, -0.655490, -0.039959
0.746702, -0.633684, -0.130206
0.733067, -0.572209, 0.041361
0.737238, -0.610109, -0.117411
0.857493, -0.660390, -0.011611
0.818867, -0.652930, -0.170969
0.805954, -0.570974, 0.028868
0.761707, -0.549393, -0.059176
1.074093, -0.730965, -0.080485
0.881906, -0.654089, -0.162613
0.963958, -0.582755, -0.121572
0.926816, -0.550065, -0.179432
1.337625, -0.693555, -0.174939
1.096642, -0.653523, -0.271303
1.197090, -0.591751, -0.112976
1.002758, -0.553853, -0.220481
1.383532, -0.707716, -0.212522
1.095178, -0.672502, -0.272798
1.398204, -0.616025, -0.199588
1.220531, -0.636529, -0.235927
1.622227, -0.664456, -0.350239
1.362069, -0.755944, -0.390466
1.476282, -0.620812, -0.268777
1.335549, -0.667607, -0.282916
1.833179, -0.717849, -0.420924
1.451858, -0.707715, -0.447108
1.815025, -0.644456, -0.457262
1.579062, -0.649073, -0.460856
1.492163, -1.037366, -0.366388
1.168944, -0.983733, -0.340669
1.459193, -0.777293, -0.372381
1.057956, -0.785439, -0.257564
1.590329, -1.030621, -0.506287
1.306313, -1.014159, -0.561575
1.815951, -0.845400, -0.391477
1.316315, -0.894308, -0.439547
1.243241, -0.995443, -0.209225
0.980892, -0.972122, -0.243288
1.230784, -0.900997, -0.141349
1.105142, -0.897813, -0.294587
1.432978, -1.040454, -0.281571
1.037776, -0.962595, -0.271350
1.397024, -0.936728, -0.189040
1.095470, -0.755645, -0.266770
0.776093, -1.027140, -0.005878
0.873525, -1.036053, -0.277103
0.906662, -0.804098, -0.030735
0.772160, -0.988548, -0.167342
0.999487, -1.018569, -0.073914
0.956177, -1.037994, -0.187598
0.962603, -0.745520, -0.069618
0.999524, -0.755549, -0.214375
0.577559, -1.051039, 0.020659
0.563997, -1.015862, -0.055562
0.606257, -0.744924, 0.039019
0.515317, -0.954392, -0.104182
0.661405, -1.025287, -0.084305
0.670092, -1.025266, -0.141368
0.712266, -0.798711, 0.021261
0.568039, -0.900376, -0.126798
0.348131, -0.996166, -0.021152
0.340592, -0.951315, -0.082711
0.283173, -0.777791, 0.075719
0.302065, -0.769442, -0.065276
0.415014, -1.042453, 0.028280
0.475472, -0.956837, -0.116222
0.435391, -0.826965, 0.007312
0.326264, -0.789728, -0.051403
0.049186, -1.046591, 0.046390
-0.023698, -1.001741, -0.095512
0.107159, -0.894015, 0.117363
0.027010, -0.810604, -0.026652
0.210616, -1.072321, 0.018541
0.157602, -0.968078, -0.105868
0.107566, -0.775305, 0.045925
0.137555, -0.861481, -0.040681
-0.189856, -1.028737, 0.089092
-0.288780, -0.979724, -0.016648
-0.262385, -0.697662, 0.127210
-0.325059, -0.896613, -0.012643
-0.167587, -0.969156, 0.106938
-0.164801, -0.996637, 0.012348
-0.070190, -0.833922, 0.012261
-0.143131, -0.772473, -0.023542
-0.247046, -1.001185, 0.123924
-0.196506, -1.022965, 0.119699
-0.258783, -0.876146, 0.120938
-0.306419, -0.775573, 0.161553
-0.063405, -0.977057, 0.032373
-0.183340, -0.966591, 0.136891
-0.170560, -0.892523, 0.120507
-0.172591, -0.811571, 0.149195
0.078744, -1.056770, 0.055804
0.059528, -1.036879, 0.053444
0.045457, -0.881043, 0.106462
0.065852, -0.750052, 0.116468
0.255011, -1.064397, 0.023083
0.202742, -1.029509, 0.090231
0.192282, -0.841025, 0.020634
0.136048, -0.999459, 0.101288
0.329488, -1.063975, 0.030874
0.312778, -1.061260, 0.058811
0.396687, -0.806622, 0.087327
0.325670, -0.829561, 0.086201
0.497537, -0.971343, 0.055456
0.411435, -1.014853, 0.078072
0.523132, -0.730129, -0.079832
0.417525, -0.913019, 0.079672
0.557189, -1.018295, 0.038380
0.570388, -1.036119, 0.043210
0.698098, -0.722647, -0.033906
0.556931, -0.862311, 0.065792
0.722482, -1.007638, 0.007025
0.675445, -1.000531, 0.045158
0.701355, -0.879802, -0.079979
0.664156, -0.928628, 0.040811
1.069667, -1.031331, -0.161157
0.924736, -1.015884, -0.019617
1.027462, -0.865618, -0.108658
0.953030, -0.745579, -0.028419
1.169199, -0.995057, -0.184273
1.030158, -1.029094, -0.064382
1.062663, -0.961852, -0.217393
1.014211, -0.895245, -0.046896
1.382333, -1.029457, -0.219376
1.414599, -1.039090, -0.236513
1.402489, -0.961702, -0.189089
1.365565, -0.755983, -0.163621
1.501146, -1.028950, -0.234737
1.509770, -1.002091, -0.244593
1.517671, -0.798778, -0.233867
1.421943, -0.919010, -0.182011
1.872162, -0.961250, -0.391472
1.553637, -1.030606, -0.328502
1.787477, -0.768571, -0.350299
1.867761, -0.743955, -0.358638
2.091511, -0.976923, -0.460433
1.739141, -1.017656, -0.447464
2.105670, -0.837736, -0.420311
1.888315, -0.825016, -0.442596
1.760769, -0.627399, -0.333219
1.538727, -0.714571, -0.256259
1.836361, -0.590723, -0.366111
1.565817, -0.597011, -0.246045
2.013911, -0.690329, -0.403846
1.944724, -0.683209, -0.409064
1.971478, -0.622490, -0.370046
1.864221, -0.605789, -0.382006
1.434032, -0.714133, -0.218258
1.189321, -0.674983, -0.109697
1.275493, -0.604088, -0.198593
1.323285, -0.641819, -0.145840
1.470746, -0.719997, -0.198350
1.530961, -0.697317, -0.207631
1.683685, -0.611346, -0.321921
1.469519, -0.616477, -0.196903
0.939171, -0.654453, -0.081067
0.971543, -0.696416, -0.036638
0.869268, -0.582357, -0.046788
0.842247, -0.631762, 0.008604
1.248580, -0.641665, -0.175802
0.979326, -0.660110, -0.045042
1.182709, -0.564454, -0.266303
0.960490, -0.582480, -0.026639
0.665541, -0.645073, -0.106179
0.615139, -0.642287, 0.060610
0.556362, -0.610850, 0.019534
0.594537, -0.583244, 0.063114
0.810415, -0.703680, -0.023114
0.739789, -0.648760, 0.023557
0.822284, -0.583463, -0.080730
0.709553, -0.582671, 0.047418
0.360922, -0.671444, 0.093385
0.311491, -0.723231, 0.095103
0.364760, -0.599365, 0.065527
0.338341, -0.610732, 0.098724
0.484257, -0.631375, -0.037793
0.405391, -0.649837, 0.088214
0.526691, -0.577304, -0.017125
0.436534, -0.630253, 0.086360
0.041546, -0.632229, 0.038271
-0.034912, -0.644275, 0.127330
-0.024244, -0.583029, 0.109030
0.051137, -0.565789, 0.111805
0.130488, -0.640999, 0.045380
0.248272, -0.653196, 0.102800
0.234099, -0.576788, 0.076070
0.116873, -0.574760, 0.113426
-0.221245, -0.626596, 0.113959
-0.338047, -0.645124, 0.175743
-0.277455, -0.611008, 0.156793
-0.219500, -0.565876, 0.148583
-0.108011, -0.676218, 0.125229
-0.133653, -0.639167, 0.142684
-0.138993, -0.588893, 0.125694
-0.164259, -0.612872, 0.143736
-0.573938, -0.661493, 0.192221
-0.550215, -0.622301, 0.180736
-0.575242, -0.591028, 0.130832
-0.574391, -0.605115, 0.181647
-0.335812, -0.627021, 0.089640
-0.482012, -0.657172, 0.194104
-0.475296, -0.554040, 0.187396
-0.377237, -0.567286, 0.186383
-0.779900, -0.679318, 0.221062
-0.965501, -0.647407, 0.142826
-0.974776, -0.542618, 0.171222
-0.905419, -0.603409, 0.221540
-0.636498, -0.637601, 0.196526
-0.762260, -0.664856, 0.196931
-0.684124, -0.600835, 0.143828
-0.651873, -0.582301, 0.199281
-0.978055, -0.520903, 0.146708
-0.844788, -0.457894, 0.210420
-0.938208, -0.378970, 0.176841
-0.908195, -0.382757, 0.145342
-0.617369, -0.441691, 0.221302
-0.658673, -0.440751, 0.222753
-0.766473, -0.397076, 0.215151
-0.657052, -0.358295, 0.225810
-0.542490, -0.457500, 0.145484
-0.523358, -0.446635, 0.215889
-0.597366, -0.401978, 0.186999
-0.577312, -0.403156, 0.230620
-0.471420, -0.470748, 0.124413
-0.469140, -0.541237, 0.203183
-0.363240, -0.358800, 0.124981
-0.491354, -0.424842, 0.211023
-0.221254, -0.545934, 0.076955
-0.276266, -0.455667, 0.165868
-0.229329, -0.370832, 0.112511
-0.295736, -0.305007, 0.146382
-0.051598, -0.533700, 0.014528
-0.199062, -0.561603, 0.151460
-0.157789, -0.363118, 0.073515
-0.081277, -0.337040, 0.123445
0.046803, -0.496388, 0.090348
-0.015689, -0.439387, 0.112245
-0.020931, -0.413984, 0.104377
-0.069095, -0.430501, 0.124850
0.124310, -0.522907, -0.020282
0.128437, -0.522991, 0.106011
0.211135, -0.420502, 0.047473
0.160922, -0.386781, 0.099074
0.314763, -0.483609, 0.073781
0.381914, -0.473279, 0.090170
0.376862, -0.368271, 0.079112
0.343343, -0.382145, 0.097247
0.469136, -0.444875, -0.084336
0.448634, -0.533671, 0.081084
0.426142, -0.410447, 0.055480
0.506323, -0.357208, 0.080769
0.643392, -0.440631, -0.028810
0.634278, -0.529517, 0.023600
0.650603, -0.410672, -0.033595
0.649233, -0.317828, 0.017494
0.819039, -0.520580, -0.067778
0.758432, -0.453917, -0.006845
0.687067, -0.395801, -0.144454
0.770351, -0.389048, 0.044824
0.851690, -0.507552, -0.099905
0.917753, -0.467479, -0.010709
0.900605, -0.368697, -0.201874
0.902650, -0.434464, -0.060210
1.154505, -0.455934, -0.163820
0.968025, -0.553657, -0.040469
1.057480, -0.382513, -0.155999
0.971825, -0.431258, -0.061771
1.333642, -0.432590, -0.185441
1.330972, -0.475150, -0.146611
1.299605, -0.415203, -0.241121
1.227003, -0.373246, -0.119155
1.524156, -0.504078, -0.276736
1.451683, -0.444348, -0.195012
1.685853, -0.420592, -0.353232
1.445559, -0.361771, -0.190344
1.935973, -0.540040, -0.367776
1.616160, -0.475148, -0.276885
1.838928, -0.378030, -0.371741
1.783402, -0.337331, -0.332496
1.961595, -0.437112, -0.369110
1.833090, -0.476301, -0.380836
1.945075, -0.349561, -0.365268
1.940310, -0.439893, -0.400576
1.677723, -0.251452, -0.309396
1.628620, -0.223286, -0.278196
1.894441, -0.130651, -0.341071
1.712430, -0.136891, -0.313937
2.096228, -0.216726, -0.344073
1.816659, -0.204089, -0.372329
2.029363, -0.218412, -0.356000
1.802156, -0.192584, -0.362449
1.292042, -0.301238, -0.190632
1.196379, -0.291083, -0.104955
1.259907, -0.160477, -0.225008
1.341807, -0.170827, -0.170147
1.486006, -0.290390, -0.231969
1.403221, -0.225043, -0.173498
1.722835, -0.138135, -0.356323
1.476724, -0.213562, -0.198181
0.932439, -0.204459, -0.185899
0.843595, -0.295702, -0.036805
0.992937, -0.172811, -0.159541
0.914205, -0.188109, -0.063180
1.145726, -0.250825, -0.263975
1.114323, -0.257190, -0.092659
1.068329, -0.153682, -0.216760
1.029680, -0.148204, -0.088953
0.686146, -0.300579, -0.155189
0.621180, -0.248957, 0.050446
0.678660, -0.171015, -0.165236
0.534104, -0.157762, 0.066284
0.702294, -0.227247, -0.058489
0.648425, -0.226337, 0.072894
0.795708, -0.196180, -0.043288
0.776132, -0.133231, 0.001171
0.279914, -0.234683, 0.072532
0.281993, -0.271809, 0.098789
0.389643, -0.130325, 0.043013
0.367379, -0.135466, 0.097201
0.550663, -0.259223, -0.115169
0.480677, -0.247005, 0.087958
0.485264, -0.120191, 0.019636
0.423851, -0.170734, 0.093480
-0.020007, -0.249502, 0.106633
0.081592, -0.231496, 0.097738
-0.039845, -0.121371, 0.084806
0.013009, -0.134861, 0.108914
0.132347, -0.300065, -0.005790
0.129261, -0.274425, 0.098447
0.151014, -0.114979, -0.052719
0.215319, -0.136130, 0.100763
-0.191732, -0.280370, 0.042682
-0.291980, -0.291801, 0.147232
-0.276069, -0.118146, 0.112446
-0.295383, -0.134172, 0.145618
-0.078233, -0.284557, 0.038219
-0.085203, -0.242016, 0.121876
-0.134800, -0.128603, 0.078680
-0.192491, -0.188284, 0.133472
-0.515903, -0.260606, 0.153551
-0.570670, -0.290497, 0.212459
-0.591946, -0.153030, 0.202254
-0.585678, -0.133220, 0.205978
-0.475210, -0.285232, 0.148436
-0.474504, -0.278936, 0.184127
-0.467969, -0.133996, 0.127065
-0.379752, -0.115162, 0.164288
-0.998224, -0.196424, 0.158417
-0.928777, -0.197689, 0.183064
-0.912396, -0.131408, 0.178399
-0.872678, -0.162222, 0.174945
-0.628287, -0.252151, 0.167391
-0.763294, -0.231919, 0.218785
-0.628170, -0.138571, 0.124746
-0.743980, -0.174025, 0.223593
-1.016905, -0.037269, 0.152161
-0.984128, -0.032513, 0.168525
-0.958132, 0.051341, 0.171983
-1.035560, 0.039213, 0.093077
-0.630146, -0.069270, 0.166728
-0.675657, 0.010825, 0.182706
-0.609407, 0.063422, 0.185065
-0.802821, 0.034040, 0.189981
-0.503386, -0.027340, 0.119611
-0.589784, -0.007446, 0.214765
-0.597954, 0.018006, 0.173352
-0.556931, 0.051342, 0.210039
-0.365846, -0.039208, 0.152123
-0.453995, -0.035639, 0.185679
-0.377635, 0.031437, 0.130443
-0.406287, 0.079300, 0.173075
-0.277283, -0.098592, 0.119155
-0.308687, -0.031509, 0.154352
-0.343489, 0.105358, 0.149313
-0.253596, 0.086164, 0.140602
-0.059408, -0.061679, 0.074910
-0.150163, -0.050897, 0.125392
-0.159071, 0.011898, 0.112227
-0.166149, 0.086444, 0.136716
-0.004636, -0.045399, 0.112236
-0.012625, -0.068478, 0.115770
0.038046, 0.019303, 0.110373
-0.024577, 0.082974, 0.120530
0.141081, -0.044036, -0.002315
0.235179, -0.040360, 0.104350
0.233405, 0.076856, 0.035074
0.100815, 0.108640, 0.117930
0.269386, -0.012745, -0.082098
0.371922, -0.116544, 0.095497
0.269092, 0.074782, 0.078779
0.249182, 0.069838, 0.104834
0.492199, -0.031932, -0.092737
0.440822, -0.065497, 0.067976
0.439207, 0.108190, -0.058075
0.453637, 0.010895, 0.081499
0.690324, -0.053023, -0.081010
0.631342, -0.100281, 0.064530
0.691729, 0.026698, -0.052228
0.532415, 0.034967, 0.065441
0.785282, -0.059736, -0.080221
0.702606, -0.073906, 0.047924
0.807501, 0.108553, -0.181938
0.684887, 0.035563, 0.037199
0.869325, -0.086463, -0.124213
0.829525, -0.020795, 0.010477
0.860254, 0.027577, -0.197560
0.811297, 0.085901, -0.015788
1.234616, -0.017534, -0.267807
1.052925, -0.004298, -0.090333
1.239022, 0.078072, -0.276016
1.123661, 0.045507, -0.096112
1.437629, -0.075418, -0.267864
1.301049, -0.030387, -0.136466
1.230850, 0.092795, -0.140003
1.229299, 0.098185, -0.126186
1.497602, -0.062963, -0.277490
1.361370, -0.047801, -0.152558
1.640648, 0.024692, -0.369166
1.403676, 0.126256, -0.167838
1.957593, -0.072695, -0.366068
1.782264, -0.089394, -0.316689
1.926722, 0.011776, -0.348587
1.770039, 0.030415, -0.301315
2.056735, -0.062964, -0.359407
1.870734, -0.049925, -0.346846
1.990170, 0.105034, -0.354345
2.135774, 0.009195, -0.354916
1.944439, 0.151724, -0.365921
1.668722, 0.204403, -0.251411
1.955283, 0.323875, -0.349725
1.750177, 0.271810, -0.305326
2.034057, 0.177059, -0.357719
2.001676, 0.149809, -0.359009
2.148505, 0.308091, -0.339717
1.795901, 0.232741, -0.403250
1.322889, 0.160080, -0.288373
1.217334, 0.208878, -0.099696
1.400083, 0.237515, -0.227098
1.335981, 0.294759, -0.142206
1.532701, 0.180437, -0.219494
1.637462, 0.179432, -0.242578
1.662707, 0.280435, -0.311909
1.518249, 0.265981, -0.205282
0.919769, 0.135468, -0.154174
0.831767, 0.137081, -0.027691
1.020921, 0.274228, -0.185680
0.840419, 0.219955, -0.025461
1.106118, 0.173971, -0.267927
1.161525, 0.170067, -0.096109
1.088589, 0.277785, -0.265191
1.188230, 0.223291, -0.105283
0.438353, -0.976329, -0.457269
0.545917, -0.973095, -0.422624
0.550081, -0.734159, -0.464226
0.406394, -0.816483, -0.418148
0.719518, -0.905087, -0.455412
0.653409, -0.963886, -0.417632
0.668421, -0.841007, -0.467818
0.685240, -0.742367, -0.433591
-0.882269, 0.378080, 0.159008
-0.927428, 0.427202, 0.215366
-0.960419, 0.518841, 0.238671
-0.922461, 0.560888, 0.226994
-0.811254, 0.432403, 0.232206
-0.717314, 0.431206, 0.205160
-0.806116, 0.571020, 0.251478
-0.789015, 0.527355, 0.249307
0.821644, -0.810238, -0.511031
0.805501, -0.887302, -0.461558
0.998755, -0.766496, -0.561891
0.865075, -0.797616, -0.488807
1.180940, -0.856679, -0.595061
1.080807, -0.886001, -0.528087
0.988637, -0.741077, -0.536020
0.963196, -0.791511, -0.494597
-0.514173, 0.406576, 0.130576
-0.600888, 0.425241, 0.199332
-0.570670, 0.555967, 0.211836
-0.616694, 0.554244, 0.182798
-0.448934, 0.428230, 0.159140
-0.369532, 0.397143, 0.151967
-0.432303, 0.474197, 0.139873
-0.413789, 0.556187, 0.162391
1.397918, -0.829064, -0.606962
1.228021, -0.859823, -0.574353
1.238137, -0.714683, -0.578690
1.361851, -0.840722, -0.577590
1.522629, -0.912226, -0.570155
1.537769, -0.971893, -0.557815
1.499576, -0.829887, -0.599741
1.438527, -0.848975, -0.539984
-0.292085, 0.350957, 0.116223
-0.322828, 0.379023, 0.152385
-0.348102, 0.517588, 0.143859
-0.211142, 0.518456, 0.148537
-0.103760, 0.355539, 0.122139
-0.114287, 0.441599, 0.139819
-0.169353, 0.461795, 0.105697
-0.193355, 0.563078, 0.140336
1.831182, -0.958420, -0.540971
1.736164, -0.991238, -0.564585
1.770666, -0.723789, -0.597292
1.623626, -0.806260, -0.550460
2.010254, -0.857500, -0.575357
2.065811, -0.983123, -0.472195
1.927592, -0.808821, -0.549823
1.977525, -0.830071, -0.485666
0.072464, 0.389198, -0.038788
-0.004414, 0.371073, 0.124477
0.072890, 0.548780, 0.006152
0.054657, 0.469410, 0.125220
0.200128, 0.422075, 0.060914
0.132632, 0.331651, 0.110100
0.168981, 0.462478, -0.042080
0.085354, 0.490813, 0.119684
2.317405, -0.916834, -0.619783
2.230225, -1.018083, -0.496803
2.238612, -0.865164, -0.611499
2.300614, -0.872800, -0.558011
2.444147, -1.011325, -0.517334
2.472136, -1.028716, -0.516652
2.489026, -0.745291, -0.530093
2.398529, -0.744355, -0.527478
0.389953, 0.326438, -0.073364
0.258070, 0.407846, 0.105387
0.282253, 0.503282, 0.060181
0.335963, 0.480733, 0.099569
0.489161, 0.377066, -0.075289
0.447961, 0.368917, 0.043967
0.463770, 0.500655, -0.095764
0.491205, 0.536351, 0.077991
0.969999, 0.394837, -0.170848
0.899769, 0.349307, -0.034447
0.920055, 0.464748, -0.129651
0.829755, 0.438388, -0.036726
1.076428, 0.314471, -0.162072
1.059865, 0.390413, -0.068549
1.230215, 0.534820, -0.185339
1.137704, 0.440514, -0.098621
1.350946, 0.393893, -0.192039
1.330166, 0.334001, -0.142362
1.280717, 0.447057, -0.209181
1.190267, 0.537903, -0.110717
1.653274, 0.436036, -0.351259
1.590901, 0.375496, -0.261757
1.417043, 0.515548, -0.210041
1.347448, 0.466067, -0.165300
1.792214, 0.346107, -0.358466
1.806503, 0.327257, -0.347968
1.767043, 0.481197, -0.331026
1.714355, 0.512240, -0.321642
2.224160, 0.291774, -0.328758
1.851161, 0.357610, -0.410100
2.192565, 0.525003, -0.353506
1.904444, 0.537420, -0.408327
1.692467, 0.634377, -0.304972
1.673622, 0.649753, -0.328918
1.767154, 0.710826, -0.335356
1.692191, 0.698940, -0.298020
2.112415, 0.661793, -0.375647
1.819797, 0.587054, -0.384548
2.013594, 0.701010, -0.368492
1.908096, 0.753076, -0.370699
1.337453, 0.616257, -0.208866
1.248139, 0.576094, -0.146701
1.276599, 0.664454, -0.171461
1.180191, 0.669340, -0.128213
1.543830, 0.593555, -0.254156
1.514186, 0.609080, -0.231388
1.504496, 0.675451, -0.228232
1.558562, 0.768737, -0.240599
0.988188, 0.627708, -0.157682
0.936177, 0.629034, -0.090749
0.878963, 0.672785, -0.180077
0.951845, 0.693960, -0.063529
1.157762, 0.561319, -0.161036
0.987941, 0.579811, -0.071074
1.248735, 0.665155, -0.235069
1.162929, 0.670517, -0.135882
2.481972, -0.608481, -0.405182
2.240402, -0.673836, -0.512181
2.389832, -0.577023, -0.465518
2.342040, -0.594630, -0.482548
2.567519, -0.749968, -0.493177
2.558927, -0.609902, -0.321066
2.533211, -0.578281, -0.346158
2.501394, -0.550994, -0.386410
0.363762, 0.614923, 0.063684
0.260788, 0.608499, 0.105806
0.270847, 0.648979, 0.102031
0.304831, 0.666450, 0.098044
0.493285, 0.599169, -0.047919
0.451259, 0.607815, 0.090424
0.411502, 0.657833, -0.020392
0.394563, 0.734986, 0.086705
1.702316, -0.686273, -0.580707
1.607549, -0.670721, -0.566064
1.842534, -0.547819, -0.560298
1.675354, -0.550143, -0.560883
1.978410, -0.639282, -0.540455
2.109892, -0.670008, -0.497263
2.071861, -0.509605, -0.539445
2.036448, -0.600585, -0.502169
-0.020900, 0.599516, 0.039623
0.019603, 0.605458, 0.127851
0.081791, 0.694090, 0.087491
-0.037830, 0.655261, 0.126709
0.134273, 0.621700, 0.112856
0.149684, 0.604231, 0.114691
0.128747, 0.692192, 0.044210
0.088126, 0.699536, 0.123014
1.365923, -0.598387, -0.572404
1.310941, -0.634325, -0.519928
1.265676, -0.588565, -0.568102
1.300554, -0.534186, -0.552678
1.617916, -0.592296, -0.596001
1.396278, -0.657221, -0.561526
1.421516, -0.558362, -0.578882
1.552603, -0.505397, -0.562502
-0.181294, 0.631810, 0.083395
-0.273554, 0.562521, 0.145088
-0.221963, 0.698221, 0.127680
-0.208546, 0.655208, 0.135553
-0.166457, 0.639026, 0.085167
-0.139878, 0.591800, 0.136686
-0.144153, 0.657967, 0.121867
-0.097707, 0.678751, 0.123477
0.799641, -0.617601, -0.498256
0.774442, -0.635917, -0.461070
0.945502, -0.559743, -0.537159
0.791983, -0.595323, -0.470397
1.152807, -0.657646, -0.573787
0.999701, -0.601446, -0.517606
1.134670, -0.594091, -0.570045
1.091060, -0.554935, -0.527504
-0.558458, 0.633803, 0.206100
-0.612790, 0.611067, 0.227177
-0.616857, 0.675469, 0.183553
-0.651896, 0.676304, 0.238658
-0.377646, 0.558760, 0.115400
-0.523263, 0.574908, 0.193581
-0.343262, 0.713345, 0.112570
-0.449767, 0.676767, 0.172654
0.496168, -0.704142, -0.457174
0.543357, -0.679052, -0.444724
0.533717, -0.514856, -0.491095
0.449015, -0.584314, -0.431572
0.646307, -0.688943, -0.472118
0.677520, -0.640631, -0.408145
0.727936, -0.496956, -0.505267
0.588992, -0.536680, -0.435052
-0.968081, 0.620404, 0.186822
-0.957394, 0.597255, 0.210795
-0.975143, 0.680765, 0.250200
-0.974304, 0.719740, 0.211742
-0.690466, 0.634041, 0.244714
-0.658785, 0.584510, 0.239932
-0.741277, 0.676511, 0.178670
-0.765208, 0.686802, 0.241509
0.583559, -0.493418, -0.503461
0.507455, -0.424737, -0.400289
0.547972, -0.374427, -0.500322
0.469844, -0.339119, -0.458385
0.614914, -0.455107, -0.498849
0.671581, -0.408811, -0.436768
0.640475, -0.384139, -0.510465
0.584446, -0.401121, -0.468838
-0.966719, 0.801768, 0.223870
-0.917163, 0.800787, 0.175271
-0.972263, 1.035176, 0.137338
-1.007528, 1.022212, 0.025572
-0.692963, 0.800741, 0.255140
-0.717056, 0.862114, 0.232541
-0.830857, 1.047816, 0.165258
-0.839119, 1.038885, 0.112309
0.916270, -0.468907, -0.541776
0.815304, -0.405747, -0.507881
0.932057, -0.372606, -0.534092
0.809122, -0.333007, -0.497583
1.096998, -0.473835, -0.576489
1.054199, -0.452446, -0.509343
1.085408, -0.338232, -0.580044
0.942352, -0.303723, -0.514745
-0.545828, 0.869353, 0.169446
-0.592610, 0.841630, 0.221661
-0.511119, 0.984924, 0.161019
-0.586556, 0.968934, 0.229834
-0.469076, 0.868499, 0.162772
-0.447964, 0.961851, 0.169356
-0.471851, 0.969870, 0.123877
-0.520025, 1.034471, 0.151923
1.342038, -0.428564, -0.615785
1.201368, -0.468674, -0.556051
1.347544, -0.344255, -0.598486
1.309958, -0.364989, -0.563036
1.429868, -0.450200, -0.591729
1.492374, -0.428050, -0.562420
1.453913, -0.367683, -0.609674
1.409654, -0.366015, -0.562221
-0.327428, 0.826085, 0.111904
-0.235703, 0.836915, 0.121170
-0.291258, 0.954212, 0.142705
-0.369552, 1.027042, 0.163449
-0.158900, 0.920608, 0.119497
-0.182250, 0.819945, 0.106588
-0.040777, 0.915729, 0.109528
-0.116042, 1.043445, 0.114574
1.847313, -0.409923, -0.596389
1.667744, -0.422978, -0.557229
1.857665, -0.318803, -0.580505
1.752700, -0.303527, -0.576275
2.164442, -0.416299, -0.576919
2.034881, -0.418988, -0.553417
2.072619, -0.337547, -0.563424
2.047159, -0.388130, -0.555458
0.091923, 0.816276, 0.110912
0.006612, 0.882954, 0.115244
0.052160, 0.945398, 0.083172
0.081596, 1.033998, 0.092559
0.160998, 0.811542, 0.105348
0.095751, 0.913431, 0.113974
0.240954, 1.021912, 0.044231
0.237892, 1.033921, 0.086198
2.328688, -0.432999, -0.512171
2.254651, -0.444796, -0.548735
2.206726, -0.380461, -0.562916
2.137549, -0.360631, -0.557301
2.442883, -0.449734, -0.437504
2.425649, -0.500155, -0.453415
2.483979, -0.351006, -0.457247
2.415096, -0.393870, -0.476232
0.270983, 0.854880, -0.008562
0.343635, 0.875179, 0.088313
0.374932, 1.035822, 0.076577
0.373662, 1.027439, 0.076401
0.448363, 0.826334, 0.049739
0.489740, 0.986398, 0.085232
0.498229, 1.028442, 0.015581
0.512630, 1.043940, 0.047803
0.866710, 0.849563, -0.135668
0.910659, 0.763274, -0.005236
0.903485, 1.019013, -0.096940
0.914448, 1.053376, -0.025071
1.000711, 0.743819, -0.112189
1.133279, 0.769281, -0.121976
1.182136, 0.928137, -0.246256
0.974323, 0.989836, -0.052112
1.321078, 0.792129, -0.203017
1.255195, 0.939707, -0.162229
1.462141, 0.999472, -0.241381
1.295911, 1.026522, -0.167668
1.535082, 0.953366, -0.250910
1.428558, 0.932053, -0.210386
1.583924, 1.009290, -0.275858
1.528867, 1.001774, -0.287240
1.947674, 0.813108, -0.362155
1.691251, 0.979812, -0.341611
1.855267, 1.026801, -0.340153
1.692511, 1.015366, -0.380855
2.192869, 0.881006, -0.378772
2.000234, 1.018035, -0.404118
2.200180, 1.066390, -0.473312
1.964818, 1.036570, -0.551011
2.146549, 0.838036, -0.350077
1.950139, 0.788532, -0.390674
2.129124, 1.009048, -0.427934
1.959164, 1.000120, -0.407605
2.255857, 0.884304, -0.318368
2.130511, 0.892538, -0.384630
2.158915, 1.006882, -0.419534
2.247795, 1.010952, -0.407132
1.582465, 0.853927, -0.350818
1.571269, 0.781773, -0.352232
1.585443, 0.926026, -0.346081
1.419615, 0.964193, -0.291540
1.644344, 0.845379, -0.358362
1.738784, 0.768203, -0.356705
1.710397, 0.925456, -0.373983
1.708677, 0.993535, -0.328961
0.995221, 0.727941, -0.349560
0.952218, 0.782003, -0.268415
0.993074, 0.880904, -0.355248
0.922992, 0.898092, -0.268975
1.218928, 0.795940, -0.348992
1.171808, 0.827087, -0.298556
1.328509, 0.951563, -0.371158
1.163966, 0.971495, -0.330894
2.486311, -0.471353, -0.473570
2.372458, -0.481477, -0.524301
2.456735, -0.373558, -0.512906
2.369892, -0.394668, -0.555527
2.655879, -0.486092, -0.375592
2.532209, -0.463508, -0.415093
2.620217, -0.409602, -0.425769
2.562563, -0.387858, -0.447416
0.357334, 0.804689, -0.242236
0.273332, 0.734679, -0.072074
0.361083, 0.991565, -0.211221
0.383254, 0.934787, -0.186532
0.523685, 0.781691, -0.264617
0.474150, 0.736006, -0.209018
0.568475, 0.963943, -0.274391
0.557456, 0.954711, -0.121071
1.930343, -0.433116, -0.705324
1.710918, -0.464896, -0.625595
1.963467, -0.366728, -0.692292
1.726728, -0.315970, -0.629179
2.204055, -0.437771, -0.629252
1.994097, -0.428843, -0.610989
2.132084, -0.343377, -0.668300
2.120453, -0.392529, -0.639432
0.089300, 0.721020, -0.184179
0.089596, 0.729595, -0.078686
0.093521, 0.966541, -0.142758
0.131801, 0.991869, -0.077906
0.317911, 0.831241, -0.236110
0.265471, 0.731804, -0.177211
0.191970, 0.900459, -0.217922
0.293308, 0.991365, -0.173617
1.499972, -0.441619, -0.709348
1.438480, -0.432883, -0.624883
1.499660, -0.365517, -0.710768
1.326829, -0.325604, -0.644037
1.650685, -0.402666, -0.723726
1.491943, -0.395515, -0.627824
1.678177, -0.325488, -0.693485
1.472813, -0.358056, -0.626226
-0.174655, 0.775690, -0.124227
-0.238444, 0.785262, -0.065732
-0.304038, 0.975139, -0.102629
-0.169698, 0.979736, -0.023794
-0.029375, 0.853046, -0.149568
-0.129460, 0.852799, -0.039558
-0.078175, 0.962588, -0.127843
-0.117552, 0.982945, -0.057570
0.892343, -0.448012, -0.656286
0.880178, -0.416699, -0.592706
0.990539, -0.376386, -0.693504
0.901166, -0.372205, -0.583853
1.178433, -0.463351, -0.650726
1.129712, -0.469991, -0.601957
1.112340, -0.371196, -0.690111
1.066714, -0.343404, -0.641318
-0.461054, 0.839679, -0.072474
-0.548497, 0.804398, 0.041896
-0.535307, 0.983486, -0.067239
-0.540893, 0.995940, 0.023022
-0.304681, 0.871687, -0.108960
-0.322031, 0.865299, -0.035904
-0.410725, 0.974426, -0.111808
-0.311068, 0.919657, -0.080917
0.562927, -0.413200, -0.573808
0.534487, -0.423037, -0.548350
0.630165, -0.318691, -0.630329
0.602801, -0.364170, -0.567573
0.811208, -0.449411, -0.622622
0.714514, -0.434067, -0.563229
0.829968, -0.348618, -0.631234
0.772454, -0.377403, -0.594366
-0.881505, 0.909770, -0.054380
-0.847668, 0.883977, 0.054064
-0.896521, 0.955275, -0.008537
-0.822282, 1.029176, 0.104742
-0.654278, 0.875491, -0.059873
-0.610286, 0.836113, 0.097237
-0.680811, 0.998230, -0.007002
-0.648649, 0.954691, -0.001406
0.997613, 0.571422, -0.355215
0.955340, 0.599830, -0.320200
1.138647, 0.659196, -0.356740
1.109544, 0.679680, -0.341955
1.377262, 0.600390, -0.373926
1.289654, 0.623058, -0.318687
1.251831, 0.647259, -0.374564
1.239046, 0.639510, -0.344092
2.362914, -0.867214, -0.749314
2.416290, -0.958726, -0.611900
2.355803, -0.808261, -0.717117
2.301243, -0.858288, -0.667525
2.584466, -0.869491, -0.638846
2.647916, -0.827721, -0.716005
2.579615, -0.831161, -0.716683
2.542901, -0.797758, -0.592625
0.466985, 0.337898, -0.255197
0.397541, 0.354771, -0.131288
0.418085, 0.524067, -0.246355
0.290965, 0.518012, -0.192930
0.534913, 0.319932, -0.260006
0.484866, 0.427634, -0.207192
0.529800, 0.446241, -0.259474
0.568139, 0.500313, -0.149640
1.752085, -0.804336, -0.669455
1.965560, -0.830869, -0.602264
1.915764, -0.732927, -0.639310
1.738846, -0.722178, -0.637165
2.044065, -0.799143, -0.679826
2.197871, -0.898443, -0.621113
2.062839, -0.775232, -0.716080
2.057632, -0.841993, -0.586982
0.137406, 0.313916, -0.192280
-0.011065, 0.376501, -0.042589
0.155914, 0.503830, -0.196619
0.123861, 0.489681, -0.089653
0.184062, 0.384144, -0.192604
0.160930, 0.423423, -0.079015
0.262915, 0.446071, -0.230129
0.280929, 0.527763, -0.180733
1.456210, -0.826458, -0.674380
1.353210, -0.902101, -0.606523
1.342517, -0.760899, -0.726844
1.399809, -0.723174, -0.660742
1.607892, -0.802147, -0.701700
1.600736, -0.795108, -0.701570
1.731786, -0.745149, -0.700001
1.648858, -0.735484, -0.656707
-0.246111, 0.422523, -0.155243
-0.247161, 0.388694, 0.010124
-0.248421, 0.437488, -0.159116
-0.203968, 0.529978, -0.097454
-0.020305, 0.414819, -0.178134
-0.105848, 0.345751, -0.034422
-0.027416, 0.519428, -0.166113
-0.087297, 0.531989, -0.006010
1.056912, -0.798714, -0.670625
0.818757, -0.828438, -0.525656
0.973832, -0.701817, -0.607457
0.813175, -0.710854, -0.527670
1.197605, -0.857008, -0.701282
1.251521, -0.881477, -0.632685
1.251582, -0.766242, -0.688648
1.088059, -0.771787, -0.624369
-0.465132, 0.372863, -0.077624
-0.552505, 0.416789, -0.011272
-0.511432, 0.500123, -0.082263
-0.457765, 0.511356, -0.036540
-0.294430, 0.329844, -0.120607
-0.393623, 0.406729, -0.070020
-0.396821, 0.478101, -0.083639
-0.372979, 0.518370, -0.066776
0.596780, -0.857117, -0.550380
0.601575, -0.820036, -0.499917
0.549982, -0.716655, -0.543750
0.526481, -0.811277, -0.502944
0.827058, -0.823588, -0.602768
0.822264, -0.850881, -0.542173
0.707893, -0.708442, -0.570044
0.792102, -0.768149, -0.532824
-0.767082, 0.409970, -0.040987
-0.868202, 0.379139, 0.120447
-0.881979, 0.512847, -0.005870
-0.776777, 0.491510, 0.126828
-0.635889, 0.334127, -0.056623
-0.656663, 0.434939, 0.132246
-0.591425, 0.510437, -0.073320
-0.623789, 0.459028, -0.010259
0.748839, -0.980954, -0.677041
0.695195, -0.994866, -0.540415
0.505855, -0.992516, -0.511892
0.544063, -0.971326, -0.478663
0.780506, -0.978921, -0.644341
1.248938, -0.988896, -0.787944
0.782889, -0.941588, -0.624198
0.704323, -0.951551, -0.486410
-0.737433, 0.141623, -0.074531
-0.809478, 0.189055, 0.030262
-0.743376, 0.256027, -0.079582
-0.831060, 0.283728, 0.002095
-0.730694, 0.160598, -0.040533
-0.735793, 0.155807, -0.034447
-0.650355, 0.256810, -0.073394
-0.630764, 0.231029, 0.028116
-0.784415, -0.088293, -0.060287
-0.901901, -0.071975, 0.021153
-0.919259, 0.059649, 0.011626
-0.899198, 0.113401, 0.101320
-0.622472, -0.066134, -0.061062
-0.643383, -0.062355, 0.085266
-0.601019, 0.011005, -0.086666
-0.653637, 0.028396, 0.064569
-0.788904, -0.455790, -0.078139
-0.844208, -0.444068, 0.099323
-0.841739, -0.330447, -0.061525
-0.821406, -0.333421, 0.106569
-0.668040, -0.530683, -0.061899
-0.745928, -0.428844, 0.084087
-0.644615, -0.386535, -0.070383
-0.711694, -0.354293, 0.036577
-0.925089, -0.675315, -0.039084
-0.959758, -0.634074, 0.032422
-0.954682, -0.544742, -0.019219
-0.854673, -0.587231, 0.001595
-0.565478, -0.641972, -0.085625
-0.652746, -0.637835, 0.009650
-0.623472, -0.572050, -0.067528
-0.583744, -0.618113, 0.008388
-0.790196, -1.017100, -0.062395
-0.796863, -1.040121, 0.022572
-0.887454, -0.843581, -0.048461
-0.956149, -0.846824, 0.111193
-0.679552, -0.984000, -0.068533
-0.644978, -1.016349, 0.078149
-0.695585, -0.741977, -0.080405
-0.656009, -0.912063, 0.044406
-0.743863, -0.990560, -0.127373
-0.722653, -1.011976, -0.084596
-0.702221, -0.871323, -0.179799
-0.811687, -0.817344, -0.157396
-0.682251, -0.924890, -0.195148
-0.659731, -1.013831, -0.093482
-0.615721, -0.751172, -0.214521
-0.580304, -0.760567, -0.140950
-0.167908, -0.918009, -0.228146
-0.276008, -0.985784, -0.171054
-0.231473, -0.719885, -0.273280
-0.123569, -0.757507, -0.210949
-0.010894, -0.902605, -0.249904
-0.051758, -0.941760, -0.204876
-0.039347, -0.759366, -0.262419
-0.070218, -0.808704, -0.196506
-0.979386, 0.415846, 0.074601
-0.947427, 0.457554, -0.000680
-0.994749, 0.504527, 0.103592
-0.968591, 0.570566, -0.004323
-0.815718, 0.438783, 0.068235
-0.824739, 0.415054, 0.031675
-0.757194, 0.532891, 0.161644
-0.785217, 0.488613, 0.057136
0.551988, -1.002678, -0.353698
0.518846, -0.953768, -0.315825
0.524682, -0.755682, -0.333218
0.421739, -0.712356, -0.270948
0.675918, -0.937162, -0.350646
0.571705, -0.947371, -0.284191
0.532348, -0.730579, -0.330835
0.571359, -0.836458, -0.280513
-0.582531, 0.385505, 0.155183
-0.573253, 0.356151, 0.011165
-0.654398, 0.548181, 0.088233
-0.611296, 0.552084, 0.043746
-0.562222, 0.351312, 0.039074
-0.489100, 0.393963, -0.006094
-0.438268, 0.542542, 0.139978
-0.584074, 0.521151, 0.044174
0.779921, -0.914214, -0.400976
0.786034, -1.025048, -0.340566
0.690197, -0.878326, -0.354011
0.840297, -0.841242, -0.356021
1.000002, -0.920680, -0.449691
0.884586, -1.019532, -0.347579
1.075797, -0.819868, -0.503374
0.838890, -0.862152, -0.341743
-0.748140, -0.690149, -0.181284
-0.695181, -0.691710, -0.143198
-0.708186, -0.595403, -0.148909
-0.811101, -0.578583, -0.117375
-0.574683, -0.665089, -0.192823
-0.569000, -0.669273, -0.113951
-0.597015, -0.547749, -0.165772
-0.572058, -0.606879, -0.103593
-0.746407, -0.432653, -0.210201
-0.886435, -0.525618, -0.119604
-0.672886, -0.388091, -0.225674
-0.867049, -0.360886, -0.092141
-0.583891, -0.504974, -0.222306
-0.561070, -0.523719, -0.118199
-0.566135, -0.377308, -0.207135
-0.614180, -0.316290, -0.153633
-0.283702, -0.954515, -0.146494
-0.244377, -0.987303, -0.080393
-0.195182, -0.805186, -0.153962
-0.168967, -0.747447, 0.014303
-0.136683, -1.007534, -0.130770
-0.099643, -1.005679, -0.100027
-0.073408, -0.886588, -0.165758
-0.038352, -0.718187, -0.079569
-0.811150, -0.052723, -0.247144
-0.693169, -0.055342, -0.158847
-0.784526, 0.038247, -0.211587
-0.748995, 0.069372, -0.104846
-0.618246, -0.028886, -0.232444
-0.570353, -0.063356, -0.136550
-0.666249, 0.025383, -0.208098
-0.671381, 0.039428, -0.141902
-0.280000, -0.620051, -0.115928
-0.212073, -0.654823, -0.030346
-0.274205, -0.552793, -0.116910
-0.271311, -0.575354, 0.000882
-0.078830, -0.684442, -0.171484
-0.140873, -0.661938, -0.043991
-0.100604, -0.568611, -0.146279
-0.076536, -0.615129, -0.105326
1.720654, -0.788371, -0.854683
0.656620, -0.974416, -0.655035
0.591636, -0.897274, -0.719529
0.685439, -0.854021, -0.636088
2.838523, -0.781289, -0.717004
1.243090, -0.938293, -0.785995
0.736023, -0.876963, -0.718651
0.772124, -0.913963, -0.654265
-0.706630, 0.113888, -0.184464
-0.833211, 0.126659, -0.088368
-0.750914, 0.276226, -0.239456
-0.800924, 0.252278, -0.171068
-0.545190, 0.157491, -0.226304
-0.646404, 0.135687, -0.129798
-0.557540, 0.288757, -0.184480
-0.674631, 0.283734, -0.112269
-0.275284, -0.455443, -0.132369
-0.168927, -0.454581, -0.021598
-0.247086, -0.392466, -0.135144
-0.256928, -0.430667, 0.041382
-0.113164, -0.517529, -0.166046
-0.154486, -0.475554, -0.000772
-0.032887, -0.394678, -0.164988
-0.037727, -0.411056, -0.104404
0.705623, -0.812065, -0.734202
0.542567, -0.782242, -0.642012
0.555812, -0.720416, -0.686223
0.557528, -0.717328, -0.642781
0.785451, -0.783502, -0.703899
0.890409, -0.821813, -0.676572
0.926791, -0.727762, -0.742979
0.838494, -0.738619, -0.665648
-0.786863, 0.407228, -0.217509
-0.844625, 0.417646, -0.076404
-0.723210, 0.429680, -0.219365
-0.788848, 0.432171, -0.123319
-0.602545, 0.365843, -0.172477
-0.632828, 0.368425, -0.156496
-0.579191, 0.539503, -0.224450
-0.613870, 0.485154, -0.145518
-0.974249, 1.086021, -0.291798
-1.008762, 1.099442, -0.755180
-0.935884, 1.000000, -1.000000
-0.957595, 0.993682, -1.003733
-0.988155, 1.050284, -0.193129
-1.007395, 1.056536, -0.211145
-0.993221, 1.001296, -0.355326
-1.019181, 1.047832, -0.254906
0.051869, -0.522996, -0.177827
-0.007137, -0.513618, -0.082420
0.042377, -0.311805, -0.186073
0.020325, -0.356824, -0.141950
0.164662, -0.488401, -0.184796
0.234770, -0.464968, -0.113441
0.230145, -0.327787, -0.222039
0.249555, -0.346527, -0.180664
1.047517, -0.763165, -0.739412
1.113251, -0.823595, -0.707412
0.991905, -0.699608, -0.747266
1.026677, -0.737367, -0.680046
1.209216, -0.806742, -0.778429
1.281898, -0.785640, -0.749808
1.194238, -0.762278, -0.770500
1.174926, -0.767049, -0.760632
-0.395194, 0.348516, -0.248716
-0.479348, 0.393865, -0.145863
-0.447494, 0.484715, -0.179704
-0.505114, 0.539444, -0.131024
-0.327539, 0.395493, -0.201325
-0.286163, 0.327228, -0.174182
-0.270512, 0.500534, -0.255912
-0.270632, 0.431512, -0.166714
-1.036015, 1.045594, -0.233618
-1.051104, 1.030686, -0.127349
-1.057779, 1.020082, -0.268846
-1.063377, 1.025745, -0.157383
-0.670572, 0.911430, 0.062412
-0.972316, 0.973176, 0.090502
-1.032098, 1.013356, -0.188523
-0.894575, 1.006406, -0.106570
0.457251, -0.501896, -0.247233
0.356694, -0.435865, -0.145130
0.363200, -0.393342, -0.240247
0.376426, -0.353805, -0.200684
0.510336, -0.424244, -0.259989
0.441030, -0.529148, -0.165761
0.513328, -0.369636, -0.265555
0.434684, -0.400472, -0.163866
1.490163, -0.751077, -0.805860
1.348294, -0.771121, -0.793993
1.493090, -0.759981, -0.814075
1.426734, -0.742023, -0.755010
1.575982, -0.734878, -0.793275
1.586631, -0.751465, -0.758381
1.782690, -0.742412, -0.760823
1.661856, -0.749749, -0.731559
-0.193179, 0.388614, -0.215113
-0.166631, 0.393286, -0.175444
-0.172547, 0.521764, -0.218108
-0.221477, 0.503615, -0.190825
-0.029328, 0.389042, -0.258374
0.025154, 0.417833, -0.205683
-0.091594, 0.496505, -0.274570
0.028705, 0.436001, -0.210565
-0.650966, 0.838202, 0.084009
-0.644246, 0.875915, 0.102131
-0.681731, 1.018298, -0.093456
-0.621784, 1.043581, 0.104250
-0.558093, 0.757607, 0.079533
-0.527750, 0.869349, 0.083683
-0.427742, 1.018794, -0.047857
-0.506807, 1.041600, 0.044985
0.676340, -0.448201, -0.295281
0.622862, -0.537366, -0.236528
0.754862, -0.316697, -0.306950
0.591936, -0.408545, -0.243942
0.846850, -0.486161, -0.332049
0.778272, -0.513786, -0.273306
0.830996, -0.304491, -0.336596
0.824020, -0.304274, -0.246505
2.102646, -0.782552, -0.772586
1.827817, -0.742555, -0.700749
2.075982, -0.784103, -0.765783
1.975861, -0.744033, -0.741721
2.251837, -0.771179, -0.816778
2.089155, -0.773764, -0.740584
2.145867, -0.813013, -0.782291
2.134541, -0.790538, -0.737696
0.080297, 0.415180, -0.272738
0.082748, 0.314642, -0.233850
0.172872, 0.501902, -0.281087
0.122223, 0.449021, -0.219915
0.329401, 0.416279, -0.330690
0.253780, 0.415427, -0.240785
0.298943, 0.417220, -0.359017
0.305151, 0.426590, -0.240316
-0.363525, 0.972767, 0.036353
-0.460656, 0.833158, 0.085366
-0.319366, 1.026697, 0.055211
-0.344045, 1.017388, 0.084727
-0.198770, 0.871139, -0.001398
-0.199683, 0.709407, 0.060361
-0.091039, 1.005598, -0.043780
-0.099900, 1.046876, -0.003525
1.090822, -0.492157, -0.371911
0.875298, -0.495249, -0.247357
1.129286, -0.414714, -0.389964
1.008053, -0.413777, -0.325971
1.320828, -0.498107, -0.392933
1.118338, -0.460340, -0.370012
1.149281, -0.414831, -0.385363
1.184337, -0.410355, -0.378459
2.591397, -0.836840, -0.705512
2.424958, -0.818643, -0.818863
2.588386, -0.857231, -0.687394
2.370017, -0.844407, -0.797583
2.693272, -0.877527, -0.461173
2.683009, -0.837376, -0.604893
2.696405, -0.904956, -0.549220
2.686649, -0.855985, -0.567683
0.394388, 0.334555, -0.329050
0.430204, 0.369529, -0.257441
0.416080, 0.498809, -0.329497
0.399649, 0.500147, -0.249920
0.612219, 0.363601, -0.342885
0.627115, 0.398037, -0.292007
0.645245, 0.461506, -0.403688
0.650068, 0.475005, -0.324050
-0.239171, -0.100100, -0.130082
-0.266133, -0.044398, 0.046001
-0.275146, 0.015069, -0.116783
-0.226251, 0.032916, -0.050731
-0.117004, -0.017067, -0.141926
-0.047348, -0.080015, -0.141735
-0.045855, 0.062199, -0.187260
-0.091850, 0.093991, -0.112309
0.557479, -0.384643, -0.728313
0.536518, -0.429732, -0.652414
0.528619, -0.311849, -0.705722
0.581838, -0.296386, -0.684018
0.716270, -0.426208, -0.710259
0.862524, -0.433570, -0.671578
0.881690, -0.362261, -0.719333
0.769802, -0.370980, -0.699735
-0.850124, 0.865547, -0.170717
-0.842507, 0.844637, -0.116438
-0.748811, 0.914178, -0.249879
-0.888600, 0.949622, -0.045816
-0.584290, 0.860783, -0.184373
-0.609508, 0.814192, -0.109178
-0.571073, 0.937939, -0.199280
-0.635904, 0.949420, -0.137855
0.010151, -0.056366, -0.172195
0.063881, -0.031158, -0.134198
0.156832, 0.079940, -0.205467
0.023563, 0.048152, -0.107358
0.314140, 0.001339, -0.238866
0.161694, -0.063104, -0.175404
0.243395, 0.042399, -0.227384
0.189888, 0.088576, -0.149147
1.027115, -0.381007, -0.758002
0.927631, -0.442284, -0.710468
0.972322, -0.305692, -0.757801
1.000128, -0.365737, -0.715723
1.218114, -0.426410, -0.785706
1.208396, -0.439518, -0.745622
1.165271, -0.354034, -0.783971
1.157666, -0.361936, -0.751340
-0.485221, 0.855912, -0.198533
-0.476360, 0.831564, -0.153947
-0.506598, 0.976614, -0.192104
-0.441954, 0.888215, -0.166549
-0.380116, 0.825846, -0.229039
-0.266990, 0.814660, -0.154055
-0.370480, 0.974474, -0.241281
-0.346383, 0.971634, -0.169823
0.395776, -0.006434, -0.227673
0.414731, -0.080184, -0.159470
0.318427, 0.015241, -0.226520
0.296749, 0.007241, -0.157816
0.597832, -0.078914, -0.274478
0.499625, -0.070448, -0.223482
0.463542, 0.063029, -0.241489
0.452328, 0.068519, -0.138148
1.515183, -0.408038, -0.844253
1.511705, -0.447984, -0.745906
1.439206, -0.310781, -0.883766
1.430563, -0.366127, -0.783942
1.583184, -0.354599, -0.890689
1.663851, -0.410431, -0.776117
1.826559, -0.341892, -0.820874
1.798964, -0.299471, -0.803852
-0.174654, 0.845212, -0.220297
-0.204151, 0.830287, -0.158989
-0.168974, 0.980530, -0.288613
-0.195536, 0.974469, -0.180069
-0.054413, 0.760722, -0.260898
-0.126378, 0.843751, -0.171825
0.043629, 0.965049, -0.251426
-0.011690, 0.948266, -0.233515
0.637351, -0.044132, -0.284185
0.706068, -0.097795, -0.274660
0.689219, 0.101439, -0.297811
0.705441, 0.042633, -0.258694
0.764983, -0.000045, -0.298734
0.780854, -0.085655, -0.233488
0.974802, 0.103726, -0.378034
0.869902, 0.049631, -0.316121
2.065143, -0.407498, -0.736610
1.996025, -0.376262, -0.727474
1.894470, -0.290960, -0.834522
1.932806, -0.366687, -0.753974
2.162288, -0.425462, -0.766610
2.153658, -0.430643, -0.719842
2.289291, -0.397634, -0.843543
2.064918, -0.329099, -0.733084
0.128365, 0.792295, -0.286198
0.054085, 0.804907, -0.191925
0.069205, 0.915091, -0.304301
0.089670, 0.973399, -0.231706
0.232626, 0.827073, -0.299253
0.217507, 0.793860, -0.220127
0.354264, 0.889169, -0.298679
0.200359, 0.900373, -0.232549
1.100689, -0.073791, -0.381077
0.885283, -0.053957, -0.291677
1.029765, 0.016185, -0.372455
1.017162, 0.007373, -0.320576
1.395876, -0.106121, -0.432977
1.109175, -0.023571, -0.340223
1.181937, 0.058536, -0.391628
1.327231, 0.047487, -0.400669
2.449596, -0.459487, -0.876053
2.316279, -0.429555, -0.733900
2.382641, -0.401738, -0.862727
2.356888, -0.393505, -0.748644
2.576351, -0.485890, -0.648091
2.675300, -0.496169, -0.408072
2.760874, -0.404760, -0.361369
2.646309, -0.394600, -0.507948
0.462616, 0.800976, -0.308667
0.429540, 0.874797, -0.261735
0.410214, 0.967874, -0.304202
0.463456, 0.910347, -0.284337
0.627650, 0.801351, -0.353793
0.504523, 0.768856, -0.264983
0.667689, 0.955926, -0.374568
0.644805, 0.938731, -0.317044
2.208847, 0.799278, -0.608360
2.078795, 0.923278, -0.469825
2.336230, 0.951560, -0.642288
2.294042, 1.039976, -0.582443
2.550541, 0.815118, -0.465977
2.447373, 0.761997, -0.508033
2.473840, 0.981310, -0.580673
2.412935, 0.954270, -0.616905
2.080039, -0.079207, -0.493375
2.034722, -0.087309, -0.456091
2.109847, 0.032812, -0.493377
2.025887, 0.055100, -0.438654
2.467581, -0.073442, -0.452150
2.388621, -0.005172, -0.451062
2.390305, 0.073435, -0.442405
2.296698, 0.092567, -0.363882
1.400207, 0.753353, -0.547940
1.242728, 0.801509, -0.517084
1.387688, 0.904625, -0.546864
1.167254, 1.007989, -0.583944
1.496521, 0.775908, -0.555148
1.492945, 0.825630, -0.525583
1.545905, 0.875072, -0.553649
1.494689, 0.907747, -0.542852
0.284210, 0.341703, 0.007202
0.196626, 0.371147, 0.047704
0.298944, 0.538243, 0.005304
0.191474, 0.572873, 0.060496
0.390884, 0.360776, -0.020997
0.424857, 0.306261, 0.020994
0.334415, 0.505310, -0.002113
0.428004, 0.600347, 0.015154
2.062416, -0.993800, -0.489851
1.917702, -0.950072, -0.449719
1.891345, -0.797116, -0.408862
1.843061, -0.755121, -0.380325
2.237683, -0.983286, -0.402095
2.104110, -0.950059, -0.428411
2.159767, -0.841385, -0.373860
2.295161, -0.927329, -0.365600
1.092105, -0.057471, -0.482328
1.186373, -0.029068, -0.440929
1.071530, 0.004194, -0.472262
1.066122, 0.014312, -0.444932
1.385940, -0.081781, -0.538784
1.339094, -0.076600, -0.474283
1.405007, 0.041166, -0.532407
1.401538, 0.092031, -0.465478
2.683939, -0.530809, -1.016204
2.446142, -0.470175, -0.946063
2.430339, -0.436906, -1.016734
2.475409, -0.403899, -0.917234
2.528460, -0.471152, -1.022435
2.558406, -0.451876, -0.810885
2.695364, -0.424702, -1.083555
2.635753, -0.426736, -0.728096
0.526254, 0.808855, -0.440173
0.412325, 0.833651, -0.369683
0.475547, 0.892452, -0.453087
0.517248, 0.861562, -0.410070
0.642571, 0.812242, -0.462390
0.579360, 0.750740, -0.407418
0.766860, 0.846738, -0.492726
0.740780, 0.921630, -0.433830
-0.041297, 0.354961, 0.024373
-0.055261, 0.350776, 0.061867
-0.012812, 0.528562, 0.029597
-0.024312, 0.515023, 0.081438
0.102611, 0.416273, 0.032758
0.036452, 0.351315, 0.060223
0.095964, 0.509743, 0.022517
0.088015, 0.578810, 0.078615
1.425746, -0.970840, -0.378141
1.406596, -0.957459, -0.348390
1.602262, -0.832050, -0.382881
1.400968, -0.899250, -0.330361
1.829186, -0.979178, -0.486063
1.547251, -0.981222, -0.378665
1.643307, -0.706930, -0.403800
1.724495, -0.730161, -0.388463
0.821005, -0.074801, -0.432235
0.741542, -0.003791, -0.314804
0.764438, 0.023405, -0.418035
0.689579, 0.092178, -0.347913
0.925245, -0.007752, -0.411765
0.972974, -0.036772, -0.414451
0.980260, 0.007433, -0.495951
0.869972, 0.104328, -0.356932
1.925112, -0.365928, -0.829752
2.117944, -0.434955, -0.752974
2.123060, -0.281683, -0.861634
1.866248, -0.343665, -0.826948
2.209523, -0.383384, -0.834787
2.154325, -0.428771, -0.764638
2.374629, -0.444445, -0.997283
2.268069, -0.378821, -0.850255
0.242998, 0.765436, -0.432397
0.114530, 0.754551, -0.326766
0.227060, 0.830413, -0.450646
0.103762, 0.939897, -0.393289
0.327911, 0.760768, -0.450118
0.273814, 0.733062, -0.346812
0.353148, 0.863930, -0.450118
0.265512, 0.886976, -0.364908
-0.339647, 0.454922, 0.022804
-0.286994, 0.398011, 0.077623
-0.339045, 0.572256, 0.036580
-0.331776, 0.548000, 0.079197
-0.159367, 0.407611, 0.041644
-0.143610, 0.428272, 0.075766
-0.083879, 0.576525, 0.027449
-0.083359, 0.570057, 0.063954
0.937542, -0.949880, -0.342418
0.973354, -1.043000, -0.334767
0.947571, -0.798291, -0.329028
1.026313, -0.729882, -0.240519
1.362523, -0.987238, -0.385220
1.232724, -0.996137, -0.342759
1.377178, -0.890392, -0.378425
1.197087, -0.861522, -0.320760
0.399359, -0.053700, -0.335239
0.373951, -0.047646, -0.254504
0.447082, 0.093872, -0.315023
0.503085, 0.068811, -0.294696
0.615382, -0.001599, -0.349946
0.635474, -0.013649, -0.293483
0.579203, 0.017965, -0.364077
0.573477, 0.012405, -0.294532
1.532560, -0.415632, -0.895715
1.598948, -0.385334, -0.898950
1.442513, -0.302658, -0.896678
1.399168, -0.346028, -0.872619
1.853213, -0.374950, -0.856263
1.769887, -0.356785, -0.854323
1.689569, -0.310690, -0.955779
1.748736, -0.329890, -0.853267
-0.074780, 0.864065, -0.397732
-0.152968, 0.833761, -0.331956
-0.179891, 0.954093, -0.380832
-0.219287, 0.893056, -0.332450
-0.058739, 0.818332, -0.378277
-0.043731, 0.795107, -0.326659
0.004101, 0.868430, -0.394479
-0.001193, 0.930396, -0.366298
-0.611251, 0.381986, 0.060664
-0.547534, 0.452780, 0.108804
-0.621772, 0.576123, 0.050273
-0.600432, 0.569126, 0.096542
-0.414414, 0.372693, 0.042652
-0.542686, 0.383507, 0.085103
-0.429605, 0.524939, 0.055546
-0.537774, 0.567739, 0.096655
0.643807, -1.004812, -0.305191
0.721043, -1.024411, -0.345679
0.701870, -0.770863, -0.263537
0.696415, -0.876699, -0.227284
0.781493, -0.939664, -0.320896
0.843356, -0.957081, -0.282989
0.787749, -0.880556, -0.309488
0.729666, -0.839065, -0.233529
0.057564, -0.064191, -0.247520
0.098805, -0.003464, -0.213603
0.193078, 0.029856, -0.275950
0.094523, 0.052552, -0.212005
0.349217, -0.039504, -0.311118
0.246573, -0.015204, -0.239549
0.299866, 0.040295, -0.346962
0.226847, 0.083537, -0.240914
1.084813, -0.406704, -0.801939
1.050674, -0.405831, -0.777318
1.025287, -0.346528, -0.818332
1.048426, -0.316807, -0.771199
1.408269, -0.410583, -0.920421
1.226561, -0.399169, -0.813813
1.260027, -0.329056, -0.828100
1.167966, -0.341523, -0.792289
-0.356706, 0.808649, -0.351801
-0.518237, 0.815221, -0.240357
-0.357974, 0.977354, -0.351027
-0.431340, 0.977919, -0.322519
-0.325797, 0.766203, -0.366188
-0.323980, 0.870356, -0.280059
-0.295347, 0.994595, -0.369219
-0.286238, 0.994102, -0.363778
-1.029627, 0.413108, -0.023243
-1.026020, 0.476282, -0.002829
-1.031948, 0.556987, 0.004072
-1.035793, 0.602683, 0.004874
-0.880346, 0.465102, 0.064931
-0.652500, 0.379993, 0.127791
-0.910001, 0.583403, 0.034190
-0.803293, 0.526970, 0.117755
0.445180, -0.970812, -0.254840
0.411997, -1.014318, -0.129275
0.385958, -0.754147, -0.215230
0.344159, -0.721301, -0.133221
0.537558, -0.985938, -0.282219
0.522645, -0.987829, -0.195178
0.551627, -0.897143, -0.272005
0.513318, -0.805453, -0.163995
-0.228692, -0.000472, -0.212402
-0.125124, 0.004250, -0.210860
-0.235467, 0.011870, -0.241105
-0.174294, 0.073017, -0.200979
-0.044604, -0.095412, -0.272296
-0.048721, -0.045767, -0.193181
0.052688, 0.015419, -0.284695
-0.030208, 0.098010, -0.206130
0.723366, -0.394011, -0.813048
0.683475, -0.415378, -0.759056
0.658883, -0.312292, -0.827643
0.601578, -0.296766, -0.744235
0.793226, -0.421744, -0.831322
0.917182, -0.447299, -0.752366
0.941078, -0.370010, -0.811956
0.755851, -0.318086, -0.752211
-0.728009, 0.774098, -0.319642
-0.732702, 0.764238, -0.277525
-0.778327, 0.908597, -0.328223
-0.754329, 0.968952, -0.326923
-0.625025, 0.843550, -0.313765
-0.667967, 0.825650, -0.264004
-0.599790, 0.960651, -0.325572
-0.686668, 0.968935, -0.311069
0.373426, 0.970532, -0.036590
0.200534, 0.951752, -0.062905
0.607018, 0.975648, -0.497163
0.322870, 0.903256, -0.027168
0.520144, 0.999377, 0.022610
0.457972, 0.953326, -0.060112
2.090619, 0.965340, -1.000000
2.246586, 0.896181, -1.051397
2.009367, -0.208648, -0.488292
2.146715, -0.195365, -0.496517
2.207690, -0.173645, -0.515556
1.995595, -0.108033, -0.447745
2.465880, -0.231553, -0.485325
2.215011, -0.228848, -0.491679
2.268562, -0.184887, -0.523116
2.352369, -0.059917, -0.462794
1.276825, 0.580946, -0.550227
1.266517, 0.595566, -0.506544
1.438053, 0.693953, -0.568307
1.302204, 0.605110, -0.519512
1.531880, 0.540348, -0.576948
1.374189, 0.540042, -0.538404
1.629740, 0.712341, -0.563838
1.519192, 0.649995, -0.506319
2.149533, 0.526427, -0.528898
2.187777, 0.533156, -0.507123
2.326243, 0.664189, -0.531925
2.139683, 0.677163, -0.474949
2.515146, 0.610215, -0.376162
2.581343, 0.519046, -0.274186
2.561111, 0.727790, -0.389499
2.570315, 0.618591, -0.322951
2.259883, 0.353622, -0.550286
2.217081, 0.331573, -0.540837
2.275823, 0.483795, -0.523173
2.126798, 0.519136, -0.507379
2.480531, 0.362977, -0.391611
2.533701, 0.341001, -0.334249
2.550499, 0.454375, -0.284235
2.379547, 0.454569, -0.471778
0.254730, 1.014717, 0.024993
0.234364, 0.843332, -0.066430
0.406395, 1.020024, -0.053921
0.272116, 1.030735, -0.147661
0.482740, 0.888630, 0.038184
0.563706, 0.918431, -0.076293
0.488551, 1.046605, 0.018566
0.368367, 1.005977, -0.116374
2.007698, -0.458271, -0.495535
2.067688, -0.463153, -0.452467
2.031406, -0.375785, -0.519746
2.025799, -0.326530, -0.443372
2.515695, -0.505090, -0.383270
2.231923, -0.526098, -0.500942
2.508372, -0.389924, -0.409673
2.213614, -0.412197, -0.519912
1.307719, 0.344074, -0.587163
1.153305, 0.337759, -0.529953
1.354658, 0.428265, -0.612398
1.203677, 0.496236, -0.550928
1.494137, 0.325303, -0.591506
1.577887, 0.361095, -0.571750
1.503032, 0.401839, -0.611978
1.393246, 0.486505, -0.529205
0.043897, 0.750573, 0.014322
0.027524, 0.868150, -0.039704
0.041876, 1.044135, -0.018319
0.064508, 1.021869, -0.069274
0.120775, 0.755065, 0.108311
0.114881, 0.962807, -0.027658
0.208303, 1.053778, 0.064736
0.128652, 1.026046, -0.034653
1.543353, -0.425426, -0.504045
1.509394, -0.476575, -0.472640
1.752198, -0.400507, -0.541791
1.683261, -0.347286, -0.478351
1.932466, -0.498146, -0.503032
1.824072, -0.462932, -0.464672
1.929018, -0.381651, -0.497034
1.732022, -0.365871, -0.449340
2.614988, -0.763617, -0.192807
2.706654, -0.781367, -0.102873
2.616082, -0.810746, -0.004126
2.636876, -0.887909, -0.234073
2.702854, -1.083813, 0.987757
2.546668, -0.706867, 1.064455
2.749194, -0.963474, 0.622462
2.682171, -0.875750, 0.390411
0.822316, 0.308051, -0.556185
0.837749, 0.318410, -0.492101
0.989471, 0.452654, -0.578953
0.889046, 0.427752, -0.516457
1.124393, 0.338086, -0.573417
0.991899, 0.374651, -0.527174
1.134126, 0.457275, -0.578391
0.945705, 0.415634, -0.514810
-0.288892, 1.004940, 0.024386
-0.220467, 0.774539, -0.028267
-0.317138, 1.029536, 0.036990
-0.186674, 1.016953, -0.037729
-0.074555, 0.997312, 0.077980
-0.114305, 0.939122, -0.017722
-0.141095, 1.009176, 0.105315
-0.117596, 1.029862, -0.044147
1.304631, -0.442664, -0.533634
1.127182, -0.474225, -0.398280
1.228368, -0.379696, -0.500540
1.199965, -0.369806, -0.449442
1.366434, -0.504942, -0.529394
1.379903, -0.443944, -0.473001
1.436806, -0.305457, -0.533594
1.274538, -0.391632, -0.439379
2.425739, -0.792800, -0.840806
2.640517, -0.837529, -0.674338
2.529945, -0.812477, -0.775190
2.552152, -0.832504, -0.745124
2.624677, -0.750307, -0.854350
2.666168, -0.817736, -0.652462
2.613772, -0.806862, -0.671982
2.690966, -0.921339, -0.580642
0.442523, 0.395860, -0.477783
0.401937, 0.371172, -0.394195
0.416665, 0.444499, -0.452906
0.559270, 0.492328, -0.454257
0.662228, 0.396838, -0.536468
0.680175, 0.364978, -0.471922
0.724500, 0.427644, -0.498323
0.689671, 0.478348, -0.481636
-0.560251, 0.952719, 0.140403
-0.596038, 0.959189, 0.042033
-0.563252, 1.014792, 0.065657
-0.604798, 1.020351, -0.001730
-0.461887, 0.953019, 0.036598
-0.561163, 0.909200, 0.032574
-0.433324, 1.030402, 0.037753
-0.484233, 1.029112, -0.039148
0.728974, -0.502014, -0.348629
0.706507, -0.504668, -0.317482
0.838707, -0.326260, -0.433697
0.695882, -0.361461, -0.308846
1.063985, -0.468981, -0.477341
1.011441, -0.503402, -0.403059
1.048178, -0.322456, -0.456231
0.842883, -0.405107, -0.346586
2.198914, -0.747970, -0.838683
1.943681, -0.719818, -0.814849
2.181059, -0.803163, -0.847488
2.172219, -0.812278, -0.797668
2.311786, -0.728279, -0.832571
2.427989, -0.803548, -0.828254
2.341122, -0.797343, -0.829955
2.316584, -0.828196, -0.811011
0.232796, 0.307807, -0.477112
0.212566, 0.319509, -0.421444
0.227790, 0.488703, -0.460130
0.205329, 0.494063, -0.348816
0.438618, 0.317949, -0.500561
0.345510, 0.334510, -0.381136
0.323819, 0.436301, -0.475434
0.333635, 0.484691, -0.372157
-0.956642, 0.907834, 0.080989
-0.991100, 0.885651, -0.017340
-1.004898, 1.018068, -0.018226
-1.037103, 1.043326, -0.214021
-0.683270, 0.880496, 0.088852
-0.760358, 0.986527, 0.004080
-0.763886, 1.039444, 0.081605
-0.921146, 1.022820, -0.036396
0.497469, -0.456142, -0.348240
0.476215, -0.474899, -0.263821
0.511711, -0.337239, -0.320749
0.485409, -0.360726, -0.299416
0.643809, -0.435594, -0.381021
0.587918, -0.463204, -0.322502
0.632039, -0.387530, -0.391144
0.574315, -0.321289, -0.294514
1.522992, -0.723055, -0.931412
1.580006, -0.737495, -0.800343
1.583686, -0.746931, -0.892690
1.466276, -0.767427, -0.821173
1.809489, -0.705507, -0.984032
1.771530, -0.715739, -0.838598
1.665420, -0.729587, -0.898884
1.766810, -0.745658, -0.814034
-0.098393, 0.326646, -0.390699
-0.197475, 0.362764, -0.294687
-0.085095, 0.476032, -0.388710
-0.116607, 0.498795, -0.369957
0.091906, 0.342799, -0.444558
0.034799, 0.375258, -0.384006
0.019370, 0.482482, -0.407010
-0.035732, 0.452999, -0.383966
-1.051765, 1.049364, -0.911627
-0.954943, 1.070873, -0.112395
-0.954901, 1.022687, -0.062023
-0.880357, 0.991092, -1.044267
-0.958799, 0.951523, 0.019433
-0.997194, 0.979848, -0.110129
-0.964843, 1.041489, -0.056275
-0.997973, 1.038092, -0.178186
0.172066, -0.442925, -0.285566
0.112692, -0.505153, -0.218401
0.082884, -0.314326, -0.317042
0.091785, -0.407275, -0.213669
0.328406, -0.492771, -0.337162
0.303915, -0.499274, -0.257300
0.268504, -0.405159, -0.364219
0.218945, -0.389780, -0.227284
0.970166, -0.758109, -0.792169
1.145752, -0.764055, -0.796689
1.131075, -0.728436, -0.896346
1.181255, -0.760420, -0.817821
1.349487, -0.730037, -0.945322
1.193638, -0.776730, -0.802687
1.316040, -0.763632, -0.864906
1.257576, -0.766482, -0.823964
-0.385474, 0.354643, -0.354813
-0.405207, 0.342086, -0.299005
-0.380449, 0.479899, -0.340671
-0.422819, 0.520984, -0.319911
-0.219104, 0.359587, -0.388537
-0.321737, 0.424398, -0.343106
-0.224349, 0.483856, -0.401905
-0.359863, 0.525754, -0.282240
-0.159763, -0.438951, -0.274563
-0.245226, -0.526715, -0.165857
-0.178218, -0.312097, -0.257099
-0.223850, -0.339720, -0.181653
0.059339, -0.440033, -0.308402
-0.045883, -0.485328, -0.205342
0.040485, -0.395371, -0.249154
-0.103885, -0.404462, -0.192695
0.701071, -0.768230, -0.809774
0.549786, -0.823070, -0.751279
0.715095, -0.711614, -0.797795
0.708901, -0.713170, -0.771173
0.816994, -0.784669, -0.780633
0.848656, -0.778179, -0.758772
0.964318, -0.718566, -0.832492
0.877673, -0.716785, -0.754837
-0.756315, 0.318230, -0.328180
-0.692762, 0.370412, -0.267618
-0.738759, 0.478220, -0.323335
-0.772355, 0.473739, -0.291462
-0.646952, 0.395103, -0.342596
-0.579872, 0.405630, -0.260681
-0.588735, 0.475089, -0.317781
-0.666427, 0.475399, -0.243882
-0.230478, -0.706067, -0.215967
-0.152187, -0.660611, -0.174077
-0.122008, -0.548025, -0.267494
-0.183399, -0.562270, -0.185978
-0.054026, -0.660526, -0.268158
-0.084507, -0.663596, -0.203217
-0.051723, -0.530581, -0.234241
-0.062785, -0.608285, -0.186151
2.583177, -0.904076, -0.546363
2.127286, -0.859686, -0.656288
0.587205, -0.873220, -0.760091
0.658853, -0.853247, -0.745719
2.874844, -0.683810, -0.211026
2.871653, -0.765312, -0.299838
0.832268, -0.801186, -0.783250
0.748731, -0.913683, -0.728154
-0.703909, 0.197856, -0.340478
-0.777884, 0.160501, -0.296912
-0.691196, 0.255686, -0.329259
-0.771491, 0.212000, -0.256235
-0.518548, 0.192940, -0.354116
-0.581222, 0.107188, -0.297183
-0.635551, 0.212438, -0.323536
-0.625115, 0.214456, -0.248820
2.215382, -0.079741, -0.561956
2.265060, -0.013814, -0.492349
2.326586, 0.059014, -0.489957
2.226864, 0.081560, -0.511207
2.475217, -0.061581, -0.472827
2.388907, -0.031944, -0.474298
2.489902, 0.003156, -0.464789
2.459454, 0.009067, -0.459011
0.302377, 0.347967, 0.115399
0.244857, 0.425242, -0.021188
0.274165, 0.466011, 0.017991
0.291844, 0.580802, -0.030898
0.466885, 0.300095, 0.083128
0.341139, 0.425040, -0.027907
0.465765, 0.535408, 0.086921
0.368016, 0.579750, -0.035911
2.170620, -1.008583, -0.503830
2.056767, -1.003255, -0.469584
2.018256, -0.788049, -0.446602
2.078424, -0.836089, -0.413633
2.536717, -1.039425, -0.467574
2.230732, -1.016946, -0.478606
2.204716, -0.806947, -0.466624
2.125037, -0.958539, -0.414015
1.346253, -0.046526, -0.612124
1.267329, -0.097273, -0.561209
1.358484, 0.056584, -0.603520
1.373386, 0.040091, -0.595444
1.503561, -0.021729, -0.623310
1.487025, -0.048511, -0.584991
1.578321, 0.006060, -0.619775
1.572876, 0.081679, -0.590354
0.029581, 0.404580, 0.012434
-0.040196, 0.361184, -0.014491
0.107911, 0.477946, 0.017195
0.099691, 0.519849, 0.011861
0.196255, 0.430159, 0.056751
0.156888, 0.345264, -0.008837
0.167469, 0.502098, 0.085431
0.241460, 0.468494, 0.003365
1.784083, -0.974795, -0.536605
1.586460, -0.972803, -0.437242
1.703858, -0.809158, -0.526007
1.549768, -0.737949, -0.465064
1.882704, -1.012269, -0.528065
1.911221, -1.007558, -0.528918
1.945495, -0.883354, -0.477250
1.753303, -0.841726, -0.476927
0.797938, -0.033247, -0.515536
0.836686, -0.069001, -0.501262
0.940933, 0.051813, -0.574803
0.868105, 0.033926, -0.509594
1.178784, -0.088569, -0.589779
1.098705, -0.095508, -0.567807
1.155524, 0.090370, -0.593227
1.050519, 0.030763, -0.533543
-0.237515, 0.424834, 0.089110
-0.325405, 0.352162, -0.023275
-0.193713, 0.506644, 0.050959
-0.368722, 0.474110, -0.001932
-0.147761, 0.380895, 0.154175
-0.131028, 0.441589, -0.020630
-0.122824, 0.516417, 0.047503
-0.171597, 0.566775, 0.009144
1.261769, -0.994280, -0.496074
1.192293, -0.922750, -0.406210
1.145832, -0.734310, -0.426022
1.060900, -0.716073, -0.403287
1.463594, -0.994506, -0.519585
1.426791, -0.972415, -0.478837
1.442144, -0.732964, -0.483370
1.425372, -0.832626, -0.393266
0.532662, -0.047166, -0.510930
0.445075, -0.054249, -0.411909
0.601365, 0.089648, -0.505926
0.450425, 0.043005, -0.407596
0.752919, -0.054841, -0.539274
0.655439, -0.089685, -0.487196
0.689839, 0.051502, -0.526769
0.691957, 0.064677, -0.480511
-0.389940, 0.124369, -0.241838
-0.474927, 0.141446, -0.149362
-0.490464, 0.302291, -0.192447
-0.548930, 0.308601, -0.117589
-0.264930, 0.194760, -0.232261
-0.339530, 0.199057, -0.179995
-0.352901, 0.303063, -0.250412
-0.336065, 0.225436, -0.182017
2.698207, -0.762601, -0.488340
2.800000, -0.719810, -0.569376
0.956155, -0.850605, -0.703541
0.943174, -0.907255, -0.679213
1.592700, -0.835366, -0.734819
1.710527, -0.876940, -0.736086
1.184939, -0.806534, -0.764064
1.265164, -0.939038, -0.679615
2.035984, -0.923512, -0.858242
1.606451, -0.993084, -0.824495
-0.094067, -0.950123, -0.695360
-0.071567, -0.882974, -0.670524
0.560718, -0.964610, -0.762230
0.266660, -0.960897, -0.753896
0.089432, -0.885420, -0.790946
0.186076, -0.883042, -0.730445
1.409636, -1.019729, -0.780334
1.109639, -1.038166, -0.776604
-0.093506, -0.899108, -0.610192
-0.032054, -0.978229, -0.538342
0.634658, -0.998416, -0.804149
2.419509, -0.947364, -0.997892
0.061959, -0.850072, -0.642242
0.130641, -0.965743, -0.535726
-0.721477, -1.013060, -0.450414
-0.313854, -1.000000, -1.000000
-0.798078, -0.978586, -0.319212
-0.834654, -0.983703, -0.218959
-0.432165, -1.019724, -0.639251
-0.509873, -0.992315, -0.326808
-0.594888, -0.940695, -0.362217
-0.627928, -0.959978, -0.314311
0.817630, -1.086885, -1.090774
-0.680654, -1.002853, -0.731541
-0.706671, -0.950408, -0.765540
-0.637474, -0.906802, -0.683488
-0.025228, -1.017783, -0.922672
-0.570691, -0.992632, -0.695355
-0.569319, -0.902317, -0.779390
-0.454998, -0.965688, -0.653597
-0.362824, -1.061520, -0.938123
-0.665203, -1.050372, -0.830457
-0.717785, -0.983461, -0.182778
-0.711437, -1.022745, -0.059462
-0.064044, -1.062454, -1.025344
0.042230, -1.075262, -1.096600
-0.609960, -0.965639, -0.208961
-0.642686, -1.018470, -0.064724
0.150351, -1.026940, -0.592950
1.141679, -1.056722, -0.916276
-0.118039, -1.004724, -0.442363
-0.050803, -0.988024, -0.335550
2.073176, -1.037557, -1.017328
1.016118, -1.053538, -0.894980
0.122975, -1.010221, -0.454912
0.043896, -0.985918, -0.387979
1.021044, 0.409724, -0.371216
0.946115, 0.352370, -0.336711
1.069160, 0.439157, -0.382549
1.040360, 0.472658, -0.301641
1.217868, 0.370161, -0.390277
1.137647, 0.396084, -0.314480
1.225629, 0.462490, -0.385048
1.312322, 0.470580, -0.359182
-0.578130, -0.965610, -0.754128
-0.019512, -1.028808, -0.921506
-0.697185, -0.945130, -0.729511
-0.724205, -0.996994, -0.740326
1.289557, -1.060942, -1.023694
-0.076334, -0.995588, -0.863839
-0.566200, -0.746871, -0.933110
-0.599033, -0.948286, -0.784827
-0.537756, -1.057886, -0.717985
-0.334212, -1.065919, -0.848357
-0.711960, -1.024559, -0.060787
-0.697281, -1.016814, -0.003884
0.021108, -1.067551, -0.869857
-0.017650, -1.076230, -1.080451
-0.606736, -1.020414, -0.094279
-0.656771, -1.033021, -0.069310
1.356574, -0.961244, -0.952012
0.581075, -1.061216, -0.880519
-0.183324, -0.977712, -0.243238
-0.183662, -0.994288, -0.154618
1.907420, -0.932138, -0.974523
0.739547, -1.061084, -0.884283
0.056365, -0.996966, -0.346965
-0.048329, -0.987571, -0.158049
2.667690, 0.606903, -0.651050
2.749026, 0.498331, -0.739737
2.756188, -0.703595, 1.000000
2.674809, 0.527675, -0.754717
2.558437, 0.486497, 0.216260
2.558485, 0.773623, -0.577949
2.050286, -0.336244, 0.671360
2.532671, 0.709039, -0.624062
-0.648779, -0.975363, -0.234404
-0.405141, -1.061338, -0.857407
-0.732978, -0.997719, 0.101255
-0.843695, -0.992586, 0.102771
0.099694, -1.076632, -1.010905
-0.674804, -0.968019, -0.047086
-0.668843, -0.976726, 0.096753
-0.684439, -1.004997, 0.108174
-0.882527, -0.256924, -0.025501
-0.927948, -0.283687, 0.065360
-0.704450, -0.170969, -0.098914
-0.836037, -0.165790, 0.100739
-0.702936, -0.281872, -0.079994
-0.618074, -0.267547, -0.022481
-0.645593, -0.117893, -0.103036
-0.634738, -0.102663, -0.041864
0.776963, -1.063747, -1.066148
0.489829, -1.058284, -0.979476
-0.198509, -0.987227, 0.111504
-0.248224, -0.973316, 0.139280
0.028859, -0.984176, -0.372805
0.442766, -1.044376, -0.893547
-0.088823, -0.976934, 0.127144
-0.153655, -0.997658, 0.123329
0.242893, -1.037559, -0.912616
0.338351, -1.041320, -1.071360
-0.222540, -0.939283, 0.060728
-0.220956, -0.979625, -0.081870
0.210104, -0.981490, -0.541340
-0.036798, -0.912790, 0.029393
-0.083492, -0.963701, 0.007674
-0.111264, -0.978520, -0.084132
0.537355, -0.676288, -0.608856
0.496226, -0.633749, -0.487923
0.589275, -0.487061, -0.577724
0.569752, -0.558300, -0.508505
0.779360, -0.647723, -0.623012
0.629927, -0.602175, -0.516339
0.770396, -0.540775, -0.594811
0.799405, -0.582811, -0.581133
-0.832659, 0.597376, -0.007609
-0.787575, 0.599650, 0.128571
-0.823010, 0.751740, 0.013356
-0.899641, 0.703020, 0.070367
-0.606127, 0.585509, -0.029875
-0.707624, 0.628325, 0.029262
-0.650168, 0.640891, -0.045428
-0.609096, 0.707647, 0.041406
1.908542, -0.926874, -1.064747
0.501329, -0.917557, -0.224596
0.306260, -0.981398, 0.018342
0.320930, -0.941823, -0.041471
0.427275, -0.933769, 0.047799
0.653123, -0.938276, -0.557707
0.451231, -0.963712, 0.050046
0.566246, -0.916799, -0.120039
-0.678187, -0.246943, -0.169940
-0.763799, -0.225822, -0.105297
-0.695374, -0.103217, -0.186788
-0.777984, -0.123437, -0.101544
-0.546234, -0.296216, -0.212244
-0.638453, -0.268459, -0.122282
-0.562348, -0.159588, -0.211756
-0.669568, -0.168167, -0.126414
0.865198, -1.064943, -1.033639
0.595184, -1.067236, -0.947810
-0.205209, -1.001776, -0.108639
-0.268293, -0.969540, -0.051927
0.398602, -1.033877, -0.719150
0.197889, -1.018286, -0.610080
-0.153202, -0.991780, -0.111756
-0.104686, -1.014993, -0.019551
-0.270465, -0.239699, -0.135908
-0.264423, -0.226262, -0.066305
-0.196100, -0.159324, -0.138022
-0.179388, -0.180721, -0.011508
-0.062041, -0.257482, -0.173148
-0.164789, -0.247929, -0.049694
-0.078359, -0.153959, -0.146928
-0.097766, -0.193372, -0.069366
0.572009, -0.603559, -0.711005
0.681361, -0.630072, -0.654265
0.646086, -0.548788, -0.687110
0.528508, -0.475104, -0.658855
0.921228, -0.674865, -0.740538
0.752761, -0.620322, -0.641190
0.814419, -0.519543, -0.734100
0.746245, -0.466748, -0.649044
-0.814634, 0.547755, -0.209610
-0.688897, 0.631357, -0.128980
-0.784258, 0.718620, -0.248314
-0.848818, 0.747954, -0.101458
-0.639138, 0.590870, -0.234047
-0.678567, 0.602188, -0.148113
-0.629552, 0.660011, -0.197335
-0.625888, 0.641090, -0.113420
2.191891, -0.980743, -1.026191
2.161928, -0.851269, -1.032344
0.312366, -0.982177, 0.026984
0.341380, -1.021603, 0.057691
2.081309, -1.035948, -1.083046
0.523647, -0.953095, 0.046283
0.465191, -1.009179, 0.042699
0.387984, -0.955308, 0.073523
0.976299, -0.653936, -0.657883
0.843908, -0.613251, -0.542121
0.855237, -0.489225, -0.611029
0.919711, -0.525827, -0.560152
1.107645, -0.682951, -0.673669
1.063003, -0.648501, -0.600545
1.156676, -0.557359, -0.648187
1.122727, -0.543908, -0.618477
-0.502492, 0.593732, -0.053696
-0.498796, 0.630024, -0.014527
-0.526248, 0.681864, -0.051423
-0.479806, 0.702653, 0.058210
-0.343213, 0.550994, -0.095033
-0.325069, 0.629866, -0.062660
-0.344071, 0.716483, -0.090399
-0.370670, 0.692088, -0.058474
0.859182, -0.986449, -0.766261
0.683568, -0.912561, -0.147188
0.526839, -0.994687, 0.056584
0.661088, -0.926558, -0.164131
1.011106, -0.963932, -0.635091
0.742671, -0.919742, -0.014091
0.706306, -1.016180, -0.025663
0.718724, -0.915187, -0.150818
-0.088382, -0.269153, -0.306552
-0.166649, -0.232964, -0.194551
-0.142873, -0.173086, -0.222924
-0.213857, -0.149803, -0.178115
-0.083215, -0.229640, -0.237497
-0.018274, -0.282343, -0.210145
-0.007234, -0.181254, -0.271484
-0.081367, -0.106792, -0.211820
0.733282, -0.613576, -0.848396
0.623048, -0.633629, -0.762836
0.602766, -0.557335, -0.788285
0.612403, -0.486185, -0.747653
0.858137, -0.644273, -0.849667
0.941076, -0.611675, -0.760923
0.841675, -0.461677, -0.841382
0.751335, -0.470318, -0.748237
-0.778932, 0.632608, -0.313694
-0.745887, 0.579873, -0.285819
-0.732402, 0.682427, -0.313360
-0.816290, 0.669318, -0.253306
-0.612227, 0.593530, -0.334717
-0.610242, 0.577075, -0.241146
-0.664244, 0.700455, -0.326675
-0.562911, 0.681804, -0.291361
-1.028347, 0.242161, -0.021542
-1.046365, 0.219085, -0.051438
-1.026038, 0.279263, -0.096680
-1.033177, 0.261523, -0.061261
-0.626263, 0.144592, 0.062604
-0.623074, 0.168924, 0.127336
-0.748287, 0.299403, 0.079407
-0.727730, 0.328099, 0.112077
1.500193, -1.036011, -0.952948
0.913323, -1.013196, -0.688006
0.410363, -0.981754, -0.222127
0.336205, -1.013674, -0.055294
2.150265, -0.947765, -1.057326
2.566489, -0.796146, -1.022664
0.567932, -1.006236, -0.268233
0.523983, -0.990566, -0.183443
-0.989183, 0.988499, -0.805155
-0.776870, 0.972440, -0.973386
-0.946979, 0.810030, -1.052448
-0.773031, 0.678595, -1.065224
-1.000193, 0.967237, -0.241123
-1.035021, 0.967884, -0.256543
-1.092197, 0.860670, -1.047463
-0.987228, 0.867852, -1.000000
0.112466, -0.299188, -0.202980
0.092332, -0.266725, -0.129309
0.045898, -0.170790, -0.192345
0.067969, -0.188113, -0.130403
0.249301, -0.287479, -0.212310
0.254066, -0.291855, -0.176818
0.294264, -0.159419, -0.220719
0.208144, -0.140336, -0.109529
0.930398, -0.604618, -0.720858
0.912089, -0.660428, -0.676063
1.090824, -0.570622, -0.739661
0.907030, -0.517288, -0.696217
1.310993, -0.637404, -0.757272
1.169822, -0.680759, -0.719210
1.307968, -0.459467, -0.815183
1.123220, -0.539757, -0.736655
-0.522292, 0.543942, -0.201879
-0.476614, 0.594838, -0.111731
-0.533126, 0.655160, -0.226838
-0.511215, 0.697182, -0.095701
-0.319109, 0.597125, -0.209579
-0.352309, 0.624220, -0.166853
-0.379915, 0.645998, -0.211623
-0.277070, 0.658468, -0.170102
1.015818, -0.992555, -0.679039
1.786247, -1.058028, -1.035036
0.584954, -1.004141, 0.054002
0.550017, -0.989823, 0.075320
2.130526, -0.871699, -1.032282
1.373108, -1.043534, -0.950408
0.886935, -0.957727, -0.085052
0.668142, -0.978697, 0.041772
2.821057, 0.353477, -0.703382
2.529353, 0.622336, -0.935980
2.656895, 0.438796, -0.965976
2.735632, 0.436115, -0.976041
2.811543, 0.165973, -0.894476
2.520343, 0.586322, -0.670992
2.870080, 0.224501, -0.882284
2.781445, 0.196714, -0.984570
-0.499748, -1.050065, -0.907287
-0.689757, -0.995454, -0.728222
-0.900894, -0.975244, 0.017171
-0.874885, -0.983891, -0.068961
-0.402769, -1.033275, -0.733969
-0.756035, -0.931221, -0.017656
-0.709930, -1.003040, 0.079633
-0.706313, -0.983267, -0.072481
1.314126, -0.669149, -0.703410
1.433497, -0.696746, -0.628402
1.424917, -0.508976, -0.663367
1.267017, -0.493811, -0.644413
1.676684, -0.638616, -0.661460
1.670418, -0.684371, -0.644457
1.502005, -0.569365, -0.664727
1.536638, -0.548957, -0.646351
-0.203290, 0.627201, -0.132689
-0.206881, 0.568661, -0.008825
-0.195497, 0.641742, -0.134162
-0.281051, 0.664063, 0.004379
-0.081443, 0.600956, -0.163844
-0.124473, 0.613329, -0.077089
0.001531, 0.652335, -0.167617
-0.097320, 0.694102, -0.039842
1.396320, -1.042104, -0.968594
1.800542, -1.000000, -1.000000
0.764435, -1.001205, -0.097759
0.848036, -0.932369, -0.183644
2.779116, -0.783762, -1.022348
2.444744, -0.920492, -1.052865
1.049480, -0.983004, -0.100937
0.953827, -1.015294, -0.286787
-0.947757, 0.244657, 0.012174
-1.018219, 0.217224, -0.053517
-0.984107, 0.269671, 0.065785
-1.024255, 0.263093, -0.070219
-0.752167, 0.150608, 0.057501
-0.650717, 0.224068, 0.021774
-0.788742, 0.349609, 0.074841
-0.656865, 0.267877, 0.039187
0.630929, -1.028504, -0.558774
1.459634, -1.030972, -0.882736
0.512758, -0.999661, -0.395211
0.562714, -0.988561, -0.321598
1.429538, -1.035965, -0.829847
2.800000, -0.807607, -0.989608
0.709352, -1.009247, -0.384928
0.622514, -0.999751, -0.321798
-0.898488, 0.633316, -1.042192
-0.997355, 0.985911, -0.548280
-0.958595, 0.946129, -0.998582
-0.795604, 0.697547, -0.977177
-0.978610, 0.961129, 0.002277
-0.986768, 0.961822, -0.121479
-0.718816, 1.030996, -1.066947
-1.002578, 0.886604, 0.006444
0.139817, -0.297864, -0.315279
0.172925, -0.289271, -0.231056
0.216254, -0.165899, -0.356914
0.096321, -0.109411, -0.219739
0.319205, -0.229845, -0.347062
0.294225, -0.209738, -0.263119
0.376222, -0.160756, -0.354526
0.248614, -0.111514, -0.248032
1.096595, -0.577924, -0.802455
1.024924, -0.604094, -0.764406
1.158669, -0.526984, -0.804846
1.048189, -0.469382, -0.771307
1.218619, -0.733910, -0.905516
1.227914, -0.717488, -0.798344
1.379865, -0.475766, -0.858887
1.195800, -0.540155, -0.792983
-0.424233, 0.599372, -0.323662
-0.491069, 0.580697, -0.297022
-0.355870, 0.634362, -0.361960
-0.534966, 0.676077, -0.266890
-0.259955, 0.534266, -0.379375
-0.290294, 0.546977, -0.290241
-0.301756, 0.648369, -0.379494
-0.248672, 0.646755, -0.284626
-0.571661, 0.179892, 0.072548
-0.572342, 0.227623, 0.084801
-0.621756, 0.267498, 0.083897
-0.604676, 0.345930, 0.093971
-0.456449, 0.151857, 0.033225
-0.462503, 0.210520, 0.093424
-0.517378, 0.308184, 0.046215
-0.478321, 0.338637, 0.065976
0.918867, -0.994279, -0.486490
2.366767, -0.904950, -1.054509
0.772390, -1.011821, -0.356405
0.736023, -1.012824, -0.349248
2.800000, -0.925029, -0.961418
2.146910, -0.845768, -0.935683
0.978941, -1.003242, -0.375358
0.726149, -0.987448, -0.241276
-1.068589, 0.952602, -0.234961
-1.066855, 0.979068, -0.141739
-0.997590, 0.944465, -0.725479
-1.078851, 0.938265, -0.665822
-0.956048, 0.987928, -0.127768
-0.987049, 0.955171, -0.021300
-1.005055, 0.927835, -0.076728
-0.807897, 0.971772, -0.849696
0.450432, -0.220501, -0.252379
0.364645, -0.255913, -0.203022
0.362540, -0.137589, -0.221054
0.330556, -0.145194, -0.121863
0.580296, -0.220159, -0.266300
0.534297, -0.282263, -0.221305
0.569451, -0.110315, -0.264481
0.488695, -0.204881, -0.224200
1.421727, -0.588915, -0.790708
1.519369, -0.627909, -0.744379
1.541780, -0.445488, -0.842018
1.491623, -0.481077, -0.777321
1.775552, -0.698469, -0.757871
1.652960, -0.683597, -0.754659
1.813125, -0.454068, -0.787877
1.713884, -0.466902, -0.727431
-0.175187, 0.541439, -0.254565
-0.229061, 0.540110, -0.187810
-0.116461, 0.635531, -0.202773
-0.258283, 0.691060, -0.156672
-0.072359, 0.581506, -0.242857
0.025089, 0.545393, -0.228091
-0.054092, 0.654031, -0.294513
-0.063497, 0.636985, -0.174371
1.800212, -1.040623, -0.973467
1.402035, -1.039590, -0.926111
0.978978, -1.012128, -0.255023
0.914618, -0.938491, -0.014428
2.111244, -0.971562, -0.911994
2.123314, -0.987941, -1.036106
1.285322, -0.973614, -0.157023
1.241019, -0.937412, -0.170713
1.965728, -0.637782, -0.615311
1.914748, -0.664092, -0.604818
1.752567, -0.466314, -0.690893
1.805542, -0.519710, -0.635205
2.094810, -0.702920, -0.681183
2.095530, -0.695165, -0.587365
2.148211, -0.547059, -0.662122
2.077764, -0.518237, -0.587775
0.068197, 0.619696, -0.178641
0.021134, 0.636976, -0.019572
0.081037, 0.653481, -0.179684
0.084201, 0.649129, -0.034764
0.196879, 0.548084, -0.182357
0.160216, 0.583278, -0.108755
0.225871, 0.638223, -0.182255
0.165064, 0.674761, -0.115563
1.819505, -0.986323, -0.977786
2.227298, -1.000000, -1.000000
1.305232, -0.976895, -0.229603
1.016114, -0.903244, -0.248532
1.653295, -0.922464, -0.490499
2.800000, -0.818090, -1.000000
1.264868, -0.987065, -0.263762
1.210698, -0.923665, -0.308203
2.443684, 0.364242, -0.956813
2.693344, 0.330978, -1.000000
2.550503, 0.590571, -0.783278
2.458394, 0.453818, -0.996596
2.490174, 0.516892, -0.425658
2.290493, 0.177719, -0.077827
2.078164, 0.260105, -0.898825
2.550643, 0.593613, -0.440544
2.502498, 0.033800, -0.053928
2.577774, 0.478897, -0.924281
2.556951, 0.596399, -0.706505
2.458667, 0.480070, -0.869302
2.035978, -0.427580, 0.813687
2.694700, 0.099479, -1.080162
2.431623, -0.386439, 0.099288
2.138591, 0.697755, 0.624363
2.740241, -0.075170, -0.953769
2.593147, 0.005731, -0.949648
2.779438, 0.010875, -1.080777
2.589430, 0.028977, -1.000806
2.551478, -0.232723, -0.460984
2.615066, 0.180750, 0.408157
2.380700, -0.011441, 0.496781
2.154789, -0.525546, 0.627847
2.542787, 0.633154, -0.603069
2.578245, 0.689745, -0.701162
2.523534, 0.347059, 0.033718
2.561563, 0.767624, -0.611042
2.423303, 0.163672, 0.524522
2.577936, 0.637101, 0.550397
2.043677, 0.686969, 0.698915
2.457828, 0.722838, 0.700769
0.957483, 0.999799, -0.551438
0.934201, 0.996188, -0.544372
1.095946, 1.020798, -0.631406
2.790259, 0.502866, -0.661682
1.073493, 1.014933, -0.591874
1.050247, 1.014937, -0.604320
2.812359, 0.322402, -0.569844
2.800000, 0.975370, -0.554774
2.584263, -0.200173, -0.949267
2.652291, -0.235064, -0.746361
2.685645, -0.115263, -1.058069
2.783361, -0.206043, -0.600413
2.586953, 0.211725, 0.325719
2.463897, -0.746850, 0.930914
2.549550, -0.509332, -0.391665
2.485722, -0.632103, 1.063055
2.696181, -0.194066, -0.285797
2.596322, -0.044933, -0.321248
2.633038, -0.050825, -0.408686
2.581851, 0.063146, -0.305699
2.757064, -0.187740, -0.411554
2.861870, -0.167088, 0.646739
2.742864, -0.109923, -0.490437
2.682875, -0.099752, -0.240149
2.746122, -0.129852, -0.707974
2.674394, -0.133953, -0.514648
2.604756, 0.003945, -0.957780
2.621633, -0.037455, -0.960483
2.727594, 0.023990, -0.285561
2.798568, 0.193239, 0.665792
2.723052, 0.108654, 0.137425
2.682539, 0.056565, 0.875475
0.862494, 0.978097, -0.459089
0.807333, 0.976712, -0.395435
2.873447, 0.812141, -0.777777
2.187958, 1.024636, -0.941772
1.064815, 1.007279, -0.579131
0.833050, 0.971005, -0.369091
2.786258, 1.007006, -0.925167
2.720142, 1.010129, -0.977433
2.748835, -0.248379, -0.521735
2.741453, -0.395036, -0.331272
2.781897, -0.232263, -0.533423
2.781068, -0.226479, -0.598869
2.727200, -0.271121, -0.460413
2.762960, 0.029012, 1.037408
2.709916, 0.091526, 0.219422
2.683780, -0.123849, 1.053252
0.770620, 0.722074, -0.481245
0.911378, 0.843320, -0.497103
0.894061, 0.863512, -0.540458
0.830989, 0.883087, -0.489365
1.170074, 0.827032, -0.579602
0.920916, 0.836138, -0.457786
1.141918, 0.959382, -0.580127
1.090189, 1.011222, -0.582897
2.644566, -0.432800, -0.691464
2.691037, -0.494021, -0.029117
2.800000, -0.099120, -1.000000
2.736497, -0.302638, -0.593149
2.226872, -0.807724, 0.649593
2.417959, -0.827057, 0.392117
2.555360, -0.574819, -0.216632
2.510018, -0.442375, 0.270489
0.672382, 0.316630, -0.290517
0.604155, 0.420453, -0.191986
0.687110, 0.491489, -0.283509
0.608242, 0.544534, -0.158871
0.876069, 0.312253, -0.334005
0.711288, 0.347055, -0.202944
0.830704, 0.501283, -0.326863
0.800148, 0.513847, -0.228258
2.676785, -0.854028, -0.686260
2.647224, -0.818844, -0.760219
2.677822, -0.857193, -0.659350
2.627801, -0.830094, -0.732372
2.496013, -0.355911, 0.020165
2.823302, -1.096626, -0.024953
2.633777, -0.679407, 0.092546
2.353035, -0.706753, 0.762301
0.851723, 0.845524, -0.397408
0.772423, 0.774883, -0.322937
0.737663, 0.867666, -0.362198
0.646740, 0.986363, -0.306733
1.053642, 0.831816, -0.416938
0.904259, 0.757858, -0.370739
1.002811, 0.905483, -0.471554
0.881767, 0.961186, -0.376388
2.761570, -0.428320, -0.325878
2.745954, -0.451518, -0.325923
2.747484, -0.375391, -0.361270
2.737131, -0.411474, -0.296853
2.570462, -0.570344, 0.571311
2.727104, -0.435100, -0.256565
2.316615, -0.699200, 0.554852
2.758327, -0.500354, -0.009778
0.833224, 0.362552, -0.437720
0.732861, 0.322261, -0.312833
0.716536, 0.458152, -0.391409
0.708572, 0.439385, -0.312342
0.880632, 0.366014, -0.394615
0.909721, 0.314525, -0.378247
1.038179, 0.467005, -0.461766
0.926853, 0.464210, -0.375855
2.689768, -0.884886, -0.403444
2.676456, -0.944618, -0.299768
2.630529, -0.920523, -0.284619
2.638410, -0.919759, -0.465665
2.013940, -0.186952, 1.096598
1.829711, -1.000000, 1.000000
2.648611, -0.549249, 0.876749
2.610802, -0.923596, -0.446651
0.577885, 0.390051, -0.125264
0.667022, 0.325265, 0.015777
0.649326, 0.488375, -0.051865
0.636930, 0.559530, 0.021045
0.715940, 0.330769, -0.067671
0.687521, 0.432532, 0.021545
0.810549, 0.546627, -0.068026
0.772828, 0.511207, 0.003137
2.644757, -0.832531, -0.716765
2.472262, -0.943690, -0.621492
2.622079, -0.831453, -0.737736
2.607402, -0.711902, -0.282040
2.655298, -0.732666, 0.494833
2.800000, -1.000000, -0.084067
2.819933, -0.897563, 0.132802
2.701427, -0.775408, -0.242002
0.722592, 0.766876, -0.293989
0.649250, 0.883998, -0.215129
0.731422, 0.913446, -0.300869
0.596627, 0.969422, -0.142774
0.761125, 0.788604, -0.289204
0.820369, 0.757632, -0.198456
0.947629, 0.909960, -0.357661
0.732775, 0.941908, -0.224490
2.726170, -0.478355, -0.257688
2.755395, -0.450377, -0.118205
2.754477, -0.440854, -0.111056
2.711049, -0.440441, -0.317292
2.724272, -0.441349, 0.000672
2.779207, -0.444440, -0.011555
2.744620, -0.588319, 1.060818
2.765338, -0.431800, -0.096387
1.819000, -0.066865, -0.610451
1.674386, -0.016143, -0.596756
1.647977, 0.047576, -0.602538
1.641602, 0.015559, -0.589661
1.908221, -0.085588, -0.606403
1.907793, -0.038267, -0.547095
2.090143, 0.020892, -0.537439
1.963192, 0.035164, -0.534664
0.619391, 0.416550, 0.025713
0.426150, 0.333759, -0.046547
0.510100, 0.571294, 0.081688
0.431582, 0.496984, -0.049929
0.744123, 0.371859, 0.017069
0.615749, 0.413027, -0.074354
0.748469, 0.451734, 0.016397
0.613543, 0.575126, -0.088518
2.575938, -0.946152, -0.374419
2.674682, -0.998918, -0.191233
2.545970, -0.742991, -0.424541
2.454982, -0.896241, -0.467668
2.800000, -1.000000, 0.569090
2.872671, -0.803437, 0.697848
2.791233, -0.869744, -0.121210
2.800000, -0.898629, 0.428018
0.599141, 0.992172, -0.237314
0.710107, 0.986372, -0.037531
2.361461, 0.997022, -0.968418
1.858476, 1.046099, -0.935224
0.791620, 0.975152, -0.313231
0.774161, 0.996211, -0.153089
0.965064, 0.992016, -0.551273
1.824126, 1.036863, -0.917905
2.735398, -0.340514, -0.341995
2.696364, -0.357146, -0.278456
2.699971, -0.257888, -0.244048
2.561463, -0.180065, -0.446323
2.762450, -0.421989, 0.246157
2.712481, -0.325668, -0.161615
2.814587, -0.287817, 1.056154
2.722878, -0.301197, -0.117477
0.687330, 0.748435, -0.058625
0.543356, 0.987650, 0.068313
0.682842, 1.010655, -0.026255
0.671227, 1.054103, 0.030401
0.788880, 0.790539, -0.081279
0.676329, 0.990355, 0.049694
0.730645, 0.968358, -0.060536
0.751561, 1.047473, 0.008063
2.533184, -0.515852, -0.359651
2.570309, -0.531439, -0.289599
2.527487, -0.413966, -0.456185
2.532088, -0.458502, -0.322319
2.850957, -0.469856, 0.094341
2.722033, -0.512424, -0.107614
2.701560, -0.536971, 0.701810
2.837108, -0.464116, -0.021032
1.752023, -0.004666, -0.553489
1.647787, -0.007938, -0.483608
1.752610, 0.070662, -0.522303
1.578662, 0.038235, -0.471622
1.828001, -0.026440, -0.537131
1.865373, -0.065587, -0.460895
1.913760, 0.059815, -0.523983
1.824132, 0.027825, -0.485187
0.464559, 0.383899, -0.028498
0.554317, 0.477825, 0.009908
0.435282, 0.609253, -0.023440
0.533023, 0.578516, -0.004431
0.660790, 0.436493, -0.074288
0.585148, 0.436681, -0.042388
0.641970, 0.596019, -0.076318
0.691240, 0.526253, -0.032431
2.695709, -1.036852, -0.267222
2.518087, -1.051630, -0.464167
2.537946, -0.762626, -0.398371
2.434405, -0.804048, -0.384521
2.829672, -0.996023, -0.173165
2.781337, -1.026548, -0.275807
2.675432, -0.863466, -0.309430
2.731936, -0.849803, -0.298923
0.641589, 0.975075, 0.064656
0.595518, 1.010651, 0.036349
0.714415, 0.959293, -0.071538
1.400793, 1.035113, -0.928555
0.784127, 1.014084, 0.019498
0.738339, 0.959386, 0.019135
2.800000, 0.761666, -0.889121
2.889476, 0.619443, -0.955324
2.653531, -0.276741, -0.436059
2.561150, -0.293632, -0.362406
2.704743, -0.251522, -0.313023
2.490439, -0.159291, -0.454771
2.791023, -0.819785, 0.586969
2.856980, -0.299168, 0.403625
2.709877, -0.238833, -0.283744
2.835676, -0.242077, 0.056805
1.808964, 0.345207, -0.610454
1.783421, 0.404112, -0.547810
1.658887, 0.407766, -0.596422
1.682327, 0.469424, -0.543906
1.979617, 0.307335, -0.569873
2.000242, 0.320552, -0.523427
2.084594, 0.487675, -0.534064
1.947444, 0.439037, -0.511896
0.607400, 0.977964, 0.016023
0.616811, 0.736694, -0.072607
0.652937, 1.019252, -0.017873
0.559787, 1.006076, -0.122895
0.718711, 0.984938, 0.016595
0.723924, 0.924188, -0.117627
0.814719, 1.027847, -0.056149
0.760193, 1.005837, -0.179821
2.562459, -0.464243, -0.333789
2.615692, -0.503806, -0.272448
2.607635, -0.478585, -0.240526
2.582567, -0.401515, -0.359447
2.743417, -0.507818, -0.055732
2.685291, -0.573160, -0.152131
2.800007, -0.365858, -0.371175
2.741253, -0.483691, -0.116552
1.849927, 0.606612, -0.521639
1.645896, 0.597364, -0.524212
1.686658, 0.618465, -0.546167
1.657681, 0.674294, -0.519870
1.997095, 0.522677, -0.529305
2.076837, 0.601297, -0.455133
2.114397, 0.684679, -0.542572
2.031158, 0.633939, -0.432268
0.656052, 0.976548, 0.009754
0.511379, 0.964960, -0.068816
0.953144, 0.976997, -0.746554
1.205062, 1.013306, -0.994109
0.806775, 0.896713, -0.086650
0.791131, 0.898781, -0.110218
2.517175, 0.895966, -1.030333
1.280177, 0.982939, -1.024860
2.683102, -0.297645, -0.241550
2.771791, -0.315929, -0.179171
2.604109, -0.230351, -0.357879
2.662320, -0.273690, -0.330712
2.684326, -0.373652, -0.185226
2.800000, -0.293264, 0.151624
2.857533, -0.279531, 0.129053
2.861886, -0.268211, 0.169625
1.793269, 0.772987, -0.569414
1.787147, 0.819853, -0.509581
1.739733, 0.937016, -0.568023
1.772646, 1.025407, -0.584452
2.119289, 0.893866, -0.604605
1.975031, 0.781565, -0.483121
2.078879, 1.006285, -0.533497
2.017952, 1.010320, -0.516316
2.586854, -0.063855, -0.351485
2.620481, -0.101556, -0.359534
2.535241, 0.087614, -0.388482
2.891984, 0.235607, 0.008658
2.800000, -0.219587, 0.313628
2.800000, -0.059779, 0.098929
2.867011, 0.167807, 0.051548
2.886509, 0.099555, -0.061140
-0.057608, 0.916356, -0.776030
-0.025750, 0.924221, -0.690041
0.920179, 0.968922, -0.910769
2.800000, 0.983943, -0.981579
0.103350, 0.871756, -0.814257
0.096277, 0.858451, -0.704446
2.630564, 0.933764, -0.774170
1.255194, 0.979215, -0.917504
0.306943, 0.744820, -0.962754
0.419758, 0.876263, -0.828841
0.456385, 0.860040, -0.846950
1.660318, 0.858177, -0.740941
0.536625, 0.713174, -0.951085
0.651747, 0.861860, -0.805381
2.458215, 0.897692, -0.615445
2.175438, 0.895195, -0.710914
-0.073576, 0.834329, -0.951037
-0.084740, 0.813856, -0.950206
0.896524, 0.926166, -0.901802
0.113708, 0.940310, -0.892493
0.222883, 0.758419, -0.962713
0.178720, 0.892798, -0.822859
1.114205, 0.852846, -0.853875
0.704281, 0.917412, -0.894453
0.317794, 0.824463, -0.791881
0.275815, 0.930224, -0.670804
2.896110, 0.926715, -0.716523
1.026579, 0.963048, -0.904009
0.444835, 0.863257, -0.789696
0.542111, 0.931676, -0.707741
2.800000, 0.642580, -0.556363
1.228076, 0.942307, -0.767016
0.853011, 0.766729, -0.912647
0.782516, 0.911048, -0.792184
0.918115, 0.843959, -0.868636
0.876039, 0.926529, -0.825978
0.904918, 0.734369, -0.995892
0.870482, 0.861670, -0.855364
1.995681, 0.838894, -0.673563
2.599358, 0.882259, -0.528605
-0.251082, 0.872045, -0.929092
-0.340455, 0.879682, -0.808209
1.690543, 0.853978, -0.878144
0.682150, 1.007005, -0.995520
-0.171503, 0.914795, -0.912011
-0.168919, 0.823995, -0.919994
2.200241, 0.658969, -0.921078
2.396415, 0.917685, -0.961084
2.705813, -0.285416, -0.695722
2.115607, -0.191102, -0.922052
2.627860, -0.105540, -0.747552
1.938992, -0.030582, -0.962875
2.770703, -0.136149, -0.524539
2.466978, -0.332232, -0.832705
2.755937, -0.043360, 0.018472
2.440087, -0.149455, -0.787104
0.208154, 0.913389, -0.641810
0.270696, 0.924501, -0.628190
0.573129, 0.982723, -0.754388
0.599760, 0.986770, -0.757206
0.464770, 0.872278, -0.682080
0.372265, 0.972133, -0.592343
0.429201, 0.982696, -0.664022
2.536065, 0.943244, -0.892946
0.729359, 0.546880, -0.362256
0.842393, 0.569028, -0.360768
0.868814, 0.640088, -0.433709
0.714891, 0.692952, -0.319757
1.075935, 0.583234, -0.483277
0.908978, 0.586708, -0.377281
1.041183, 0.655360, -0.447825
0.883783, 0.642580, -0.359977
2.700885, -0.835013, -0.317632
2.675266, -0.763315, -0.418481
2.721398, -0.476599, -0.271187
2.705599, -0.540069, -0.328445
2.209473, -0.731007, -1.089052
2.675660, -0.897486, 0.556190
2.560860, -1.000000, 0.724859
2.774650, -1.000000, 0.896355
0.947811, 0.755403, -0.962501
0.945857, 0.773198, -0.961494
2.756561, -0.145468, 0.307993
2.863889, 0.346669, 0.187539
1.458712, 0.607807, -0.988600
1.373543, 0.635118, -0.835588
1.199481, 0.708531, -0.801656
1.307907, 0.736316, -0.745934
0.822431, 0.832384, -0.873880
0.698512, 0.937864, -0.747778
2.898570, 0.888865, -0.315580
2.253296, 0.921498, -0.693551
0.839033, 0.949281, -0.792371
0.835687, 0.844631, -0.776716
2.800000, 0.847465, -0.363197
1.062573, 0.969644, -0.791259
2.632877, 0.402151, 0.593946
2.725329, -0.196881, -0.564996
2.730532, 0.041679, 0.323060
2.591598, -0.123280, -0.834005
2.667852, -0.104278, 0.145486
2.601916, -0.150092, -0.758486
2.667682, 0.114534, 0.341315
2.568283, -0.022404, -0.761607
0.628127, 0.844244, -0.725834
0.670024, 0.929289, -0.651533
0.805696, 0.971990, -0.803141
2.242194, 0.938844, -0.715071
0.902956, 0.956660, -0.724379
0.883773, 0.916398, -0.713531
1.405280, 0.935697, -0.720969
1.046783, 0.993379, -0.754566
0.660423, 0.593185, -0.278507
0.697077, 0.571145, -0.248722
0.735552, 0.623227, -0.288571
0.715133, 0.657115, -0.234332
0.763567, 0.603061, -0.289938
0.868842, 0.618029, -0.301447
0.870472, 0.658466, -0.331133
0.779303, 0.634925, -0.265703
2.673252, -0.802642, -0.490845
2.634687, -0.771216, -0.509677
2.697066, -0.670058, -0.318809
2.662794, -0.647398, -0.371606
2.644166, -0.789288, -0.498723
2.779890, -0.890860, 0.675164
2.778861, -0.456021, 0.106363
2.826033, -0.923582, 1.073339
0.951553, 0.814008, -0.842785
0.986332, 0.812688, -0.814814
2.806809, 0.212806, 0.643315
2.800000, 0.323205, -0.296525
1.165712, 0.795953, -0.761052
1.301312, 0.868660, -0.653516
2.813468, 0.655805, -0.409970
2.389725, 0.746015, -0.638787
1.727474, 0.657863, -0.794979
1.709913, 0.687057, -0.871961
2.075078, 0.773194, -0.723159
2.643627, 0.102465, 0.955836
1.985341, 0.680496, -0.807467
1.965050, 0.657120, -0.849317
2.649329, -0.263819, 1.000000
2.820548, 0.208759, 0.987634
2.798984, 0.160959, -1.021473
2.665986, 0.111092, -1.051713
2.724094, 0.232669, -1.000000
2.644886, 0.314490, -1.000000
1.988405, 0.331637, 0.689796
2.590187, 0.329831, 0.441760
2.339899, 0.846218, 0.503336
2.608213, 0.425606, 0.478244
-1.055574, -0.940731, -0.616299
-1.037389, -1.030499, -0.639580
-0.993216, -0.846112, 0.083108
-1.064072, -0.848511, -0.632367
-0.983021, -0.814973, 0.049899
-1.002184, -0.890556, -0.082985
-1.028275, -0.785289, 0.027045
-1.019330, -0.844582, -0.115963
2.083328, 0.646740, -0.930961
2.091151, 0.657269, -0.974791
2.800000, -0.113729, 1.000000
2.569873, -0.252150, 0.260389
2.416797, 0.487181, -0.888202
2.439716, 0.549809, -0.737822
2.710111, -0.088256, 1.037332
2.420676, 0.729489, -0.467912
0.253063, 0.605255, 0.095577
0.321169, 0.608461, -0.028159
0.375114, 0.607093, -0.022778
0.309400, 0.652947, -0.060453
0.392949, 0.587503, 0.001705
0.344805, 0.623819, -0.034926
0.500986, 0.649101, -0.008395
0.452004, 0.640028, -0.054818
2.071741, -0.653543, -0.464818
2.152036, -0.698918, -0.455208
2.264028, -0.528667, -0.528642
2.070568, -0.581264, -0.452838
2.262406, -0.633920, -0.485510
2.309502, -0.684719, -0.441365
2.373202, -0.550723, -0.494725
2.126763, -0.601481, -0.429249
1.385011, 0.094665, -0.595023
1.244765, 0.143324, -0.562798
1.257792, 0.304334, -0.604006
1.251605, 0.272155, -0.538110
1.520541, 0.150350, -0.600900
1.545364, 0.158339, -0.570622
1.610493, 0.286329, -0.589281
1.597881, 0.230939, -0.574283
2.810127, -0.202880, -0.819802
2.889406, -0.175069, -1.028287
2.652051, -0.159000, -0.868851
2.800000, -0.095706, -1.000000
2.858657, -0.175730, -0.910255
2.804099, -0.046446, -0.971590
2.757218, -0.032031, -0.909628
2.837149, 0.028903, -0.974440
0.505945, 0.933500, -0.527081
0.478544, 0.991416, -0.461787
2.751320, 0.963524, -0.867053
2.512373, 0.930586, -0.908395
0.791307, 0.952810, -0.561478
0.883659, 0.986278, -0.549959
2.879266, 0.848363, -0.439091
0.993636, 1.012139, -0.596944
0.665500, 0.616685, -0.001066
0.582950, 0.657931, 0.070996
0.620855, 0.635584, -0.104173
0.652412, 0.686005, 0.057088
0.742054, 0.570136, -0.169783
0.681225, 0.620214, 0.047101
0.741626, 0.699345, -0.057816
0.722146, 0.675678, 0.036316
2.573865, -0.646984, -0.298249
2.587271, -0.600280, -0.285075
2.621145, -0.619239, -0.229155
2.607298, -0.573977, -0.201845
2.746520, -0.656328, 0.223313
2.794380, -0.654783, -0.065029
2.827947, -0.694817, 0.658889
2.800000, -0.600718, 0.463032
2.110303, -0.185013, 0.705738
2.634229, -0.175550, -0.218091
2.530251, -0.208991, 0.161850
2.648292, -0.173971, -0.319146
2.211635, -0.698068, 0.252831
2.196995, -0.576638, 0.666028
1.858422, -0.935043, 0.816875
1.922207, 0.053248, 1.000000
0.981150, 0.916671, -0.719991
0.929988, 0.919328, -0.708345
1.207590, 0.950877, -0.687194
2.733089, 0.794935, -0.598713
1.108352, 0.962042, -0.653977
1.139887, 0.957752, -0.646625
1.415554, 0.907591, -0.625943
2.398843, 0.889349, -0.732873
1.525011, 0.669336, -0.819548
1.464213, 0.774642, -0.704795
2.603024, 0.260646, 0.782846
1.808493, 0.845388, -0.732811
1.735133, 0.704933, -0.803241
1.821030, 0.827251, -0.749846
1.919871, 0.879916, -0.736346
2.753302, 0.037623, 0.740213
2.587329, 0.956957, -0.389070
2.339504, 0.990115, -0.625509
2.711450, 0.934053, -0.261487
2.602489, 0.962591, -0.400644
2.675793, 0.936762, -0.228895
2.562387, 0.983748, -0.462281
2.757154, 1.007987, -0.143538
2.672701, 0.944988, -0.262165
2.792511, 0.923579, -0.110758
2.454023, 0.860422, -0.601699
2.665590, 0.559515, 0.761077
2.577174, 0.015133, 1.001100
2.779327, 0.994268, -0.142183
2.730049, 0.941917, -0.239638
2.716711, 0.636192, 0.632189
2.524415, 0.604777, 0.572278
2.552799, -0.038710, -0.992984
2.613271, -0.052948, -1.043228
2.610008, 0.281705, -1.000000
2.613230, 0.331778, -1.026194
2.744837, 0.203661, 0.329219
2.690513, 0.271559, 0.383975
2.547833, 0.411279, 0.399522
2.495312, 0.118724, -1.020194
-1.000729, -0.943545, -0.124121
-1.061151, -0.979645, -1.045691
-1.005741, -0.876373, -0.151900
-1.034572, -0.903012, -0.398997
-1.013735, -0.866440, -0.068845
-1.035616, -0.883381, -0.039157
-0.996708, -0.811480, 0.024191
-1.034742, -0.846263, -0.011227
2.123053, 0.881638, -0.749519
2.123011, 0.833546, -0.792479
2.838582, 0.542730, -0.375043
2.590829, 0.266108, 1.000000
2.253410, 0.835199, -0.679519
2.426707, 0.909000, -0.550402
2.705160, 0.523196, 0.726646
2.446567, 0.248905, 0.843604
1.512171, 0.820889, -0.683231
1.625329, 0.917785, -0.624482
2.023687, 0.934940, -0.734434
1.661601, 0.968650, -0.592591
1.753998, 0.837860, -0.724763
1.840814, 0.828411, -0.781085
2.756792, 0.159451, 0.246813
2.756036, 0.679413, -0.461952
2.244318, 1.009076, -0.551751
2.302025, 1.034871, -0.583108
2.696496, 0.895593, -0.078804
2.173704, 0.001170, -0.054240
2.566261, 1.002069, -0.479195
2.486746, 0.990206, -0.561208
2.129962, 0.192259, 0.266496
2.625870, 0.875119, -0.122762
-0.959964, -0.981081, -0.041205
-1.025009, -0.954786, 0.033206
-0.979677, -0.868306, 0.002061
-1.010580, -0.758615, 0.055406
-0.821976, -1.032362, -0.040366
-0.799892, -1.017091, 0.037208
-0.640704, -0.939084, 0.012695
-0.818245, -0.832146, 0.088751
2.549857, 0.665602, -0.608233
2.664306, 0.838584, -0.280528
2.548944, -0.436983, 1.095013
2.566688, -0.344079, 1.045101
2.744854, 0.836289, -0.219294
2.768071, 0.920404, -0.176814
2.745665, 0.865778, 0.063563
2.285890, -0.226885, 1.033120
2.371608, 0.094663, -0.480411
2.217796, 0.106122, -0.513167
2.230105, 0.242145, -0.553922
2.069758, 0.276251, -0.526711
2.510902, 0.158447, -0.400094
2.442546, 0.184842, -0.435636
2.509747, 0.197764, -0.385732
2.423374, 0.199910, -0.443646
1.373620, 0.932984, -0.589520
1.289734, 0.999677, -0.564039
2.861030, -0.022364, -0.098968
2.783768, 0.013629, -0.097544
1.630573, 0.852944, -0.669730
1.643235, 0.996270, -0.539993
2.403438, 0.872605, -0.651208
1.791148, 1.005311, -0.547108
1.745172, 0.177072, -0.605460
1.654536, 0.105224, -0.581906
1.760313, 0.217065, -0.617895
1.780563, 0.262317, -0.563328
1.977238, 0.104016, -0.579953
2.029333, 0.118979, -0.531448
1.967265, 0.270176, -0.559298
1.968949, 0.270085, -0.530439
0.605284, 0.631836, 0.065679
0.490341, 0.634580, -0.049115
0.613477, 0.713579, -0.046182
0.512793, 0.660233, -0.046042
0.612760, 0.644201, 0.055630
0.629878, 0.648944, -0.074552
0.642808, 0.704770, 0.008848
0.633560, 0.711732, -0.086712
2.577259, -0.602653, -0.341473
2.606561, -0.652256, -0.342979
2.663227, -0.605231, -0.175185
2.649911, -0.579207, -0.265032
2.686010, -0.654455, -0.095101
2.866261, -0.756632, 0.051955
2.859326, -0.507102, 0.096788
2.872038, -0.613463, 0.050465
2.694141, -0.421912, -0.419211
2.766189, -0.092309, -0.936984
2.612491, -0.286946, -0.368826
2.753381, -0.326552, -0.610541
1.781607, -0.753639, 1.096083
2.165433, -0.879849, 0.969052
2.266069, 0.032239, 0.906623
2.579253, 0.647908, 0.361273
0.959083, 0.955014, -0.632270
1.020057, 1.001131, -0.574477
2.800000, 0.365299, -0.675835
2.800000, 0.313026, -0.593382
1.158601, 0.989007, -0.614936
1.142380, 1.000847, -0.582682
2.800000, -0.047067, -0.455594
2.736046, 0.805425, -0.569557
-0.944755, -0.868555, 0.056824
-0.978747, -0.991360, -0.060633
-0.904447, -0.885238, 0.043009
-1.010969, -0.757062, 0.007996
-0.771265, -0.891727, 0.086710
-0.759696, -0.914930, 0.022074
-0.834907, -0.868746, 0.066675
-0.889063, -0.768332, 0.027054
2.566659, 0.542265, -0.577401
2.660716, 0.459913, -0.929318
2.600518, 0.674065, -0.148437
1.705946, -0.594635, 1.038515
2.773093, 0.463439, -0.645998
2.737649, 0.516117, -0.639694
2.142052, -0.130272, 1.035668
2.443806, -0.047359, 0.983737
2.221131, 0.153706, -0.484065
2.027025, 0.175180, -0.427181
2.151590, 0.268851, -0.536516
2.149381, 0.213554, -0.414288
2.364721, 0.180466, -0.457288
2.320590, 0.129382, -0.373610
2.476365, 0.190683, -0.408821
2.275888, 0.184366, -0.372581
1.324409, 1.027668, -0.631095
1.293065, 1.021919, -0.607518
1.967166, 1.028975, -0.794563
2.743767, 0.622326, -0.072227
1.502228, 1.008200, -0.549798
1.614381, 1.016237, -0.578885
2.758240, 0.871903, -0.424986
1.997051, 1.030278, -0.790009
1.950288, 0.988503, -0.357824
1.756263, 0.953310, -0.390736
2.592714, 0.353283, -0.721262
2.628318, 0.055885, -0.758058
2.060853, 0.930520, -0.538033
1.826569, 0.910019, -0.520605
2.392962, 0.231118, -0.880761
2.160142, -0.241019, -1.041541
1.676649, 0.101669, -0.504934
1.614844, 0.203287, -0.469771
1.731759, 0.307322, -0.489361
1.683881, 0.231120, -0.487061
1.887649, 0.148598, -0.505520
1.927348, 0.132693, -0.463896
1.957063, 0.280157, -0.513454
1.868619, 0.227952, -0.449906
0.445994, 0.637111, -0.014358
0.544955, 0.653565, -0.014967
0.484181, 0.664338, -0.044662
0.650825, 0.691841, -0.018966
0.581152, 0.654862, -0.052453
0.661998, 0.653799, -0.041822
0.651861, 0.708279, -0.084443
0.626509, 0.695988, -0.038860
2.400470, -0.645938, -0.412535
2.475078, -0.681900, -0.412034
2.595644, -0.582241, -0.327729
2.387639, -0.579272, -0.395468
2.865443, -0.683101, 0.087125
2.614043, -0.652881, -0.397442
2.706551, -0.655993, -0.104514
2.650282, -0.676130, -0.378551
0.944093, 0.983158, -0.038137
0.803225, 0.971585, 0.006000
2.800000, 0.240571, -0.962414
1.734181, 1.041523, -0.903623
1.131624, 1.009013, -0.151731
1.018483, 1.017415, -0.070176
2.800000, 0.411302, -0.929883
2.864063, 0.778079, -0.901631
0.980764, 0.974149, -0.330094
0.927546, 0.991028, -0.119073
1.682807, 1.035395, -0.809096
2.829705, 0.579680, -0.944322
1.442213, 0.973258, -0.382878
1.391183, 0.990425, -0.319903
2.748524, 0.362267, -0.514067
1.979857, 1.019903, -0.957462
1.667262, 0.972405, -0.422625
1.096604, 0.937584, -0.260886
2.713562, 0.338883, -1.000000
2.838803, 0.434532, -0.955683
1.654534, 0.954187, -0.450950
1.202008, 0.931185, -0.362946
2.683653, 0.268369, -0.929407
2.724672, 0.574866, -0.971835
2.422273, -0.324203, -0.550445
2.426103, -0.294255, -0.524140
2.445796, -0.185238, -0.566772
2.217985, -0.145756, -0.587657
2.618200, -0.330661, -0.419001
2.507843, -0.309916, -0.456479
2.559168, -0.250345, -0.457395
2.531316, -0.197045, -0.471947
0.430809, 0.994190, -0.237084
0.433995, 0.999973, -0.161286
0.567713, 1.001677, -0.371553
2.339860, 0.993450, -1.051959
0.616339, 0.989580, -0.291123
0.509412, 1.008452, -0.095772
1.313166, 1.046903, -0.855075
2.800000, 0.744109, -1.000000
0.977393, 0.135448, -0.364113
0.900577, 0.126995, -0.257374
0.943663, 0.236568, -0.351695
0.883761, 0.227759, -0.304672
1.350647, 0.160907, -0.428420
1.106905, 0.175397, -0.367003
1.158585, 0.275931, -0.388805
1.122252, 0.283976, -0.300954
2.357204, -0.288495, -0.854591
2.437722, -0.249144, -0.722449
2.386648, -0.092936, -0.834202
2.421912, -0.160287, -0.644893
2.727397, -0.352104, -0.500112
2.611276, -0.366334, -0.534307
2.623500, -0.131327, -0.784957
2.528774, -0.207066, -0.660643
0.476537, 0.982368, -0.296165
0.425638, 0.994901, -0.241921
2.374605, 0.883750, -0.979962
0.933899, 1.032501, -0.712364
0.651543, 0.981166, -0.344864
0.626854, 0.988613, -0.300823
2.497850, 0.948720, -0.978296
1.631876, 1.031081, -0.808272
1.822297, -0.252228, -0.679099
1.777941, -0.258803, -0.640214
1.754999, -0.118172, -0.717125
1.767746, -0.125095, -0.663588
2.135776, -0.312813, -0.720363
2.017509, -0.310905, -0.637690
2.159287, -0.133224, -0.680765
2.108975, -0.103354, -0.622567
0.141887, 0.993594, -0.142875
0.078614, 0.991110, -0.088239
0.542482, 1.036151, -0.753051
0.313041, 1.017698, -0.463599
0.211928, 0.996240, -0.197452
0.332936, 0.982632, -0.087869
2.072918, 1.024799, -1.036741
2.670386, 0.867365, -1.092486
-0.105635, 0.073741, -0.941653
-0.510626, 0.088326, -1.020394
-0.413503, 0.166499, -0.943394
-0.537399, 0.192872, -1.020923
-0.191797, 0.117314, -0.955127
-0.415354, 0.119806, -0.970654
-0.162474, 0.192826, -0.948730
-0.517946, 0.209345, -1.017904
2.037368, 0.624638, -0.370274
1.892461, 0.566409, -0.382973
2.156276, 0.695173, -0.342260
1.974000, 0.663532, -0.386050
2.303916, 0.626549, -0.310091
2.222652, 0.658753, -0.353977
2.388294, 0.734315, -0.281409
2.238811, 0.723459, -0.367278
-0.131967, -0.028746, -0.968529
-0.516784, -0.030551, -1.015961
-0.353776, -0.012097, -0.938322
-0.536969, 0.022933, -0.987415
0.103916, -0.071273, -0.927241
-0.393060, -0.055179, -1.024141
-0.168366, 0.015661, -0.956020
-0.501776, 0.059163, -1.019954
2.168931, 0.924707, -0.367713
2.110450, 0.956045, -0.371213
2.075388, -0.178961, -0.458949
2.367487, 0.166984, -0.807134
2.394399, 1.015896, -0.341456
2.223333, 0.982311, -0.404245
2.705521, 0.989586, -0.656755
2.159353, -0.105620, -0.763004
-0.272168, 0.334780, -0.959247
-0.518466, 0.352249, -1.024648
-0.379703, 0.413314, -0.985624
-0.447467, 0.426155, -1.002932
-0.303116, 0.286195, -0.946768
-0.521673, 0.266204, -1.011817
-0.119070, 0.435264, -0.952706
-0.478882, 0.389465, -0.978108
0.494784, 0.166012, -0.912119
-0.044257, 0.166441, -0.966777
0.630604, 0.267558, -0.904691
0.016646, 0.285000, -0.961177
1.067285, 0.183308, -0.875244
0.155905, 0.153251, -1.012369
0.704121, 0.280438, -0.912243
0.254815, 0.240947, -0.965143
2.104797, 0.305181, -0.393304
1.916796, 0.437272, -0.371429
1.909276, 0.471246, -0.396655
2.007949, 0.493253, -0.367266
2.135070, 0.410827, -0.357767
2.230688, 0.362552, -0.326245
2.261154, 0.607607, -0.331298
2.058811, 0.457870, -0.360955
0.210197, -0.867344, -0.857360
0.451696, -0.940407, -0.831322
-0.032406, -0.804563, -0.894009
0.014572, -0.828711, -0.855108
0.657765, -0.884192, -0.733078
1.910079, -0.824828, -0.838154
0.127353, -0.717675, -0.985275
0.119252, -0.761015, -0.913804
-0.037986, -0.283027, -0.939433
-0.499527, -0.294091, -1.010946
-0.428569, -0.128336, -0.953055
-0.552010, -0.157737, -1.002324
0.013423, -0.232218, -0.924182
-0.485236, -0.229851, -1.016373
-0.170333, -0.126055, -0.943329
-0.387476, -0.153017, -0.963801
-0.255671, 0.518213, -0.934696
-0.552350, 0.588873, -1.018713
0.021907, 0.636536, -0.966293
-0.504649, 0.669454, -1.029757
-0.258239, 0.574247, -0.968250
-0.448570, 0.584641, -0.993782
0.168244, 0.749188, -0.989185
-0.505017, 0.684283, -1.026558
0.846058, 0.021943, -0.909791
0.018601, -0.035561, -0.967343
0.453236, 0.015075, -0.931602
-0.035935, 0.051926, -0.962737
1.294085, -0.063476, -0.862243
0.237037, -0.013170, -0.966048
0.409252, 0.033046, -0.945997
0.268061, 0.004550, -1.002345
2.053634, 0.179447, -0.392181
1.840666, 0.178017, -0.382220
2.074212, 0.231313, -0.378941
1.898951, 0.233191, -0.387587
2.341624, 0.160375, -0.316005
2.226314, 0.136803, -0.323763
2.151206, 0.236992, -0.381755
2.435443, 0.200406, -0.279790
1.171714, 0.994894, -0.534231
1.234328, 0.984773, -0.495948
2.844017, 0.264564, -0.587732
2.800000, 0.193168, -0.630326
1.532002, 1.013686, -0.589812
1.280035, 0.982212, -0.439821
2.636964, 0.426582, -0.280479
2.785812, 0.306064, -0.512177
-0.291167, -0.410864, -0.943581
-0.602197, -0.444291, -1.006375
0.034363, -0.304205, -0.930833
-0.480976, -0.301959, -0.997575
0.119429, -0.387473, -0.913860
-0.377894, -0.404453, -0.997142
0.087012, -0.329810, -0.921207
-0.449682, -0.302075, -0.977180
0.788232, 0.020046, -0.929459
0.392186, -0.000208, -0.970013
1.137185, 0.144755, -0.902542
0.311191, 0.049917, -0.980819
1.426806, -0.079798, -0.974326
0.584682, 0.041603, -1.003331
0.774122, 0.147030, -0.935801
0.558486, 0.065916, -0.995584
-0.639318, 0.201661, -0.463652
-0.633770, 0.125403, -0.421539
-0.636055, 0.255104, -0.466158
-0.744125, 0.236328, -0.387595
-0.570165, 0.152971, -0.507159
-0.607295, 0.153518, -0.384822
-0.599901, 0.265249, -0.497888
-0.501483, 0.273339, -0.420158
0.908569, -0.729768, -0.793410
2.453484, -0.853899, -0.608282
0.661725, -0.709617, -0.848215
0.626613, -0.854652, -0.749190
1.458802, -0.706455, -0.820143
1.438951, -0.736366, -0.890730
0.880824, -0.617082, -0.922298
0.828579, -0.684113, -0.878912
0.989673, -0.114122, -0.843738
0.088576, -0.202483, -0.992051
0.269511, -0.166669, -0.958130
-0.051843, -0.189823, -0.993693
1.069455, -0.160004, -0.826358
0.232780, -0.217819, -0.967500
0.633770, -0.114084, -0.926159
0.223738, -0.163383, -1.015978
2.808647, 0.252451, -0.138287
2.751408, 0.169030, -0.173817
2.800000, 0.340446, 0.021261
2.383353, 0.243805, -0.306399
2.784557, 0.259352, -0.200239
2.687731, 0.178686, -0.280141
2.874337, 0.309532, -0.061498
2.774002, 0.239041, -0.320316
1.683136, 1.002922, -0.570971
1.487565, 0.972787, -0.432239
2.661275, 0.628894, -0.259357
2.706888, 0.649383, -0.455590
1.959120, 1.022486, -0.604561
1.970395, 0.973944, -0.560099
2.712309, 1.010725, -0.645178
2.757060, 0.999867, -0.664172
0.125364, -0.421744, -0.930308
-0.332939, -0.401595, -0.980905
0.099908, -0.328727, -0.923695
-0.348802, -0.339765, -1.001412
-0.129896, -0.438084, -0.947533
-0.165956, -0.384707, -0.964600
0.561781, -0.300801, -0.935447
-0.106758, -0.339187, -1.015958
1.995730, -0.077084, -0.432272
1.991834, -0.035044, -0.393442
1.995645, 0.011128, -0.424889
1.921741, 0.013874, -0.405295
2.229422, -0.015064, -0.365423
2.176738, -0.049294, -0.335483
2.276319, 0.060458, -0.305690
2.126276, 0.075092, -0.356856
1.176857, 0.818609, -0.491244
1.077962, 0.722984, -0.372798
1.143670, 0.906229, -0.461258
1.154819, 0.911423, -0.395166
1.559884, 0.733620, -0.478302
1.386735, 0.855957, -0.366231
1.426646, 0.978475, -0.482294
1.386924, 0.929322, -0.392541
-0.559527, -0.699804, -0.980442
-0.619767, -0.643192, -1.000275
-0.338658, -0.570273, -0.890535
-0.597310, -0.549905, -0.994666
-0.030409, -0.614596, -0.915260
-0.430706, -0.685619, -1.000097
-0.266982, -0.435799, -0.942020
-0.530687, -0.532609, -0.958841
2.107333, 0.875112, -0.414566
2.032695, 0.941416, -0.437180
2.154591, 1.018298, -0.483053
2.144362, 1.011534, -0.431209
2.416811, 0.871281, -0.464419
2.347107, 0.718885, -0.346836
2.434457, 0.952710, -0.525380
2.136647, 0.960049, -0.399413
0.546720, -0.602940, -0.954881
0.023082, -0.687070, -0.972513
0.647472, -0.469746, -0.928565
-0.063349, -0.535512, -0.996267
1.082977, -0.564165, -0.850873
0.113804, -0.731124, -1.025657
0.557135, -0.560284, -0.931572
0.050928, -0.484028, -0.972931
-0.642610, 0.144932, -0.610464
-0.621030, 0.113339, -0.552251
-0.644546, 0.248120, -0.614040
-0.662978, 0.219935, -0.532300
-0.434002, 0.144778, -0.648527
-0.567667, 0.138656, -0.560747
-0.421975, 0.206633, -0.646311
-0.516363, 0.248371, -0.587335
2.864759, -0.465853, -0.377522
0.850434, -0.746550, -0.742157
0.681442, -0.710284, -0.744866
0.673307, -0.707630, -0.776829
1.812266, -0.632024, -0.546734
2.853236, -0.081541, -0.131438
1.154062, -0.651451, -0.879739
1.037486, -0.625321, -0.999952
2.170252, 0.586962, -0.472759
2.090763, 0.619575, -0.380216
2.026671, 0.662340, -0.417442
2.143619, 0.689023, -0.340946
2.584475, 0.487981, -0.280183
2.357674, 0.615151, -0.318842
2.505435, 0.614422, -0.372847
2.301786, 0.675517, -0.387423
0.685570, -0.568902, -0.931306
0.048901, -0.697164, -1.023728
0.373113, -0.728125, -0.985409
0.011982, -0.703054, -1.008388
1.435064, -0.714102, -0.942022
0.152888, -0.705685, -1.014490
1.349643, -0.783448, -0.920459
0.130842, -0.732665, -1.027639
1.724960, 0.854542, -0.485021
1.506389, 0.836435, -0.388292
1.643281, 0.973269, -0.506924
1.763974, 0.972016, -0.474071
1.846904, 0.757531, -0.452342
1.796632, 0.874285, -0.457985
1.919060, 0.988048, -0.533325
2.018648, 1.006614, -0.486709
2.400258, 0.017079, -0.346232
2.522635, -0.052695, -0.336856
2.569048, 0.056459, -0.346222
2.379439, 0.090259, -0.302250
2.856772, -0.219502, -0.397941
2.556117, -0.084243, -0.536878
2.686861, 0.143200, -0.325480
2.693510, 0.135928, -0.424826
-0.125514, -0.608655, -0.922490
-0.282218, -0.592868, -0.978200
0.462908, -0.490152, -0.918336
-0.276761, -0.443444, -0.965506
0.252696, -0.589151, -0.925447
-0.088816, -0.587388, -0.967841
0.396532, -0.465946, -0.931808
-0.157851, -0.560015, -0.981505
-0.637950, 0.341729, -0.605491
-0.624093, 0.401931, -0.544191
-0.665539, 0.447785, -0.580273
-0.686272, 0.485181, -0.492081
-0.452686, 0.373446, -0.632017
-0.559451, 0.306761, -0.536390
-0.446714, 0.449784, -0.604457
-0.602404, 0.477216, -0.552629
2.079784, -0.486035, -0.838143
0.679852, -0.608495, -0.952110
1.173281, -0.740736, -0.939128
0.982143, -0.634953, -1.015141
2.599989, -0.577022, -0.872516
1.004742, -0.604563, -1.027429
1.286900, -0.794020, -0.966393
1.205688, -0.690787, -1.001528
2.157683, 0.990330, -0.476714
2.224017, 0.937021, -0.415919
2.581292, 1.010664, -0.743455
2.471215, -0.153091, -0.952721
2.325250, 0.955216, -0.455599
2.200806, 0.998454, -0.407093
2.274238, -0.390609, 0.239446
2.749104, 1.006169, -0.507464
0.593234, -0.382733, -0.942015
-0.008608, -0.428420, -0.992808
0.606173, -0.278889, -0.932594
-0.003397, -0.366816, -0.977740
0.275592, -0.353035, -0.944588
0.170250, -0.409632, -0.998638
0.188246, -0.311777, -0.958173
0.071467, -0.296549, -0.977044
-0.310511, 0.150730, -0.666657
-0.397341, 0.109682, -0.576199
-0.384095, 0.266705, -0.643578
-0.359221, 0.275213, -0.567086
-0.139528, 0.125310, -0.696695
-0.278376, 0.183974, -0.555547
-0.201711, 0.236636, -0.681162
-0.156243, 0.212318, -0.609695
1.415467, -0.668290, -0.770650
2.335186, -0.611459, -0.486202
2.647081, -0.736381, -0.936661
1.057383, -0.633728, -0.882283
2.498858, -0.640795, -0.618263
2.857923, -0.151529, 0.549208
1.732329, -0.486042, -0.931028
1.211265, -0.672713, -0.939809
2.097290, 0.364612, -0.537815
2.028587, 0.333234, -0.407092
2.207389, 0.491380, -0.517639
2.034887, 0.450800, -0.405913
2.438886, 0.366812, -0.434623
2.334310, 0.341002, -0.407567
2.540858, 0.430344, -0.329327
2.288654, 0.527010, -0.399007
0.039290, -0.778691, -0.832839
0.389846, -0.853481, -0.823527
-0.002247, -0.683168, -0.932721
-0.053325, -0.697451, -0.970052
0.500491, -0.793895, -0.729997
1.981341, -0.634871, -0.934879
0.219034, -0.689580, -0.943188
0.109165, -0.693637, -0.939332
1.575282, 0.521294, -0.499658
1.506074, 0.590744, -0.407654
1.804806, 0.747732, -0.483471
1.687399, 0.658837, -0.400636
1.934517, 0.596377, -0.431496
1.909116, 0.572390, -0.421984
1.836842, 0.720202, -0.456857
1.986383, 0.729217, -0.407073
0.610551, 0.965014, -0.207774
0.616571, 0.921660, -0.179946
0.614005, 0.893775, -0.098955
0.657989, 0.918808, -0.561538
0.761456, 0.936535, -0.194926
0.787677, 0.977230, -0.200030
0.933590, 0.895605, -0.165084
0.792258, 0.906444, -0.263878
2.332172, -0.307163, -0.398488
2.522040, -0.226150, -0.419617
2.633341, -0.205313, -0.355671
2.258864, -0.071549, -0.332629
2.851183, -0.320185, 0.145694
2.586865, -0.262575, -0.580818
2.823055, -0.203560, -0.169157
2.642676, -0.235611, -0.417581
0.453012, -0.695307, -0.964052
-0.265777, -0.718745, -1.015622
-0.145935, -0.695496, -0.961565
-0.264186, -0.729085, -1.020206
-0.009773, -0.684761, -0.963586
-0.220472, -0.717987, -0.993644
0.701780, -0.578095, -0.957951
-0.213259, -0.709136, -0.994305
-0.274089, 0.344902, -0.664694
-0.372771, 0.377386, -0.548126
-0.363492, 0.400835, -0.646344
-0.333599, 0.417615, -0.559851
-0.206356, 0.347022, -0.682167
-0.263787, 0.341494, -0.552888
-0.160442, 0.435137, -0.641039
-0.159177, 0.469337, -0.597738
2.168637, -0.517719, -0.941871
1.458644, -0.735778, -1.015833
1.870149, -0.573763, -0.961855
1.342600, -0.793351, -0.975881
2.800000, -0.627456, -0.825606
1.482458, -0.744403, -1.004285
2.804862, -0.812940, -0.800018
1.543274, -0.762063, -1.001411
1.664519, 0.332471, -0.536286
1.601150, 0.395688, -0.461824
1.567509, 0.429121, -0.499955
1.597743, 0.446575, -0.440354
1.931496, 0.365704, -0.501209
1.717007, 0.358414, -0.449139
1.889183, 0.507526, -0.447156
1.735478, 0.499441, -0.445180
0.619351, 0.983475, -0.108159
0.525177, 0.729377, -0.006354
0.649090, 1.029526, -0.190119
0.552079, 1.042641, -0.065582
0.714667, 0.843109, -0.088924
0.694372, 0.761774, -0.037716
0.739584, 1.029616, -0.119918
0.825081, 1.044045, -0.207625
2.631073, -0.499821, -0.300914
2.326547, -0.488596, -0.403046
2.637798, -0.460751, -0.310841
2.491217, -0.446735, -0.373633
2.764071, -0.532343, -0.102461
2.660577, -0.446929, -0.312134
2.853815, -0.426342, 0.141229
2.558750, -0.370286, -0.570633
0.627599, -0.697974, -0.940547
0.866061, -0.711825, -0.955300
-0.253485, -0.781819, -0.811619
-0.374536, -0.756747, -0.939732
0.028683, -0.843527, -0.780444
0.158153, -0.858627, -0.850591
-0.114407, -0.810067, -0.777184
-0.191160, -0.711107, -0.949784
-0.318309, 0.168265, -0.507230
-0.355506, 0.163666, -0.438711
-0.300229, 0.279941, -0.534431
-0.419718, 0.255811, -0.436818
-0.238547, 0.158584, -0.537544
-0.220608, 0.183782, -0.446947
-0.228640, 0.263215, -0.500400
-0.269236, 0.262369, -0.443034
1.259084, -0.688100, -0.875222
1.366397, -0.753502, -0.820796
1.162793, -0.636409, -0.972188
1.064876, -0.666241, -0.901068
2.880263, -0.273180, 0.598919
2.866904, -0.638796, 0.238284
1.358303, -0.638670, -0.971943
1.329880, -0.680411, -0.977645
-0.975813, 0.330385, -0.997702
-0.899055, 0.988418, -0.580049
-0.621017, 0.679216, -0.753860
-0.137042, 0.894779, -1.006366
-0.759031, 1.009299, -0.556978
-0.713684, 0.993856, -0.491498
-0.632372, 1.026096, -0.677604
-0.639406, 1.036638, -0.796219
1.447997, -0.175457, -0.936499
0.272064, -0.204420, -1.026684
1.690372, -0.223404, -0.987101
0.294672, -0.127783, -0.978398
1.636718, -0.231290, -0.988481
0.505852, -0.131282, -0.981798
1.997135, -0.256408, -1.054234
0.480990, -0.087742, -1.009337
-0.614065, 0.598070, -0.586833
-0.616741, 0.581620, -0.538883
-0.666913, 0.686761, -0.560087
-0.633465, 0.682032, -0.529231
-0.562222, 0.524750, -0.606804
-0.579683, 0.572286, -0.554888
-0.535856, 0.624245, -0.604804
-0.501723, 0.643821, -0.504598
1.336896, -0.549789, -0.905506
0.621323, -0.589180, -0.968600
0.917557, -0.401873, -0.892424
0.741891, -0.448354, -0.962754
1.556617, -0.674636, -0.941547
0.977959, -0.658778, -0.943671
1.584918, -0.464663, -0.940315
0.963630, -0.455781, -0.970488
-0.280245, 0.514900, -0.620566
-0.401579, 0.532449, -0.534441
-0.267818, 0.611809, -0.650411
-0.338883, 0.644498, -0.582260
-0.176837, 0.556048, -0.649473
-0.173738, 0.589429, -0.572493
-0.194361, 0.664224, -0.661464
-0.205117, 0.659777, -0.584008
1.490036, -0.718991, -0.958222
1.276461, -0.810702, -0.948856
2.712607, -0.491233, -0.830210
1.076483, -0.577217, -0.912351
2.310010, -0.683819, -0.867168
1.388416, -0.741603, -0.955343
2.177235, -0.597094, -0.858634
1.344879, -0.493720, -0.976024
-0.101110, 0.180519, -0.671362
-0.111027, 0.102987, -0.642873
-0.074174, 0.244491, -0.705730
-0.017914, 0.210410, -0.652710
0.132087, 0.189021, -0.706266
0.051488, 0.097951, -0.657340
0.159444, 0.273322, -0.697582
0.040202, 0.201636, -0.617385
2.855830, -0.639854, -0.104191
2.837771, -0.681605, 0.176806
2.623029, -0.664097, -0.813825
1.446367, -0.577626, -0.950947
2.502878, -0.650020, -0.578881
1.865503, -0.575046, -0.630824
2.795562, -0.440158, -0.487960
1.857343, -0.509692, -0.955417
0.260204, 0.954016, -0.109775
0.372513, 0.951192, -0.105921
0.881009, 0.963897, -0.960748
0.587062, 0.932693, -0.630118
0.333056, 0.944846, -0.157822
0.466045, 0.958505, -0.124362
0.568157, 0.894718, -0.067737
0.979149, 0.973437, -1.000000
2.011618, -0.226713, -0.399334
1.970260, -0.209214, -0.404615
1.951954, -0.179347, -0.442659
1.892621, -0.139001, -0.423860
2.246933, -0.280165, -0.447791
2.146182, -0.221122, -0.357913
2.199809, -0.075837, -0.357820
2.184144, -0.152647, -0.344072
1.145479, 0.557035, -0.424815
1.026977, 0.590499, -0.367110
1.193235, 0.685882, -0.426779
1.056348, 0.628866, -0.390610
1.487355, 0.529116, -0.515664
1.459974, 0.576278, -0.403479
1.412457, 0.617694, -0.467684
1.444185, 0.662406, -0.401936
-0.371539, -0.718446, -1.039536
-0.497668, -0.695797, -1.063952
-0.206553, -0.751966, -0.957542
-0.506694, -0.692104, -1.055233
-0.216788, -0.704675, -0.976530
-0.390251, -0.741735, -1.023659
-0.449816, -0.755575, -0.998737
-0.468185, -0.749537, -1.022743
-0.621939, 0.800627, -0.586914
-0.660537, 0.836619, -0.470846
-0.645993, 0.909434, -0.602200
-0.701516, 0.992500, -0.474560
-0.516969, 0.799801, -0.605325
-0.639425, 0.858671, -0.476192
-0.466203, 0.884961, -0.579400
-0.504603, 0.827302, -0.574341
0.912374, -0.342966, -0.913197
0.714073, -0.335085, -0.957215
1.334094, -0.243028, -0.961203
0.708382, -0.283606, -0.974338
1.781267, -0.395417, -0.909341
0.919804, -0.326248, -1.003594
1.538711, -0.340234, -0.965414
0.993082, -0.310730, -1.017545
0.004608, 0.313075, -0.699420
-0.134531, 0.352860, -0.604188
-0.071207, 0.471808, -0.672254
-0.135879, 0.436755, -0.640177
0.045190, 0.394638, -0.671300
0.047539, 0.389975, -0.614241
0.173800, 0.452092, -0.705639
0.105437, 0.487095, -0.651809
2.698567, -0.731941, -0.956282
2.223284, -0.449982, -1.067740
2.601711, -0.757188, -0.916736
1.909408, -0.600293, -1.013176
2.613689, -0.635765, -0.857052
2.762688, -0.659523, -1.098293
2.649344, -0.672396, -0.879519
2.207104, -0.576968, -1.038266
0.291537, 0.834779, -0.028407
0.281459, 1.006785, 0.012601
0.239054, 1.035421, -0.126681
0.379059, 1.000532, -0.189773
0.500629, 0.876932, -0.074840
0.368952, 1.000860, -0.027566
0.427628, 1.007482, -0.091821
0.540119, 1.049635, -0.117327
2.049031, -0.465741, -0.430772
1.900164, -0.493107, -0.383379
1.879114, -0.402356, -0.420429
1.886904, -0.361384, -0.373469
2.218192, -0.465091, -0.452309
2.143387, -0.467664, -0.380313
2.269460, -0.307782, -0.423240
2.093302, -0.335845, -0.358233
1.137349, 0.398090, -0.461504
1.039075, 0.358964, -0.401209
1.095465, 0.454444, -0.442139
1.098169, 0.525143, -0.381739
1.323968, 0.339478, -0.482494
1.294058, 0.389142, -0.416963
1.505865, 0.435642, -0.482635
1.458007, 0.485019, -0.414349
-0.269953, -0.867924, -0.783255
0.508598, -0.779434, -0.995043
-0.414509, -0.736440, -0.843210
-0.623108, -0.863053, -0.770653
0.069096, -0.864661, -0.860596
-0.376779, -0.900725, -0.822286
-0.445121, -0.730944, -0.916081
-0.468125, -0.769812, -0.927313
-0.079957, 0.484834, -0.673874
-0.045405, 0.537912, -0.623122
-0.055338, 0.687961, -0.649792
0.004400, 0.608848, -0.620424
0.047592, 0.503893, -0.680065
0.100924, 0.558955, -0.630117
0.111089, 0.629058, -0.679761
0.147455, 0.630003, -0.631448
2.641180, -0.573819, -0.873251
1.743627, -0.663433, -0.985199
1.891638, -0.606825, -0.920464
1.625094, -0.541698, -0.970531
2.375895, -0.637568, -0.882746
1.918613, -0.674834, -1.014894
2.686334, -0.527555, -0.745438
1.711187, -0.576547, -0.973879
2.005060, 0.059372, 1.000000
2.541828, -0.024747, -0.601253
2.288110, 0.486087, 0.116411
2.603843, 0.197865, 0.073339
1.849317, -0.001148, 0.918079
2.579512, 0.436593, 0.488431
1.631667, 0.489468, 0.996413
2.299600, 0.835647, 1.024813
2.496588, 0.234354, 0.413349
2.604298, 0.391352, 0.119794
2.565300, 0.275341, 0.472075
2.600494, 0.377115, 0.067567
0.992252, -0.768665, 1.000000
2.526831, 0.340414, 0.172784
2.402850, 0.381939, 0.423779
2.498409, 0.360183, 0.449822
0.326591, 0.113707, -0.610333
0.195144, 0.104251, -0.531090
0.207430, 0.216105, -0.570617
0.197497, 0.256621, -0.517833
0.344515, 0.139021, -0.577671
0.435946, 0.148080, -0.522210
0.447883, 0.293133, -0.594722
0.404993, 0.295583, -0.520314
2.183589, -0.635903, -0.700243
2.204308, -0.695465, -0.666831
2.149498, -0.627116, -0.979415
2.113232, -0.623069, -0.781714
2.410047, -0.132881, 0.711299
2.534295, 0.269906, -0.572135
2.491798, -0.719150, -0.635404
2.465833, -0.705759, -0.726833
-0.330143, 0.930709, -0.580187
-0.332333, 0.997291, -0.540790
-0.077077, 1.009018, -0.720502
0.344278, 1.041114, -0.954556
-0.262660, 0.989544, -0.584989
-0.278675, 0.999208, -0.527502
0.225915, 1.003114, -0.823178
1.681290, 0.915807, -1.000205
1.834753, -0.220891, -0.923182
1.006171, -0.263720, -0.990991
1.244049, -0.173204, -0.941873
0.987130, -0.138722, -0.968919
2.405753, -0.206557, -0.772422
1.492482, -0.269709, -0.965557
2.205289, -0.020606, -0.874623
1.310299, -0.066563, -0.967768
0.655836, 0.127590, -0.624756
0.545557, 0.134753, -0.565538
0.562094, 0.220385, -0.587222
0.571272, 0.280448, -0.576528
0.764316, 0.151052, -0.616484
0.807508, 0.101466, -0.613292
0.697979, 0.232779, -0.609102
0.770413, 0.233878, -0.599365
2.460923, -0.571631, 0.825995
2.828926, -0.558553, 0.176333
2.445036, -0.638485, -0.764008
2.607249, -0.643314, -0.797549
2.250834, -0.935761, 1.002922
2.758454, -0.852882, 0.953613
2.561590, -0.595885, -1.000232
2.574022, -0.603908, -0.860103
-0.016048, 0.964886, -0.654893
-0.120302, 0.999630, -0.580954
2.800000, 0.993932, -1.000000
0.452454, 1.020307, -0.812572
0.132088, 0.878284, -0.654670
0.131794, 0.934849, -0.571380
1.226947, 1.005894, -0.960925
0.677623, 1.011365, -0.805232
2.634409, -0.359502, -0.789946
1.578168, -0.235831, -1.021462
2.613821, -0.235547, -0.734474
1.610319, -0.255206, -1.032155
2.866921, -0.290461, -0.561884
1.853826, -0.229697, -0.928087
2.231547, -0.115161, -0.826826
1.974420, -0.002162, -1.006833
2.866006, 0.301572, 1.083592
2.529774, 0.338617, -0.838907
2.512837, 0.520137, 0.551217
2.586104, 0.364080, -0.805353
2.585402, -0.138429, 0.974532
2.671276, 0.430607, -0.299536
2.556582, 0.261140, 0.517363
2.636581, 0.403987, -0.593905
1.796354, -0.019924, -0.912007
1.517157, -0.021527, -0.946139
2.803003, 0.135491, -0.667711
1.603871, 0.043391, -0.998990
2.817962, -0.042156, -0.290805
1.849568, -0.005198, -0.970841
2.607855, 0.033563, -0.724986
1.893265, 0.035731, -0.959774
2.503880, 0.574671, 0.546868
2.734279, 0.615104, -0.226580
2.458972, 0.475581, 0.942394
2.635071, 0.813822, 0.457401
0.998317, -0.439255, 1.000000
2.012100, 0.757759, 0.797436
1.800264, 0.091330, 1.035120
2.166299, -0.735550, 0.876854
2.737173, 0.461009, 1.000000
2.554740, 0.455605, -0.817898
2.607686, 0.836289, -0.526982
2.620292, 0.665968, -0.665634
2.640750, 0.591124, 0.521901
2.610677, 0.598234, -0.705694
1.959683, 0.850799, 1.000000
2.605426, 0.804263, -0.585361
-0.460994, -0.957725, -0.184941
-0.219723, -1.053823, -0.785302
-0.551513, -0.954833, 0.034747
-0.614514, -0.936204, 0.101795
0.894595, -0.989693, -1.050991
0.267744, -1.072699, -1.010801
-0.380159, -0.954529, 0.109469
-0.403188, -0.995114, 0.126135
1.900318, -0.312756, 1.024209
2.750496, -0.888926, 0.286857
2.119421, 0.406316, 1.047034
2.666236, 0.608677, 0.320841
2.214839, -0.900898, 0.948046
2.731842, -0.997594, 0.219239
2.212347, -0.912150, 0.454213
2.631135, -0.645834, 0.255976
1.651655, -0.089671, -0.929068
1.046838, -0.074997, -0.956570
1.978890, 0.074834, -0.922943
1.077462, 0.031100, -0.949055
1.671632, -0.051949, -0.910103
1.496381, -0.006906, -0.947211
2.352772, 0.079956, -0.754004
1.245845, 0.045420, -0.960254
0.313434, -1.003554, -0.840474
0.082521, -1.013730, -0.829307
-0.290673, -0.964522, -0.747580
-0.408744, -0.986906, -0.658760
0.198169, -1.005325, -0.822827
0.690337, -1.001609, -0.846433
-0.189142, -0.845890, -0.785865
-0.211599, -0.887758, -0.664355
1.687078, -0.523338, -0.437364
1.300561, -0.462585, -0.384481
1.557260, -0.338800, -0.401670
1.520975, -0.290108, -0.424031
1.635720, -0.582764, -0.563206
1.426820, -0.445530, -0.329169
1.618872, -0.316401, -0.514216
1.541947, -0.311250, -0.577335
-0.722980, -0.319419, -0.918575
-0.801107, -0.274179, -0.794641
-0.728339, -0.147967, -0.894708
-0.811808, -0.218137, -0.880076
-0.639103, -0.265959, -0.992440
-0.663481, -0.312061, -0.900721
-0.622959, -0.115460, -0.993012
-0.718807, -0.196369, -0.834882
1.600005, 0.407828, -0.407349
1.480315, 0.426954, -0.389191
1.461323, 0.478707, -0.386648
1.356177, 0.454636, -0.334336
1.635807, 0.408508, -0.409055
1.563073, 0.388232, -0.392986
1.760964, 0.470053, -0.421391
1.782041, 0.545247, -0.393189
-0.315519, -0.889417, -0.857515
1.116971, -1.038642, -0.969505
-0.437970, -0.922217, -0.829195
-0.464176, -0.942791, -0.807186
0.086202, -0.917232, -0.845465
0.302829, -0.944140, -0.856780
-0.202385, -0.737769, -0.933906
-0.223195, -0.952659, -0.754541
2.096230, -0.548287, -0.387807
1.971527, -0.583716, -0.446043
2.253428, -0.358324, -0.379851
1.893822, -0.442529, -0.437278
2.207152, -0.534408, -0.636617
1.986727, -0.585853, -0.704873
2.293618, -0.373401, -0.528200
1.938149, -0.294051, -0.498738
-0.651222, -0.244131, -0.941394
-0.675256, -0.248118, -0.865970
-0.586399, -0.213647, -0.978662
-0.677875, -0.161841, -0.889820
-0.564086, -0.266228, -0.844979
-0.652626, -0.298723, -0.875711
-0.472789, -0.122136, -0.852852
-0.559917, -0.193373, -0.987121
1.514020, 0.608441, -0.375368
1.504204, 0.575264, -0.345089
1.448995, 0.643024, -0.372637
1.478304, 0.647537, -0.361939
1.743674, 0.560453, -0.413746
1.689036, 0.577798, -0.386608
1.864841, 0.729983, -0.394295
1.811678, 0.642362, -0.393688
2.195747, -0.280306, -0.365610
1.904936, -0.275298, -0.428211
2.264357, -0.049009, -0.342246
1.749339, -0.175100, -0.396095
2.152966, -0.157177, -0.599987
1.882691, -0.244302, -0.584569
2.277700, -0.080152, -0.569138
2.114094, -0.082427, -0.560634
-0.611616, -0.087838, -0.954811
-0.758723, -0.088997, -0.875201
-0.631260, -0.018114, -0.849244
-0.913305, -0.011116, -0.957977
-0.607322, -0.078098, -0.808624
-0.609169, -0.040888, -0.856814
-0.403161, 0.013551, -0.927719
-0.585529, -0.000601, -0.878386
1.636762, -0.676974, -0.433195
1.359064, -0.709235, -0.348872
1.406403, -0.601625, -0.331609
1.305250, -0.633288, -0.404072
1.897301, -0.714065, -0.768700
1.450275, -0.707718, -0.571559
1.918236, -0.626545, -0.685984
1.450485, -0.600071, -0.765120
-0.954659, -0.419470, -1.009115
-0.988162, -0.396522, -1.010507
-0.693310, -0.352380, -0.923017
-0.835080, -0.333232, -0.901861
-0.645603, -0.493666, -1.000599
-0.738924, -0.434067, -0.838731
-0.636862, -0.407539, -1.006662
-0.658468, -0.383896, -0.931394
1.573764, -0.215708, -0.390803
1.345134, -0.250007, -0.391832
1.690849, -0.145129, -0.396766
1.448234, -0.154721, -0.361503
1.691690, -0.291631, -0.618531
1.375178, -0.235771, -0.269545
1.870604, -0.134207, -0.688062
1.396188, -0.170000, -0.283236
-0.953070, -0.107710, -1.004330
-0.973514, -0.170771, -1.016413
-0.676711, 0.065885, -0.882726
-0.949614, -0.043833, -0.965605
-0.635003, -0.066033, -0.946817
-0.651622, -0.071303, -0.878289
-0.653441, 0.038013, -0.889825
-0.676598, 0.043605, -0.811421
1.431705, 0.173637, -0.406738
1.522385, 0.140637, -0.391716
1.506828, 0.258028, -0.413397
1.464593, 0.306830, -0.393188
1.711018, 0.143691, -0.447896
1.790525, 0.189606, -0.401360
1.861243, 0.282540, -0.431028
1.791862, 0.257584, -0.404815
2.399555, -0.659243, -0.391819
1.949394, -0.686183, -0.426681
2.198281, -0.592052, -0.377891
1.953039, -0.598965, -0.489663
2.445746, -0.681135, -0.595100
2.017331, -0.762107, -0.601395
2.333451, -0.638534, -0.447050
1.996542, -0.697070, -0.529285
-0.632012, -0.445986, -0.787166
-0.591690, -0.391005, -1.028079
-0.647995, -0.307375, -0.814138
-0.822398, -0.308880, -0.940443
-0.572885, -0.399569, -0.951940
-0.618747, -0.454480, -0.929214
-0.498649, -0.311423, -0.957733
-0.657541, -0.385588, -0.889598
0.015857, -1.028816, -0.834935
0.434296, -1.053237, -1.013582
-0.439275, -0.991662, -0.468819
-0.356602, -0.948457, -0.448009
0.063027, -1.026589, -0.726172
0.070776, -1.028369, -0.663991
-0.239972, -1.004569, -0.518128
-0.152011, -1.006797, -0.472823
1.126618, 0.451716, -0.242753
1.103656, 0.317529, -0.149387
1.028673, 0.493013, -0.181035
1.024428, 0.585444, -0.155001
1.109136, 0.376319, -0.207289
1.192712, 0.429033, -0.184105
1.149670, 0.498508, -0.225185
1.164569, 0.516997, -0.193507
-0.883904, -0.241121, -0.617133
-0.951299, -0.241480, -0.749269
-0.934419, -0.179970, -0.782456
-0.893184, -0.190497, -0.582013
-0.762665, -0.225680, -0.600701
-0.725101, -0.226738, -0.528559
-0.684740, -0.156444, -0.606114
-0.741432, -0.161531, -0.560703
2.471829, 0.161883, -0.304995
1.751892, 0.205738, -0.402295
2.300644, 0.216903, -0.340071
2.091982, 0.230034, -0.367569
2.387007, 0.113173, -0.605123
2.119595, 0.080423, -0.643318
2.280593, 0.236050, -0.421508
1.988634, 0.238457, -0.510697
1.540159, 0.989646, -0.312395
1.612053, 0.958729, -0.294040
2.888178, 0.965948, -0.544487
2.608985, 0.085946, -0.699562
2.025285, 0.936850, -0.408573
1.987781, 0.918813, -0.309088
2.857987, 0.985646, -0.541194
2.203934, 0.964149, -0.816332
-0.565555, 0.353555, -0.891881
-0.875695, 0.299631, -0.965057
-0.623631, 0.430221, -0.765855
-0.677956, 0.390117, -0.814892
-0.406038, 0.338524, -0.916632
-0.553133, 0.357188, -1.001882
-0.453947, 0.390548, -0.939733
-0.541207, 0.363353, -0.975886
1.588530, -1.005267, -0.526367
1.441217, -1.045866, -0.536077
1.742999, -0.738607, -0.440794
1.422506, -0.844033, -0.439803
1.944392, -1.040241, -0.733637
1.990178, -1.000000, -0.911737
1.873055, -0.927636, -0.818519
1.382687, -0.974755, -0.752604
-1.000000, -0.550904, -1.000000
-0.865850, -0.588259, -0.912318
-0.741015, -0.550399, -0.886734
-0.830118, -0.531066, -0.838446
-0.723091, -0.630111, -0.901193
-0.749839, -0.640514, -0.837539
-0.652042, -0.529129, -1.001886
-0.681643, -0.523332, -0.852647
1.005758, 0.665926, -0.187763
1.026146, 0.656997, -0.148145
1.051733, 0.713269, -0.176592
1.038298, 0.672004, -0.128309
1.090536, 0.653167, -0.223256
1.110747, 0.637487, -0.180417
1.104920, 0.685909, -0.225322
1.080548, 0.769283, -0.178809
-0.953982, -0.110184, -0.882058
-1.020592, -0.052282, -0.942094
-1.067319, -0.043753, -1.055484
-0.945961, -0.018923, -0.787167
-0.729671, -0.012451, -0.593287
-0.708892, -0.004242, -0.554745
-0.708105, 0.045757, -0.619063
-0.708612, 0.044969, -0.523832
1.726929, -0.024122, -0.409858
1.329131, -0.050860, -0.300757
1.599226, 0.096667, -0.401454
1.352173, 0.017450, -0.357968
1.482804, -0.044568, -0.344700
1.443871, -0.009504, -0.408957
1.601165, 0.004432, -0.570280
1.378769, 0.003437, -0.569655
-0.638312, 0.103735, -0.904706
-0.908992, 0.100491, -0.934043
-0.769595, 0.208915, -0.869793
-0.947080, 0.169297, -1.005030
-0.595211, 0.131087, -0.965627
-0.629893, 0.096141, -0.921499
-0.604250, 0.212490, -0.959017
-0.619701, 0.244643, -0.890934
-1.085690, 0.067835, -1.093464
-1.014125, 0.056972, -0.784951
-0.970124, 0.311181, -0.514320
-0.982403, 0.143810, -0.465218
-0.949240, 0.090421, -0.327340
-0.904342, 0.124030, -0.313610
-0.857610, 0.249664, -0.339066
-0.939865, 0.310318, -0.275093
2.120474, -0.747850, -0.869145
0.958009, -0.955233, -0.729686
0.386252, -0.945375, -0.746445
0.343756, -0.845679, -0.748602
2.800000, -0.937992, -0.655191
2.800000, -0.948905, -0.865038
0.414467, -0.874110, -0.771410
0.506531, -0.928498, -0.747631
2.342654, 0.265529, -0.335533
2.046987, 0.371460, -0.466300
2.171602, 0.493028, -0.391302
1.963499, 0.481297, -0.423779
2.281434, 0.360512, -0.442081
1.979913, 0.438434, -0.563626
2.397692, 0.503511, -0.636704
2.016711, 0.480369, -0.495142
-0.548796, 0.548120, -0.954702
-0.702561, 0.464723, -0.980177
-0.318506, 0.529176, -1.046616
-0.647186, 0.742900, -0.912162
-0.436061, 0.456557, -0.891606
-0.597545, 0.593156, -0.871493
-0.456588, 0.637509, -0.889866
-0.622965, 0.660939, -0.895432
-1.082420, -0.104956, -1.073191
-0.959363, -0.009385, -0.276102
-0.911557, 0.001061, -0.455563
-1.011974, -0.026114, -0.829013
-0.815150, -0.094005, -0.391961
-0.844871, -0.076216, -0.361460
-0.715859, 0.058116, -0.462454
-0.883918, 0.050231, -0.323983
1.094813, 1.040706, -0.241793
1.045606, 0.977875, -0.158349
1.187397, 1.047842, -0.358730
1.225066, 1.052291, -0.326167
1.107472, 1.020725, -0.231631
1.102207, 0.880740, -0.193565
1.139056, 1.044216, -0.303178
1.288319, 1.039684, -0.324089
0.774982, -0.788156, -0.656329
0.344630, -0.809791, -0.741869
0.695971, -0.669187, -0.752406
0.288688, -0.748264, -0.840412
1.994007, -0.539428, -0.871617
2.074379, -0.621932, -0.774770
0.987124, -0.712177, -0.745183
0.530622, -0.684401, -0.818910
-0.848628, 0.100155, -0.592626
-1.058131, 0.046781, -1.005952
-0.892324, 0.259226, -0.595888
-0.976825, 0.236534, -0.809435
-0.789974, 0.108808, -0.599189
-0.851011, 0.176078, -0.471992
-0.689575, 0.301158, -0.569540
-0.717485, 0.267962, -0.535160
1.577326, 0.176093, -0.399053
1.297582, 0.159763, -0.312730
1.765954, 0.309499, -0.437904
1.293189, 0.206357, -0.303801
1.804985, 0.143147, -0.551526
1.329953, 0.155294, -0.247871
1.707050, 0.249598, -0.497073
1.587921, 0.259700, -0.636660
1.358868, 0.977828, -0.190369
1.406479, 0.991943, -0.203638
2.783722, 0.892669, -0.836345
2.839042, 0.807877, -0.901473
1.651070, 0.955365, -0.284226
1.709955, 0.980597, -0.313194
2.826411, 0.894533, -0.945557
2.497370, 0.986669, -1.062775
-0.905539, 0.295392, -1.001807
-0.726695, 0.314255, -0.815641
-0.731205, 0.451290, -0.851414
-0.742855, 0.415663, -0.758485
-0.588686, 0.282937, -0.974204
-0.666891, 0.331088, -0.805098
-0.594303, 0.377616, -0.939392
-0.672127, 0.409954, -0.790393
-0.982994, 0.065229, -0.365443
-0.979367, 0.218884, -0.301463
-0.994546, 0.342114, -0.436919
-0.999081, 0.266020, -0.565304
-0.896350, 0.094804, -0.240953
-0.888674, 0.166375, -0.164760
-0.962164, 0.302081, -0.158798
-0.945251, 0.238854, -0.141670
0.376174, -0.974800, -0.652514
0.616755, -0.987022, -0.794262
0.284610, -0.913401, -0.639244
0.212465, -0.942505, -0.590500
0.704165, -0.975795, -0.773028
0.423403, -0.987314, -0.615593
0.358619, -0.847947, -0.656316
0.524269, -0.980835, -0.614670
1.660650, 0.392929, -0.426155
1.354246, 0.306207, -0.306571
1.725630, 0.509945, -0.458608
1.544498, 0.433068, -0.452845
1.754530, 0.457005, -0.658572
1.440029, 0.353197, -0.332729
1.458002, 0.431969, -0.345837
1.279409, 0.442570, -0.259110
-0.932389, 0.465596, -0.930607
-0.927239, 0.504451, -0.887351
-0.694584, 0.669985, -0.848395
-0.995227, 0.384154, -0.997373
-0.630595, 0.537916, -0.913080
-0.631796, 0.532459, -0.824938
-0.621628, 0.724158, -1.008031
-0.744161, 0.681888, -0.750388
2.232932, 0.614008, -0.426961
2.015088, 0.609958, -0.484545
2.258584, 0.733012, -0.370847
1.968038, 0.710056, -0.445603
2.295300, 0.628574, -0.567102
2.040668, 0.648596, -0.549753
2.331370, 0.659966, -0.470544
1.982101, 0.734045, -0.527666
-0.576398, 0.671931, -0.916481
-0.635958, 0.607020, -0.907084
-0.623487, 0.709942, -0.840550
-0.646842, 0.728035, -0.867645
-0.419220, 0.729250, -0.936746
-0.649587, 0.774640, -0.953007
-0.151705, 0.731125, -0.963014
-0.646949, 0.739866, -0.944941
1.118097, 0.311843, -0.784503
0.948454, 0.317283, -0.718106
1.115616, 0.382256, -0.771959
1.074296, 0.457861, -0.715820
1.131611, 0.345253, -0.765716
1.167570, 0.345989, -0.751386
1.142324, 0.404029, -0.778382
1.131011, 0.445140, -0.703811
2.606987, -0.815153, -0.111249
2.463682, -0.598601, -0.382492
2.435386, -0.610703, 0.199028
2.547342, -0.838084, -0.582890
1.691843, -0.642968, 1.000000
2.511320, -0.188884, -0.344946
2.261182, -0.396092, 0.027954
2.458994, -0.282900, -0.295840
-0.981334, 0.143795, 0.107411
-0.970089, 0.139902, 0.075089
-1.064994, 0.363010, -0.864164
-1.074496, 0.398768, -0.627491
-1.005815, 0.143510, 0.134574
-1.012704, 0.197742, 0.099423
-0.981437, 0.298781, 0.148409
-1.009975, 0.368167, 0.169530
2.446113, -0.796348, -0.977157
2.342489, -1.009597, -1.085647
0.289664, -1.013491, -0.488402
0.245940, -0.982548, -0.450137
0.761532, -1.045805, -0.737347
1.538551, -1.019690, -0.921728
0.306059, -1.015212, -0.490436
0.404152, -0.998079, -0.447322
0.708782, -0.598532, -0.926027
0.380533, -0.677365, -0.985088
0.908230, -0.403774, -0.878932
0.337252, -0.564730, -0.964278
1.526810, -0.754733, -0.923163
0.601551, -0.613901, -0.979811
1.488739, -0.445508, -0.927889
0.492637, -0.459522, -0.988303
-0.883416, 0.517070, -0.595113
-0.886778, 0.542250, -0.455200
-0.908338, 0.741855, -0.712343
-0.932744, 0.697248, -0.612249
-0.697485, 0.597273, -0.567650
-0.822640, 0.565796, -0.472338
-0.727733, 0.701693, -0.537287
-0.738963, 0.623348, -0.510954
0.916369, 0.525098, -0.719813
0.990184, 0.582411, -0.670075
0.929639, 0.632390, -0.745185
0.929234, 0.596089, -0.666712
1.265967, 0.531062, -0.749486
1.232885, 0.454656, -0.741824
1.344354, 0.656022, -0.743994
1.304226, 0.636344, -0.711959
2.502481, -0.618386, 0.205056
2.576597, -0.736645, -0.442988
1.752063, -0.616001, -0.017477
2.581310, -0.705950, -0.326433
1.961375, -0.471167, -0.136552
1.662000, -0.873413, 1.005145
1.574423, -0.400264, 1.018704
1.940378, -0.931324, 1.023829
1.526600, -0.245687, -0.950812
0.329104, -0.360348, -0.963760
0.756471, -0.206281, -0.904054
0.337034, -0.294069, -0.970672
1.371711, -0.260300, -0.939334
0.556625, -0.349452, -0.981878
1.716091, -0.237243, -0.989048
0.514642, -0.247342, -1.001579
-0.953513, 0.806553, -0.770825
-0.938324, 0.828658, -0.721768
-0.923128, 0.848590, -0.717255
-0.946271, 0.866225, -0.774577
-0.827352, 0.716797, -0.531426
-0.846715, 0.792653, -0.452260
-0.682745, 0.950574, -0.580004
-0.731554, 0.993463, -0.471947
-0.935676, 0.365227, -0.003559
-1.034367, 0.423599, -0.784306
-0.944383, 0.605099, -0.008425
-0.965080, 0.490534, -0.040656
-0.961951, 0.453492, -0.036438
-1.011158, 0.392269, 0.031580
-0.996976, 0.541287, -0.027752
-0.997142, 0.603984, 0.065391
0.151301, -0.959358, -0.192901
0.035950, -1.021137, -0.066776
0.034258, -0.741337, -0.167574
0.015672, -0.874514, -0.157864
0.336565, -0.972107, -0.220057
0.186536, -0.999746, -0.058814
0.286218, -0.716864, -0.219818
0.176447, -0.876428, -0.135513
-0.518129, 0.003695, -0.217099
-0.520336, -0.077875, -0.167603
-0.531920, 0.014627, -0.216453
-0.503750, 0.015483, -0.146485
-0.336074, -0.082916, -0.263014
-0.277389, -0.001762, -0.183097
-0.364206, 0.010881, -0.253242
-0.289754, 0.083436, -0.170120
0.375094, -0.407206, -0.776345
0.269452, -0.444711, -0.739308
0.264402, -0.371921, -0.765550
0.271421, -0.333604, -0.728025
0.415027, -0.436755, -0.762387
0.491135, -0.412061, -0.737964
0.546551, -0.314240, -0.863285
0.484528, -0.336453, -0.755827
-0.958484, 0.747835, -0.315309
-0.986460, 0.776396, -0.361808
-0.997628, 0.855980, -0.852990
-1.007581, 0.921372, -0.818023
-0.819836, 0.848761, -0.309811
-0.859118, 0.758966, -0.254490
-0.923270, 0.935326, -0.339076
-0.882712, 0.900921, -0.274582
2.646359, -0.010343, 0.996398
2.536899, -0.078145, -0.832694
2.686234, 0.064412, -0.201327
2.624361, 0.075133, -0.802374
2.394935, 0.499762, 0.510830
2.582299, 0.058035, -0.738893
2.041389, 0.713256, 0.646902
2.669138, 0.068017, -0.219154
-0.530406, -0.084015, -0.096676
-0.524881, 0.002445, -0.022726
-0.415065, 0.071668, -0.132488
-0.502827, 0.017759, 0.007408
-0.385096, -0.024133, -0.104097
-0.392094, -0.006546, -0.089780
-0.315815, 0.012853, -0.115740
-0.332906, 0.028869, -0.065568
0.229484, -0.467298, -0.702109
0.280151, -0.397351, -0.615508
0.186226, -0.382177, -0.688769
0.256392, -0.335870, -0.618020
0.510755, -0.407644, -0.707918
0.380691, -0.441478, -0.642602
0.442745, -0.317043, -0.718754
0.340968, -0.348109, -0.650873
-1.023181, 0.862643, -0.562183
-1.044805, 0.890795, -0.796740
-1.019590, 0.788765, -0.953676
-1.068508, 0.795895, -0.987632
-0.958445, 0.813976, -0.219534
-0.957721, 0.822407, -0.140488
-0.959562, 0.962544, -0.251626
-0.889183, 0.966474, -0.144177
-0.462799, -0.261486, -0.190278
-0.479769, -0.217467, -0.174689
-0.516050, -0.168563, -0.194054
-0.561833, -0.132220, -0.133426
-0.270047, -0.305742, -0.220815
-0.291707, -0.241473, -0.175323
-0.275961, -0.100716, -0.258470
-0.307781, -0.140894, -0.184356
-0.962833, 0.222508, -0.116303
-1.024677, 0.229797, -0.476842
-0.950235, 0.275159, -0.069369
-0.999479, 0.302799, -0.423659
-0.969969, 0.232225, -0.110691
-1.020690, 0.230258, -0.069726
-1.002012, 0.251442, -0.102713
-1.020907, 0.297374, -0.015208
0.449814, -1.020179, -0.642589
1.645748, -0.949038, -0.984926
0.047618, -0.985151, -0.159425
0.059803, -1.007020, 0.050735
0.907992, -1.036148, -0.746664
0.709060, -1.025925, -0.657791
0.279715, -0.981360, -0.078997
0.190096, -1.014698, 0.011321
0.283696, -0.631371, -0.778265
0.282045, -0.647993, -0.726973
0.263570, -0.554903, -0.740297
0.266395, -0.487345, -0.733117
0.523425, -0.599545, -0.823743
0.481426, -0.679276, -0.747072
0.512409, -0.476807, -0.821585
0.444949, -0.471115, -0.742780
-0.985339, 0.495308, -0.684197
-1.022715, 0.598127, -0.857557
-0.989329, 0.653393, -0.429347
-1.028631, 0.784227, -0.837129
-0.843277, 0.566689, -0.327847
-0.962488, 0.621019, -0.271390
-0.960894, 0.723795, -0.286328
-0.836022, 0.724471, -0.291653
-0.542615, -0.209114, -0.100487
-0.449838, -0.217892, -0.057621
-0.529547, -0.144532, -0.097828
-0.452756, -0.187530, -0.001935
-0.410017, -0.292423, -0.131420
-0.429592, -0.251763, -0.049313
-0.400802, -0.192307, -0.105795
-0.369421, -0.165984, 0.079266
0.285795, -0.978286, -0.416674
1.209963, -1.036468, -1.039668
0.094611, -0.989946, 0.095925
0.138890, -0.966553, 0.080570
1.515948, -1.060858, -1.070727
1.255799, -1.038732, -0.997236
0.242516, -1.013520, 0.063743
0.254383, -0.962982, 0.057036
0.223013, -0.674419, -0.654298
0.299971, -0.698103, -0.648342
0.307628, -0.575398, -0.668507
0.169347, -0.512840, -0.624144
0.351903, -0.638023, -0.665019
0.418005, -0.698910, -0.647727
0.458414, -0.500988, -0.706102
0.451466, -0.504728, -0.643315
-1.033600, 0.674900, -0.785666
-1.033666, 0.704377, -0.629821
-1.011297, 0.672112, -0.325149
-1.032687, 0.732159, -0.557757
-0.961353, 0.606014, -0.241894
-0.908788, 0.544092, -0.051521
-0.976275, 0.680362, -0.203461
-0.971663, 0.729635, -0.124045
-0.038376, -1.010593, -0.119195
-0.009754, -1.039136, -0.001272
0.035864, -0.865698, 0.011028
0.043839, -0.884690, 0.060735
0.029715, -1.021766, -0.100857
0.170510, -1.043799, -0.142467
0.063735, -0.872061, -0.004529
0.121915, -0.967736, 0.049102
0.192249, -0.498684, -0.444581
0.248042, -0.463946, -0.409787
0.247824, -0.307393, -0.442230
0.176653, -0.341842, -0.372981
0.291922, -0.488851, -0.455389
0.279169, -0.463545, -0.418024
0.384177, -0.391219, -0.469515
0.342937, -0.336698, -0.408165
-1.042540, 0.926680, -0.619578
-1.043029, 1.075098, -0.965645
-0.981620, 0.691355, -1.033588
-1.000000, 1.000000, -1.000000
-0.994991, 0.761667, 0.242602
-1.001435, 0.901905, 0.143419
-0.991702, 1.024318, 0.134497
-0.991046, 1.032817, 0.012913
1.020172, 0.365205, -0.672390
0.974917, 0.391123, -0.625350
1.015015, 0.427239, -0.651612
0.959342, 0.434075, -0.590329
1.100405, 0.386232, -0.673903
1.083519, 0.396327, -0.608686
1.073307, 0.464273, -0.675566
1.198218, 0.433016, -0.626466
2.628827, -0.165365, -0.485129
2.548349, -0.803974, -0.141217
2.539045, -0.410408, -0.461445
2.496954, -0.774330, -0.437144
2.454535, -0.325465, -0.102673
2.101305, -0.673236, -0.470276
2.611608, -0.248779, -0.359946
2.183778, -0.367641, -0.969043
2.281334, -0.072928, -0.799649
1.963342, -0.023486, -0.909993
2.133397, -0.004005, -0.836110
1.916847, 0.035881, -0.935708
2.846313, 0.383562, 0.685104
2.534368, -0.083468, -0.769252
2.709477, 0.021803, -0.634012
2.376372, 0.009852, -0.830152
-0.513381, -0.636177, 0.032160
-0.528480, -0.629266, 0.102955
-0.537119, -0.605622, 0.055270
-0.576659, -0.589891, 0.097217
-0.406766, -0.648759, 0.055930
-0.478620, -0.697504, 0.097586
-0.389110, -0.635887, 0.028835
-0.498272, -0.574540, 0.081009
1.417433, -1.048477, -0.960257
0.294681, -1.009027, -0.529052
0.185576, -0.999663, -0.415809
0.201929, -0.963535, -0.249763
0.577102, -1.035512, -0.618660
1.072459, -1.055061, -0.882961
0.294445, -0.976170, -0.402057
0.293382, -0.970637, -0.304997
-1.087896, 0.184326, -1.050902
-1.066303, 0.260929, -0.625179
-0.968366, 0.292844, 0.088018
-1.063875, 0.396401, -0.798587
-0.929827, 0.224381, -0.037996
-0.959686, 0.203845, -0.099738
-0.937262, 0.326416, 0.022472
-0.943076, 0.272376, -0.093851
0.143886, -0.923308, -0.123665
0.153249, -0.953481, -0.236631
-0.034657, -0.965126, -0.099282
0.007967, -0.992947, -0.042812
0.958912, -0.970719, -1.076509
0.571628, -0.982577, -0.909271
0.070068, -0.960934, -0.105949
0.089144, -0.987011, -0.052602
0.140412, -0.609585, -0.425173
0.185929, -0.680246, -0.404765
0.204552, -0.530029, -0.420354
0.120448, -0.570803, -0.364172
0.381076, -0.682465, -0.451102
0.258456, -0.700260, -0.406628
0.309738, -0.508340, -0.451274
0.396936, -0.588902, -0.405682
-1.081580, 0.754102, -0.905405
-1.007783, 0.611166, -0.201720
-0.997863, 0.815325, -0.121558
-1.049233, 0.706487, -0.560618
-0.991980, 0.590673, 0.203829
-0.997903, 0.588561, 0.187695
-0.990719, 0.688160, 0.255202
-0.986699, 0.704050, 0.141616
1.043177, 0.133190, -0.679797
0.972671, 0.181637, -0.604112
0.908932, 0.262044, -0.681907
0.923148, 0.240009, -0.587841
1.162499, 0.129361, -0.656530
1.182317, 0.099082, -0.624441
1.064760, 0.250131, -0.662385
1.179519, 0.256863, -0.623795
2.498078, -0.813946, 0.594559
2.117652, -0.288324, 0.590885
2.542091, -0.751347, -0.809071
2.660725, -0.655488, -0.355901
1.643348, -0.919888, 0.908661
1.944447, -0.069878, 0.474776
2.452198, -0.450441, -0.168745
2.676048, -0.627530, -0.166020
2.701202, 0.655333, 0.121273
2.722985, 0.698751, 0.350024
1.045665, -1.000000, 1.000000
1.878109, -1.000000, 0.536825
2.753667, 0.571155, 0.450223
2.458088, 0.946582, 1.029134
2.290965, 0.231637, 0.959771
1.534969, 0.253185, 1.000000
-0.553292, -0.988056, -0.018078
-0.607384, -0.977229, 0.064109
-0.595218, -0.924493, 0.009100
-0.587399, -0.850786, 0.094594
-0.371376, -0.999894, -0.055291
-0.341535, -1.020259, 0.029772
-0.404755, -0.865544, 0.036217
-0.411883, -0.964672, 0.065774
-1.073082, -0.026931, -0.693558
-0.984588, 0.000644, -0.001666
-1.073984, 0.139301, -0.557902
-0.958296, 0.131566, 0.005571
-0.966812, 0.022071, 0.039003
-0.981478, -0.006207, -0.042345
-0.937031, 0.129126, -0.029294
-0.999366, 0.099367, -0.077997
0.936970, 0.698917, -0.631671
0.847991, 0.756624, -0.566482
1.008275, 0.833053, -0.669284
0.992479, 0.884900, -0.576873
1.214697, 0.804510, -0.632747
1.029944, 0.692541, -0.584933
1.144215, 0.927655, -0.607314
1.050793, 0.936618, -0.588410
2.612999, -0.468444, -0.314248
2.636282, -0.430405, -0.550354
2.652037, -0.364785, -0.518795
2.603385, -0.459647, -0.540665
2.600468, -0.505420, -0.055849
2.637432, -0.471581, 0.026482
1.426367, -0.955038, 1.051078
2.434550, -0.546111, -0.299494
2.656576, 0.287561, -0.771223
1.920298, 0.164444, -0.924886
2.329933, 0.427874, -0.819637
2.177566, 0.429948, -0.952348
2.797515, 0.106487, 0.087250
2.384690, 0.266854, -0.838627
2.751874, 0.337553, -0.269148
2.333784, 0.435383, -0.912627
-0.547039, -0.261032, 0.036377
-0.568971, -0.279585, 0.081133
-0.616569, -0.124322, 0.052743
-0.615910, -0.120325, 0.096516
-0.443928, -0.303695, 0.051306
-0.470383, -0.299391, 0.102825
-0.477258, -0.139137, 0.034335
-0.443931, -0.094855, 0.068715
0.119171, -0.698911, -0.278786
0.180229, -0.689440, -0.226726
0.139993, -0.538255, -0.273863
0.034701, -0.552074, -0.207318
0.267580, -0.673698, -0.308469
0.265701, -0.644596, -0.230045
0.212807, -0.585145, -0.279695
0.321658, -0.560057, -0.231996
-1.087213, 0.749477, -0.982911
-1.057260, 0.603836, -0.624224
-0.948333, 0.716482, 0.105404
-0.988405, 0.872729, -0.449474
-0.976106, 0.667031, 0.049250
-1.000790, 0.625880, -0.018302
-0.986751, 0.756606, 0.069720
-0.951547, 0.816491, -0.072503
0.627923, 0.482121, -0.695648
0.622072, 0.493256, -0.676107
0.619485, 0.627422, -0.703310
0.554195, 0.628865, -0.637177
0.809364, 0.518541, -0.736910
0.812195, 0.542977, -0.668338
0.836119, 0.654528, -0.726328
0.836750, 0.647873, -0.673788
2.624568, -0.666987, -0.595698
2.567982, -0.684200, -0.866821
2.804993, -0.443639, 0.617219
2.562434, -0.600879, -0.958004
2.095625, -0.676961, 0.435630
2.609260, -0.839041, -0.626861
2.721587, -0.596460, 0.055314
2.532787, -0.576190, -0.836622
-0.494140, -0.620949, -0.065303
-0.489481, -0.635928, -0.034380
-0.555816, -0.564083, -0.089015
-0.490501, -0.573699, 0.019298
-0.387533, -0.623281, -0.094820
-0.393089, -0.663793, 0.067661
-0.336679, -0.558321, -0.097044
-0.327929, -0.568488, 0.035663
-1.039006, -0.058060, -0.647304
-1.003310, -0.060959, 0.057896
-1.052223, 0.109240, -0.651768
-1.078295, 0.016191, -1.038714
-0.993347, -0.061313, 0.150155
-1.024614, -0.007520, 0.085963
-1.014276, 0.132247, 0.125477
-0.986270, 0.088540, 0.084137
0.242756, 0.501249, -0.698534
0.235185, 0.558581, -0.624684
0.243172, 0.669668, -0.672957
0.295738, 0.618947, -0.636954
0.475373, 0.511064, -0.694009
0.364974, 0.512135, -0.667631
0.459418, 0.644782, -0.699335
0.479186, 0.633933, -0.619775
2.761462, -0.633848, -0.221654
2.281897, -0.656122, -0.875346
2.771537, -0.372495, -0.286023
2.277660, -0.448945, -0.904238
2.667912, -0.688056, 0.264279
2.486629, -0.593085, -0.976800
2.882607, -0.394796, 0.435255
2.505128, -0.557407, -0.931222
-0.969322, -0.430901, 0.105568
-0.949053, -0.485013, -0.020562
-0.946554, -0.272003, 0.056924
-1.066827, -0.347539, -0.657472
-0.956788, -0.465302, 0.057857
-0.945777, -0.569515, -0.074635
-0.948457, -0.324347, 0.013086
-0.959244, -0.415519, -0.092995
0.573525, 0.345096, -0.702213
0.657924, 0.334721, -0.679463
0.685370, 0.398117, -0.720730
0.619545, 0.464234, -0.680812
0.770145, 0.358708, -0.743366
0.787848, 0.371385, -0.696367
0.855885, 0.406319, -0.749300
0.848786, 0.450105, -0.719071
2.545552, -0.434966, 0.175954
2.591699, -0.543081, -0.939185
2.328416, -0.308121, -0.064479
2.617167, -0.757572, -0.791224
2.609060, -0.782372, -0.598159
2.588950, -0.731128, -0.872929
2.307237, -0.454826, 0.256354
2.598746, -0.787273, -0.680739
-0.563324, -1.035718, -0.100060
-0.504452, -1.037679, -0.082138
-0.487092, -0.926340, -0.112240
-0.516604, -0.905147, 0.064113
-0.307936, -1.015014, -0.143482
-0.413840, -1.034625, -0.083790
-0.344657, -0.895282, -0.133681
-0.312379, -0.845702, -0.027591
-1.047352, -0.081924, -0.976318
-1.043698, -0.082114, -0.914044
-1.063973, -0.047813, -1.068393
-1.049045, -0.049039, -0.927662
-0.838901, -0.045167, -0.248898
-0.815458, -0.088702, -0.176175
-0.956033, 0.038080, -0.313204
-0.964235, 0.067722, -0.098629
0.309199, 0.383358, -0.720935
0.291768, 0.336454, -0.664922
0.313605, 0.458024, -0.687341
0.203235, 0.436287, -0.609333
0.518518, 0.354508, -0.730406
0.407628, 0.369594, -0.671761
0.368255, 0.428946, -0.699793
0.467081, 0.470242, -0.636959
2.542579, -0.627018, -0.878509
2.492814, -0.712503, -0.913885
2.808971, -0.554630, 0.271805
2.185487, -0.760699, -0.883866
2.746645, -0.330570, 0.265592
2.405347, -0.649781, -0.920595
2.609197, -0.830230, -0.240360
2.597820, -0.724817, -0.955997
-1.042408, -0.726544, -0.450630
-0.945275, -0.666482, 0.020463
-1.090421, -0.694299, -1.048653
-1.000000, -0.695367, -1.000000
-0.954205, -0.656947, 0.098094
-0.978284, -0.700803, 0.012202
-0.974226, -0.642008, 0.053907
-0.987216, -0.619562, -0.047798
-0.779328, 0.106779, -0.756708
-0.958090, 0.124154, -0.923536
-0.797747, 0.165982, -0.822826
-1.065875, 0.141510, -1.076443
-0.650979, 0.137130, -0.800290
-0.715122, 0.092186, -0.672567
-0.638408, 0.255641, -0.724605
-0.654312, 0.260650, -0.647950
1.303702, -0.120845, -0.320532
1.247229, -0.053474, -0.268825
1.302943, 0.076257, -0.319573
1.369484, 0.113875, -0.387959
1.307112, -0.093612, -0.252657
1.089849, -0.055355, -0.435550
1.284666, 0.096339, -0.267613
1.241836, 0.084316, -0.239422
1.002261, 0.969551, -0.122757
1.096844, 0.946393, -0.281272
2.750635, 0.347727, -0.931273
2.896064, 0.746056, -1.012640
1.246878, 0.961359, -0.217042
1.110353, 0.945642, -0.291201
1.710876, 0.968596, -0.834328
2.265865, 0.927302, -1.037706
-0.823642, 0.280021, -0.813467
-0.952797, 0.376666, -0.853391
-0.892519, 0.423961, -0.861126
-0.858971, 0.458284, -0.733954
-0.689852, 0.367154, -0.660442
-0.727124, 0.320651, -0.601925
-0.705438, 0.392300, -0.744951
-0.745737, 0.417814, -0.596889
1.320921, 0.162736, -0.352870
1.341968, 0.152889, -0.369832
1.308035, 0.257068, -0.342384
1.424180, 0.228268, -0.413750
1.280817, 0.150673, -0.246468
1.261308, 0.164937, -0.294753
1.286212, 0.215056, -0.255213
1.153016, 0.238276, -0.435914
0.861783, 1.004746, -0.050001
0.921009, 0.930675, -0.151999
2.889505, 0.648674, -0.996984
2.704298, 0.853527, -1.034724
0.870752, 0.998191, -0.062004
1.118490, 0.977785, -0.321303
2.438677, 0.934755, -1.064098
1.918919, 0.979314, -1.000000
1.207126, 0.217035, -0.273689
1.069592, 0.129705, -0.173871
1.105387, 0.319591, -0.224299
1.181800, 0.278472, -0.204912
1.376210, 0.190393, -0.380190
1.399754, 0.134061, -0.387517
1.345598, 0.215962, -0.352026
1.403473, 0.274563, -0.364781
1.197320, -1.045067, -0.797358
0.490189, -1.047629, -0.819399
-0.086231, -0.992001, -0.517752
-0.025123, -1.017130, -0.485981
2.206942, -0.885482, -0.997707
1.121307, -1.039135, -0.820094
0.055855, -0.947304, -0.526765
0.144052, -0.999068, -0.484785
1.127812, 0.443278, -0.227667
1.129514, 0.471760, -0.207776
1.066759, 0.569265, -0.243793
1.175882, 0.560191, -0.205778
1.114363, 0.491854, -0.244650
1.257949, 0.470053, -0.256874
1.237554, 0.465694, -0.342551
1.247252, 0.486388, -0.266029
-0.979625, -0.428988, -0.961831
-1.000724, -0.473462, -0.990893
-0.920410, -0.310138, -0.751383
-0.917472, -0.339102, -0.685828
-0.802852, -0.440251, -0.561467
-0.730377, -0.467651, -0.545128
-0.693131, -0.400263, -0.615496
-0.763141, -0.340044, -0.519209
1.029464, 0.200162, -0.209928
1.054483, 0.189507, -0.145257
1.027737, 0.259393, -0.188121
1.029709, 0.292147, -0.165803
1.081084, 0.214345, -0.227986
1.061589, 0.162759, -0.153443
1.081705, 0.225385, -0.206956
1.049638, 0.260554, -0.166608
1.114975, -0.099940, -0.240901
1.226552, -0.045560, -0.225270
1.100718, 0.071631, -0.232003
1.132418, -0.018505, -0.233112
1.257166, -0.112475, -0.348120
1.248885, -0.101369, -0.259887
1.165321, -0.004646, -0.284469
1.322374, 0.089498, -0.321747
-1.037742, 0.069795, -0.951799
-1.026494, 0.116793, -0.765345
-1.008561, 0.302594, -0.070155
-1.038695, 0.396460, -0.568744
-1.001162, 0.193358, 0.084013
-1.013879, 0.167961, 0.121047
-1.004079, 0.280171, 0.095667
-1.034756, 0.245214, 0.119077
2.401935, -0.794042, -0.925975
2.301092, -0.830687, -1.026229
0.188661, -0.978966, -0.503091
0.231235, -1.017535, -0.486787
1.722317, -0.861252, -0.932598
2.500849, -0.888526, -1.008889
0.420008, -0.990783, -0.506950
0.414152, -0.989975, -0.473746
-0.830829, 0.537019, -0.713875
-0.872250, 0.540962, -0.668119
-0.804513, 0.660305, -0.692689
-1.047615, 0.378606, -0.990936
-0.726345, 0.552588, -0.692014
-0.721801, 0.543480, -0.590327
-0.673083, 0.700690, -0.765949
-0.723234, 0.638043, -0.626333
1.267950, 0.424349, -0.326682
1.325153, 0.429297, -0.323487
1.254704, 0.427656, -0.320213
1.187391, 0.446707, -0.225153
1.284174, 0.275121, -0.230985
1.202169, 0.329137, -0.240390
1.215968, 0.431695, -0.231693
1.221447, 0.503183, -0.274638
1.018101, 0.641765, -0.242764
1.073148, 0.648968, -0.190252
1.079814, 0.704538, -0.216796
1.111856, 0.680093, -0.204816
1.052510, 0.577533, -0.242125
1.046541, 0.612339, -0.198259
1.102545, 0.730917, -0.247678
1.293894, 0.708120, -0.296259
0.698848, 0.192971, -0.093638
0.918629, 0.153441, -0.104479
0.785272, 0.230263, -0.115654
0.709468, 0.235295, -0.081141
0.987147, 0.199858, -0.214376
0.951274, 0.169190, -0.147319
0.995847, 0.269230, -0.202289
0.928144, 0.263690, -0.146828
1.084755, -0.255232, -0.221631
1.172873, -0.301690, -0.208425
1.120595, -0.193984, -0.269027
1.191269, -0.223329, -0.207024
1.241791, -0.260616, -0.336628
1.251991, -0.238371, -0.259758
1.239244, -0.167677, -0.282834
1.319760, -0.155714, -0.302494
-0.884631, -0.649960, -0.799114
-0.889552, -0.600984, -0.598611
-0.947656, -0.494504, -0.925824
-0.937901, -0.540908, -0.713633
-0.696459, -0.624411, -0.581400
-0.776153, -0.632071, -0.513377
-0.708715, -0.538389, -0.610492
-0.852061, -0.549441, -0.508451
0.988828, -0.062093, -0.209562
1.113282, -0.026576, -0.160382
0.988349, 0.087483, -0.202340
1.013389, 0.005116, -0.174080
1.031462, -0.014337, -0.229437
1.093112, -0.115449, -0.161785
1.046424, 0.091907, -0.219973
1.076354, 0.057827, -0.178270
0.992756, -1.059868, -1.021848
-0.280575, -1.010979, -0.554458
-0.392889, -0.943360, -0.605356
-0.325866, -0.959471, -0.548681
1.126459, -1.050988, -0.843630
0.332707, -1.031882, -0.834221
-0.238956, -0.925427, -0.604016
-0.218293, -0.997636, -0.561847
-0.842696, -0.237102, -0.797927
-1.005885, -0.332536, -0.983230
-1.056383, -0.258638, -1.084944
-1.014232, -0.200641, -0.995983
-0.678963, -0.269905, -0.725253
-0.709193, -0.268721, -0.673961
-0.720180, -0.195260, -0.743376
-0.762601, -0.182594, -0.651569
1.238048, -0.442050, -0.287150
1.315338, -0.540090, -0.308989
1.328696, -0.342476, -0.359053
1.351657, -0.334433, -0.315423
1.323309, -0.471991, -0.251296
1.212137, -0.525948, -0.418199
1.341100, -0.410873, -0.256223
1.248478, -0.356479, -0.251415
0.094173, 0.951214, -0.065075
0.157994, 0.950243, -0.078871
0.427166, 0.993565, -0.714862
0.311195, 0.969033, -0.564117
0.192237, 0.987204, -0.104376
0.344128, 1.014778, -0.174653
0.358308, 0.905728, -0.066082
0.557606, 0.961911, -0.758961
1.397134, -0.294022, -0.399142
1.518768, -0.240466, -0.375164
1.444655, -0.193465, -0.404203
1.369720, -0.181100, -0.322328
1.838553, -0.282683, -0.433943
1.719441, -0.297741, -0.408102
1.698315, -0.186648, -0.442612
1.575099, -0.206274, -0.355843
2.608218, 0.650733, -1.024230
2.370803, 0.016781, -0.713546
2.058148, -0.933153, -0.599376
1.762853, -0.917670, -0.456050
2.228019, -0.683313, -0.870936
2.711027, -0.735130, -1.044451
2.380881, -0.995053, -0.806261
2.090574, -1.001318, -0.891358
-0.648841, -0.716713, -0.779730
-0.760255, -0.872624, -0.744352
-0.619358, -0.677307, -0.924115
-0.770833, -0.675023, -0.880713
-0.498292, -0.700752, -0.897805
-0.593630, -0.692178, -0.986555
-0.598924, -0.717958, -0.927126
-0.621928, -0.714418, -0.920729
-0.851541, 0.742348, -0.726031
-0.979173, 0.179881, -1.005395
-0.730007, 0.667003, -0.542667
0.137255, 0.969652, -1.026848
-0.664134, 0.991526, -0.720325
-0.729270, 0.975110, -0.662280
0.335737, 0.988802, -0.999614
0.442481, 0.971351, -1.048718
1.278793, 0.982734, -0.359649
1.263427, 0.936763, -0.290454
1.384074, 0.995975, -0.536025
1.635073, 1.040602, -0.635401
1.300208, 1.003470, -0.298274
1.174765, 1.045348, -0.246630
1.488489, 0.999985, -0.574211
1.494811, 1.074335, -0.629470
0.761784, -0.036371, -0.127371
0.843549, -0.140759, -0.088218
0.785485, 0.108614, -0.120528
0.751944, -0.002897, -0.071118
0.911970, -0.075661, -0.122189
0.954719, -0.048855, -0.130930
0.948874, 0.134792, -0.164567
1.098801, 0.044844, -0.145201
-0.835517, -0.458906, -0.790353
-0.953234, -0.453062, -0.932161
-1.005669, -0.334805, -0.996441
-0.849717, -0.369321, -0.667235
-0.677755, -0.413263, -0.779156
-0.686490, -0.464278, -0.681134
-0.665447, -0.367368, -0.720490
-0.758517, -0.346935, -0.675355
1.292646, -0.691956, -0.355919
1.335619, -0.688259, -0.383828
1.251313, -0.626633, -0.316040
1.213858, -0.636961, -0.252174
1.307917, -0.776396, -0.265557
1.215353, -0.769943, -0.363155
1.363907, -0.599950, -0.318189
1.192786, -0.650771, -0.232237
-0.923988, -1.029511, -0.819879
-0.928943, -0.876869, -0.852375
-1.083580, -0.684128, -1.088216
-1.027262, -0.605295, -1.070021
-0.682713, -0.900116, -0.623422
-0.755887, -0.862173, -0.509196
-0.668581, -0.681399, -0.603333
-0.677030, -0.794750, -0.530948
1.028190, -0.269198, -0.169851
1.049173, -0.284039, -0.132515
1.022160, -0.162890, -0.196943
1.018078, -0.202090, -0.104547
1.054560, -0.241948, -0.189959
1.152443, -0.230944, -0.155500
1.100518, -0.231286, -0.188520
1.152522, -0.126013, -0.162526
-0.371564, -1.018665, -0.813272
-0.042424, -1.043881, -0.997138
-0.668773, -0.988867, -0.650163
-0.662711, -0.937589, -0.509736
0.312047, -1.049317, -0.956714
-0.072608, -1.023841, -0.818804
-0.512490, -0.936879, -0.622684
-0.441854, -0.994635, -0.541270
1.089152, -0.530085, -0.303347
1.159405, -0.563479, -0.217789
1.064662, -0.350538, -0.268471
1.201909, -0.367722, -0.205915
1.107650, -0.581111, -0.240099
1.246587, -0.566020, -0.248920
1.311274, -0.344505, -0.376541
1.245333, -0.369368, -0.257093
-0.789784, -0.592063, -0.731384
-0.889980, -0.615324, -0.859491
-0.981859, -0.474374, -1.013329
-0.894608, -0.520701, -0.802810
-0.689126, -0.643704, -0.783952
-0.675331, -0.615189, -0.650309
-0.673201, -0.558999, -0.731733
-0.748555, -0.578993, -0.671211
1.391684, -1.054145, -0.641822
1.392361, -1.069028, -0.581143
1.303485, -0.883364, -0.399714
1.387665, -0.934862, -0.473740
1.592094, -1.043188, -0.831503
1.414790, -1.085271, -0.624428
1.327530, -1.065987, -0.398273
1.323803, -1.074372, -0.428396
0.433165, -0.062894, -0.070516
0.616353, -0.099640, -0.010619
0.521066, 0.055734, -0.072324
0.451400, 0.119209, -0.001058
0.585133, -0.109374, -0.084458
0.572885, -0.098447, -0.041477
0.566254, 0.040754, -0.103586
0.637635, 0.064426, -0.042364
0.785901, -0.199306, -0.085633
0.842198, -0.213137, -0.060365
0.810755, -0.169111, -0.104156
0.909662, -0.161379, -0.061356
0.881928, -0.261291, -0.121147
0.931038, -0.226571, -0.100990
0.958080, -0.163605, -0.135155
0.875727, -0.169577, -0.087747
-0.861529, -1.023229, -0.851572
-0.631176, -0.904347, -0.961518
-0.896824, -1.017360, -0.818115
-0.888279, -1.002636, -0.597213
-0.563772, -1.028357, -0.812058
-0.011125, -0.972039, -1.046603
-0.683876, -0.971338, -0.646604
-0.740200, -0.999400, -0.513440
1.069754, -0.592490, -0.186820
1.086153, -0.465177, -0.170693
1.031490, -0.407000, -0.162923
1.128463, -0.452020, -0.157578
1.099865, -0.475625, -0.229342
1.171219, -0.594798, -0.206685
1.130144, -0.472934, -0.223989
1.153450, -0.384977, -0.188444
2.227601, -0.312815, -0.575096
2.094426, -0.307968, -0.541857
2.361608, -0.220287, -0.538107
2.065592, -0.089124, -0.521601
2.489993, -0.331028, -0.444152
2.359140, -0.344736, -0.517034
2.518858, -0.174712, -0.472894
2.477736, -0.238761, -0.469490
0.389737, 0.968241, 0.081463
0.360691, 1.007150, 0.062518
2.686983, 0.895542, -1.074839
1.455246, 1.046200, -1.066765
0.475566, 0.993611, 0.088493
0.487217, 0.960405, 0.062707
2.813084, 0.846225, -1.032363
2.671486, 0.939662, -1.039015
1.100387, -0.662113, -0.243389
1.170017, -0.657589, -0.221353
1.083622, -0.616387, -0.263460
1.135930, -0.612472, -0.216774
1.296079, -0.666848, -0.390838
1.300242, -0.644685, -0.281311
1.278057, -0.594374, -0.373460
1.202356, -0.615596, -0.242421
1.208449, -0.994298, -0.429864
1.190690, -1.020095, -0.316968
1.135631, -0.726577, -0.207296
1.226642, -0.875941, -0.222974
1.322774, -1.024401, -0.627076
1.413851, -1.035818, -0.574855
1.291362, -0.767095, -0.366783
1.363481, -0.795409, -0.384376
0.583808, -0.961234, -0.714344
0.398160, -0.933207, -0.398540
0.406936, -0.930811, -0.109925
0.309212, -0.952545, -0.076936
1.535003, -0.973269, -1.032522
0.666508, -0.917938, -0.310470
0.448130, -0.949481, -0.110123
0.602587, -0.969007, -0.039400
0.660273, -0.907296, -0.104152
1.277906, -0.980003, -1.056493
0.590494, -0.988677, -0.133491
0.637413, -0.958756, -0.069793
1.838378, -0.963740, -1.044733
1.569768, -0.974706, -1.060773
0.690767, -0.929241, -0.158245
0.708829, -0.973441, -0.091865
0.865283, -0.450671, -0.089392
0.834567, -0.442876, -0.049133
0.866758, -0.376146, -0.086957
0.792001, -0.235097, -0.053105
0.945923, -0.460261, -0.148374
0.905042, -0.489599, -0.082854
0.898529, -0.259253, -0.094317
0.911588, -0.405873, -0.080060
1.341878, -0.220994, -0.593003
1.179120, -0.243956, -0.545196
1.423986, -0.129129, -0.621608
1.179133, -0.192740, -0.544096
1.513384, -0.262862, -0.602146
1.474263, -0.279636, -0.580349
1.482569, -0.151696, -0.604720
1.428444, -0.167597, -0.580118
-0.325122, 0.983942, 0.158562
-0.313823, 0.998302, 0.159116
0.081465, 1.024271, -0.682557
-0.353881, 0.963406, 0.161418
-0.142455, 0.978389, 0.122164
0.008326, 0.976797, 0.126161
0.049969, 0.974551, -0.002742
0.250282, 1.032386, -0.666023
0.838381, -0.666586, -0.169754
0.836984, -0.662795, -0.115605
0.819432, -0.620367, -0.115178
0.869477, -0.608195, -0.088497
0.996530, -0.666819, -0.178092
1.068058, -0.721252, -0.145804
0.925097, -0.639222, -0.158378
0.975223, -0.657312, -0.116823
0.328218, -0.956723, -0.064752
0.212980, -1.030707, -0.109960
0.289167, -0.744714, -0.001682
0.322400, -0.781513, 0.041536
0.525337, -1.005377, -0.106901
0.394149, -1.003047, -0.068862
0.331284, -0.825403, -0.042895
0.387796, -0.943433, -0.022748
0.727171, -1.034742, -0.102319
0.919801, -1.041403, -0.194779
0.693230, -0.961813, -0.127911
0.919007, -0.999779, -0.114381
0.994116, -1.043116, -0.224156
1.109889, -1.027452, -0.277991
1.031544, -0.856039, -0.180633
1.031715, -0.949182, -0.161403
1.789625, -0.248370, -0.578430
1.688228, -0.240990, -0.580410
1.870995, -0.154647, -0.583384
1.612059, -0.134578, -0.573707
1.946152, -0.281231, -0.601871
1.936983, -0.240217, -0.551824
2.093752, -0.158861, -0.583610
2.092911, -0.150731, -0.545332
0.147080, 0.998450, 0.112844
0.030309, 0.991982, 0.132438
1.329997, 0.982781, -1.074680
1.364287, 0.974646, -1.073494
0.170564, 1.002528, 0.106352
0.148334, 1.011205, 0.103576
1.641378, 0.973441, -1.039744
1.378443, 1.000000, -1.000000
1.093411, -0.656467, -0.241262
1.080723, -0.700694, -0.184691
1.066206, -0.594783, -0.235651
1.065583, -0.605034, -0.174840
1.123894, -0.664211, -0.252556
1.127088, -0.686549, -0.203437
1.127265, -0.639665, -0.250446
1.249430, -0.635412, -0.222833
1.518858, 0.631241, -0.404434
1.258914, 0.671790, -0.289697
1.626964, 0.724802, -0.478571
1.577402, 0.886375, -0.505086
1.786658, 0.581008, -0.567581
1.474099, 0.689633, -0.390696
1.859650, 0.705563, -0.802035
1.420431, 0.755773, -0.593248
-0.663792, 0.788594, -0.922601
-1.000000, 0.216171, -1.000000
-0.686429, 0.781908, -0.835776
-1.015694, 0.281943, -0.954879
-0.666808, 0.785650, -0.969212
-0.702325, 0.787591, -0.831619
-0.680851, 0.769016, -0.871585
-0.741779, 0.840623, -0.816532
-0.028009, -0.910806, -0.086376
-0.163882, -0.921955, -0.035970
-0.176712, -0.974203, -0.073624
-0.190188, -0.942321, 0.030793
-0.020449, -0.914794, -0.048958
0.274632, -0.971532, -0.886911
-0.148605, -0.984899, -0.075108
-0.127616, -0.993176, -0.060124
2.590066, -0.950916, -1.000000
1.961522, -0.907984, -1.056482
0.918453, -0.927087, -0.190794
1.050752, -0.944342, -0.229287
2.684305, -0.875353, -1.094355
1.372159, -0.979562, -0.833221
1.126056, -0.921397, -0.357671
1.086469, -0.957572, -0.247244
1.005690, -1.022427, -0.197959
1.038305, -1.038059, -0.189882
1.087281, -0.787134, -0.239822
1.074814, -0.805371, -0.158943
1.086892, -0.996546, -0.282027
1.321716, -1.039630, -0.369325
1.091165, -0.951878, -0.233401
1.145223, -0.976285, -0.209855
0.180534, -0.554651, 0.019266
0.212860, -0.482738, 0.025242
0.182424, -0.421648, -0.016481
0.339270, -0.372000, 0.050529
0.282764, -0.548171, -0.008891
0.369696, -0.465242, 0.002072
0.395128, -0.331155, -0.022350
0.316883, -0.301750, 0.019169
0.539804, -0.250745, -0.504067
0.418755, -0.210444, -0.403499
0.560126, -0.092163, -0.497444
0.402660, -0.106045, -0.397829
0.671710, -0.207895, -0.525242
0.697158, -0.270549, -0.457225
0.653111, -0.126591, -0.529858
0.614446, -0.103061, -0.440385
-0.980304, 0.960453, 0.145377
-0.996727, 0.941128, 0.023988
-0.609022, 1.050998, -0.881035
-0.872094, 0.972560, -0.313703
-0.690516, 1.007545, 0.217729
-0.819766, 1.009253, 0.132973
0.266367, 1.000000, -1.000000
-0.411197, 1.045653, -0.922192
0.286923, -0.734078, 0.006361
0.297000, -0.680968, 0.043049
0.186768, -0.631493, 0.016332
0.204741, -0.573518, 0.030744
0.346765, -0.718695, -0.016173
0.450879, -0.749984, 0.016112
0.322018, -0.634458, -0.027245
0.427481, -0.602601, 0.002577
0.230134, -0.277746, -0.449695
0.080536, -0.208607, -0.343033
0.161587, -0.154190, -0.466964
0.101422, -0.143683, -0.359589
0.442962, -0.238752, -0.501787
0.235545, -0.246262, -0.363957
0.319406, -0.149431, -0.456124
0.360855, -0.118888, -0.427945
-0.954888, 0.944087, 0.117297
-0.798400, 0.547435, -1.045498
-1.023054, 0.983651, -0.473587
-0.679531, 0.586858, -0.923683
-0.990329, 1.014035, 0.132104
-0.990367, 0.922265, 0.021539
-0.388013, 0.979886, -1.000000
-0.979280, 0.901600, 0.109752
-0.061431, -0.656515, 0.022857
-0.076570, -0.647764, 0.067779
-0.071415, -0.632169, 0.028100
0.001415, -0.638465, 0.054771
0.103996, -0.647206, 0.016992
0.182596, -0.641352, 0.059337
0.153363, -0.643337, 0.010503
0.084357, -0.606392, 0.057822
1.719895, -0.786586, -0.823369
0.797204, -0.915531, -0.700619
0.301312, -0.707941, -0.915676
0.317074, -0.805857, -0.830571
1.854105, -0.711000, -0.835822
2.606222, -0.837416, -0.658464
0.389757, -0.726918, -0.865691
0.546687, -0.708548, -0.876121
-0.980370, 0.118112, -0.807329
-1.050331, 0.127546, -0.950175
-0.994435, 0.234637, -0.843277
-1.066696, 0.127417, -0.994564
-0.785419, 0.209651, -0.430156
-0.770272, 0.169142, -0.349615
-0.767579, 0.243957, -0.456790
-0.885219, 0.256235, -0.384984
-0.936031, -0.194829, 0.020158
-0.963965, -0.191095, 0.042654
-1.070604, -0.155155, -0.748393
-0.952693, -0.187726, -0.049827
-0.933734, -0.263901, 0.011899
-0.986033, -0.207988, -0.040086
-0.937686, -0.065526, -0.005954
-0.938700, -0.127161, -0.041830
2.494501, 0.676549, -0.744508
2.509773, 0.596261, -0.779981
2.608873, 0.584632, -0.423326
2.566097, 0.599433, -0.518279
2.793607, 0.843186, 1.027241
2.480605, 0.607512, -0.206465
2.107816, 0.352684, -0.432680
2.353426, 0.410263, 0.543344
-0.617656, -0.907330, -0.018890
-0.440727, -0.922781, -0.265404
-0.502429, -0.953425, -0.052646
-0.542515, -0.951689, 0.006773
-0.127379, -0.943938, -0.504357
-0.366974, -0.960745, -0.530381
-0.379312, -0.915081, -0.059562
-0.404533, -0.912067, -0.027700
1.389085, -0.943209, -0.608946
1.333762, -0.983021, -0.861630
1.134725, -0.944183, -0.375025
1.177843, -0.938418, -0.411994
2.718018, -0.826563, -1.000000
1.453245, -0.952795, -1.028811
1.258258, -0.993193, -0.570508
1.235301, -0.947931, -0.450962
-0.029139, -0.523785, 0.029133
0.062525, -0.571298, 0.061094
-0.046053, -0.322391, 0.025371
-0.070450, -0.333036, 0.040600
0.098277, -0.480947, 0.009337
0.078837, -0.446585, 0.023249
0.152260, -0.376029, 0.009831
0.132613, -0.410749, 0.046816
-0.269676, -0.676441, 0.022732
-0.227215, -0.647703, 0.064484
-0.286051, -0.602572, 0.048158
-0.287777, -0.629797, 0.077128
-0.113949, -0.641249, 0.036864
-0.120615, -0.643686, 0.052229
-0.144627, -0.586859, 0.040250
-0.104316, -0.613131, 0.049100
-1.059669, 0.439566, -0.537482
-1.067746, 0.488667, -0.866601
-0.937900, 0.588092, 0.088273
-1.082783, 0.600107, -0.795124
-0.953535, 0.434483, 0.029136
-0.951881, 0.455988, -0.062767
-0.940174, 0.562691, 0.028433
-0.959119, 0.477868, -0.029877
0.111002, -0.951430, -0.312441
0.109643, -0.931190, -0.227504
0.168327, -0.713656, -0.274206
0.141430, -0.716170, -0.252402
0.380695, -0.978792, -0.365172
0.310728, -0.917130, -0.281790
0.283448, -0.754686, -0.300298
0.324753, -0.847953, -0.250883
0.198708, -0.436452, -1.009850
0.238131, -0.409476, -0.894191
0.425611, -0.236515, -1.027074
0.380027, -0.371499, -0.839649
0.604557, -0.377622, -1.017616
0.429487, -0.387394, -0.876397
0.482856, -0.286843, -1.023949
0.405082, -0.299522, -0.916571
-0.982944, 0.812330, -0.803716
-1.002676, 0.812096, -0.829945
-1.004451, 0.665785, -0.841975
-1.011779, 0.809809, -0.836208
-0.810878, 0.835641, -0.441279
-0.847536, 0.753801, -0.323349
-0.779356, 0.894655, -0.411363
-0.810671, 0.998720, -0.374669
-0.613731, -0.474198, 0.047650
-0.599706, -0.458234, 0.104736
-0.533675, -0.314772, 0.045767
-0.588095, -0.384578, 0.123438
-0.400749, -0.566229, 0.040068
-0.434298, -0.486948, 0.084655
-0.378016, -0.400862, 0.044323
-0.477826, -0.414660, 0.097591
-0.302299, -0.473045, 0.027193
-0.246586, -0.523007, 0.074011
-0.272965, -0.336558, 0.055661
-0.363829, -0.439397, 0.093111
-0.179074, -0.523564, 0.043399
-0.147173, -0.517567, 0.081979
-0.152431, -0.405026, 0.015185
-0.124441, -0.325357, 0.063282
-0.980001, -0.015528, -0.197857
-1.032963, 0.104078, -0.608245
-1.042882, 0.208208, -0.776260
-1.039364, 0.122367, -0.747182
-1.012298, -0.035440, -0.103747
-1.035755, -0.067321, -0.071609
-1.022599, 0.171088, -0.122312
-1.002647, 0.122050, -0.025441
-1.025442, -0.457315, -0.068167
-1.040267, -0.426959, 0.022969
-1.028436, -0.333503, -0.005218
-1.051269, -0.335274, -0.023425
-0.675327, -0.541628, 0.057585
-0.675452, -0.533015, 0.114217
-0.644134, -0.411805, 0.046214
-0.627718, -0.361061, 0.123898
0.267803, -0.667400, -1.007440
0.351677, -0.636307, -0.901799
0.378845, -0.480443, -0.961077
0.282964, -0.487410, -0.873292
0.398696, -0.705345, -0.963545
0.458492, -0.590575, -0.894235
0.481194, -0.545976, -0.993811
0.456171, -0.542329, -0.932246
-0.950058, 0.567587, -0.718319
-0.948859, 0.616388, -0.359687
-0.951375, 0.621753, -0.424106
-0.950499, 0.641363, -0.371874
-0.789545, 0.590866, -0.421054
-0.848127, 0.580181, -0.363566
-0.772861, 0.680300, -0.440925
-0.781601, 0.652298, -0.341569
0.179288, -0.958276, 0.047999
0.295516, -0.941734, -0.084354
0.098809, -0.941724, 0.021554
-0.043093, -0.956251, -0.049160
1.560331, -0.976027, -1.008039
0.206244, -0.908834, -0.046551
0.159292, -0.936925, 0.015393
0.008777, -0.911170, -0.079043
0.171348, -0.638982, -0.562977
0.267399, -0.705505, -0.464666
0.226049, -0.518108, -0.544704
0.178322, -0.559761, -0.494492
0.316821, -0.708208, -0.534328
0.435272, -0.649996, -0.497255
0.329739, -0.539117, -0.554036
0.396603, -0.551435, -0.527741
-1.042385, 0.692364, -0.701294
-1.002334, 0.527183, 0.008450
-0.993262, 0.755289, -0.092019
-1.077464, 0.814994, -0.993363
-0.960656, 0.594691, -0.004163
-0.996210, 0.536675, 0.150850
-0.948871, 0.699024, -0.042149
-0.992228, 0.664660, 0.189603
-1.041360, -0.076312, -0.017157
-1.049168, -0.019812, -0.054606
-1.000778, 0.098114, 0.017773
-1.047365, 0.149824, -0.010426
-0.630633, 0.015757, 0.069109
-0.651660, -0.080849, 0.093739
-0.750923, 0.097989, 0.088009
-0.635737, 0.063526, 0.124560
-0.980006, -0.492811, -0.173603
-1.012376, -0.415250, -0.467169
-1.048117, -0.357684, -0.759728
-1.025725, -0.323193, -0.477234
-0.980076, -0.392185, -0.066402
-1.008532, -0.369945, -0.003751
-1.012530, -0.365244, -0.075122
-1.030530, -0.317662, -0.056118
-0.995889, -0.066512, 0.037771
-1.022385, -0.040563, -0.709816
-0.995513, 0.049294, 0.038470
-1.024732, 0.132888, -0.528238
-0.968190, -0.091632, 0.023004
-1.008918, -0.054011, 0.123450
-0.984053, 0.051267, 0.028665
-1.024414, 0.044359, 0.122252
-0.982140, -0.729189, 0.036490
-0.843826, -0.619135, 0.099163
-1.008464, -0.551505, 0.034635
-0.891749, -0.558261, 0.105801
-0.792362, -0.703045, 0.073642
-0.608015, -0.629508, 0.108048
-0.648706, -0.602485, 0.048901
-0.653401, -0.567988, 0.083526
-0.585366, -0.003486, 0.065301
-0.579264, -0.004890, 0.130806
-0.612669, 0.132930, 0.068189
-0.599704, 0.096439, 0.115397
-0.402811, 0.010849, 0.073619
-0.466449, -0.078967, 0.077767
-0.433292, 0.070606, 0.063542
-0.472346, 0.048078, 0.095550
0.188567, -0.464111, -0.529476
0.242967, -0.495875, -0.469861
0.156530, -0.358325, -0.525573
0.269544, -0.394956, -0.493277
0.379774, -0.437429, -0.573110
0.431147, -0.398874, -0.554657
0.353682, -0.344920, -0.595905
0.434207, -0.318895, -0.507315
-0.996824, 0.865378, -0.156440
-0.998664, 0.821450, -0.172810
-1.069777, 0.787793, -1.020491
-1.000000, 0.709269, -1.000000
-0.982995, 0.787501, -0.034935
-1.001110, 0.924493, 0.148709
-0.969473, 1.025669, 0.053666
-0.980017, 1.010024, 0.101023
-0.966886, -0.718789, 0.010191
-1.018995, -0.883108, -0.194807
-1.005448, -0.683091, -0.396435
-1.011523, -0.554981, -0.526781
-0.969715, -0.654854, 0.067917
-0.978323, -0.764182, 0.072844
-0.998789, -0.479484, 0.016961
-0.997656, -0.574866, 0.057377
-0.369356, -0.036554, 0.034815
-0.234525, -0.035201, 0.089714
-0.268213, 0.072022, 0.040314
-0.211907, 0.066908, 0.085254
-0.094482, -0.010364, 0.042250
-0.132567, -0.036304, 0.067146
-0.131030, 0.015419, 0.049217
-0.111324, 0.057569, 0.066747
0.112121, -0.661940, -0.191281
0.116602, -0.670089, -0.079927
0.024876, -0.617798, -0.178819
0.082014, -0.562296, -0.063650
0.239444, -0.640699, -0.197546
0.188804, -0.650045, -0.073540
0.248101, -0.558208, -0.202188
0.194968, -0.551937, -0.124066
-0.950532, 0.679079, -0.013683
-0.959862, 0.719755, -0.009620
-0.943685, 0.798131, -0.008076
-0.985862, 0.944277, -0.542976
-0.996425, 0.716760, -0.043384
-0.996993, 0.649035, 0.049025
-1.008913, 0.781927, -0.060319
-1.015011, 0.758517, 0.020175
0.462676, -0.627816, -0.234016
0.392366, -0.624973, -0.114021
0.413699, -0.559880, -0.234764
0.323441, -0.610122, -0.107396
0.536330, -0.677182, -0.231578
0.475068, -0.704961, -0.132169
0.487498, -0.533586, -0.229350
0.531219, -0.576763, -0.154878
-1.039698, 0.636515, 0.004373
-1.040158, 0.658096, 0.025208
-1.038642, 0.790338, -0.042346
-1.051917, 0.766921, 0.003120
-0.924859, 0.608989, 0.030346
-0.819266, 0.588180, 0.111323
-0.738946, 0.661322, 0.044529
-0.845248, 0.699875, 0.094537
-0.038439, -0.037087, 0.035660
0.037726, 0.009660, 0.070929
-0.018988, 0.064951, 0.007005
0.033812, 0.084209, 0.073416
0.121112, -0.083098, 0.000480
0.224277, -0.005863, 0.066851
0.072460, 0.035275, 0.010390
0.211013, 0.059604, 0.068993
0.458089, -0.250308, -0.385871
0.463671, -0.303714, -0.296318
0.423096, -0.188690, -0.355494
0.460789, -0.121683, -0.289275
0.571932, -0.250319, -0.385322
0.527353, -0.282178, -0.278792
0.676004, -0.186143, -0.404694
0.502989, -0.190933, -0.271740
-0.929746, 1.001591, 0.024310
-1.031262, 0.953272, -0.130785
-0.637311, 1.050177, -1.059319
-0.885310, 0.969552, -0.573209
-0.836173, 0.989032, 0.054333
-0.664576, 0.942662, -0.006284
-0.778532, 0.991549, -0.664282
-0.694178, 0.908074, 0.107145
2.872133, -0.766490, -0.874439
2.038291, -0.952630, -0.920903
1.112770, -1.002151, -0.357466
1.047936, -0.996363, -0.403459
2.527268, -0.680371, -0.814471
2.613448, -0.686561, -0.899477
1.333466, -1.003893, -0.372507
1.319901, -1.019306, -0.355102
-0.242953, 0.140215, 0.027686
-0.328572, 0.208366, 0.084880
-0.321444, 0.316485, 0.047628
-0.210212, 0.317729, 0.090607
-0.140964, 0.197817, 0.049921
-0.172148, 0.136220, 0.075036
-0.163472, 0.265234, 0.029062
-0.187735, 0.284799, 0.068638
-0.402054, -0.694309, -0.230494
-0.481575, -0.665137, -0.116038
-0.414681, -0.587170, -0.187849
-0.497392, -0.607825, -0.113064
-0.312420, -0.616099, -0.246891
-0.409268, -0.625543, -0.154095
-0.319044, -0.530460, -0.230084
-0.344808, -0.539001, -0.164531
-1.017940, -0.403824, 0.014646
-1.005519, -0.403856, 0.043025
-1.068142, -0.532058, -0.927759
-1.069115, -0.426314, -0.827349
-0.998301, -0.500567, 0.131882
-0.984573, -0.426896, 0.085176
-1.005548, -0.371860, 0.139891
-0.989179, -0.358256, 0.097640
1.004845, -0.662214, -0.333380
1.079702, -0.647226, -0.338736
1.059609, -0.579054, -0.351922
0.863376, -0.610265, -0.244472
1.271021, -0.634591, -0.368938
1.105081, -0.702377, -0.327132
1.162442, -0.605153, -0.364725
1.129888, -0.569295, -0.325429
-0.389617, 0.578663, 0.044618
-0.340551, 0.607958, 0.052611
-0.389084, 0.666872, 0.029913
-0.370084, 0.656473, 0.076275
-0.069846, 0.606735, 0.036996
-0.061737, 0.582665, 0.077506
-0.130364, 0.647734, 0.007921
-0.003028, 0.668499, 0.077181
0.674933, -0.677776, -0.271903
0.716514, -0.643888, -0.239941
0.652830, -0.542508, -0.274527
0.651331, -0.560203, -0.240693
0.830596, -0.639864, -0.304877
0.756178, -0.688964, -0.267660
0.974085, -0.569342, -0.350157
0.803391, -0.597747, -0.290794
-0.575672, 0.634386, 0.049167
-0.591347, 0.629406, 0.114228
-0.573885, 0.700755, 0.051462
-0.654989, 0.707087, 0.128484
-0.492094, 0.626396, 0.062197
-0.519836, 0.633644, 0.075177
-0.553934, 0.674139, 0.050131
-0.438713, 0.642537, 0.090677
1.234779, 0.568859, -0.302349
1.252687, 0.656436, -0.294273
1.290089, 0.788240, -0.362758
1.303756, 0.750922, -0.341772
1.351840, 0.711994, -0.294712
1.174850, 0.643787, -0.251004
1.220105, 0.828558, -0.265769
1.226534, 0.694736, -0.242412
-0.910255, 0.716106, -0.765052
-0.983786, 0.541165, -0.854834
-0.838734, 0.827760, -0.728495
-0.896135, 0.802287, -0.750815
-0.746734, 0.804033, -0.760901
-0.710426, 0.784871, -0.615336
-0.685366, 0.917555, -0.677484
-0.796311, 0.836698, -0.618205
-0.925400, -0.496787, -0.479225
-1.024979, -0.384465, -0.905583
-0.924358, -0.404562, -0.461943
-1.041640, -0.306170, -0.985174
-0.836882, -0.437973, -0.440871
-0.940508, -0.500035, -0.335693
-0.793759, -0.404625, -0.447882
-0.765241, -0.349546, -0.409105
0.947552, -0.261800, -0.351628
1.014589, -0.264105, -0.333982
1.126297, -0.139776, -0.393846
1.056640, -0.174384, -0.302623
1.357053, -0.231414, -0.425484
1.068559, -0.294433, -0.284772
1.342364, -0.136450, -0.424320
1.268142, -0.134091, -0.384259
-0.349122, 0.963436, 0.021763
-0.274722, 0.938828, -0.005965
0.199873, 1.000898, -0.823810
-0.135931, 0.914775, -0.017605
-0.040567, 0.972353, -0.040901
0.034110, 0.954916, -0.093910
-0.022557, 0.901269, 0.038507
0.371632, 0.979722, -0.960150
-1.005133, -0.554135, -0.935200
-1.014601, -0.594481, -0.944193
-0.909394, -0.555384, -0.503829
-0.952727, -0.580971, -0.366339
-0.757708, -0.628731, -0.425345
-0.899440, -0.620639, -0.389360
-0.826980, -0.589702, -0.454202
-0.816994, -0.600630, -0.371935
0.850081, 0.962848, -0.215045
0.785099, 0.921848, -0.198922
1.171338, 0.930793, -0.561318
0.989378, 0.952132, -0.780263
1.083447, 0.959933, -0.284591
1.008266, 0.968291, -0.214530
1.381355, 0.955041, -0.738173
1.197720, 0.946170, -0.506905
-0.479111, -0.981775, -0.494475
-0.121167, -1.041125, -1.002266
-0.596874, -0.914290, 0.091483
-0.516764, -0.901526, -0.024725
-0.261774, -0.988617, -0.484892
-0.293762, -0.904649, 0.075460
-0.372099, -0.910718, 0.065751
-0.366012, -0.974410, -0.062915
2.455906, 0.439200, -0.257356
2.507477, 0.247419, -0.875373
2.669760, 0.181916, -0.666594
2.598514, -0.056568, -0.355989
2.185719, -0.046446, 0.971905
1.865728, -0.408025, -0.428337
2.682564, -0.758085, -0.171425
2.561052, 1.039355, 1.064317
0.750866, -0.216273, -0.314949
0.661547, -0.273243, -0.271129
0.682282, -0.184321, -0.293266
0.677327, -0.130030, -0.229181
0.834629, -0.249357, -0.335519
0.768645, -0.205551, -0.290400
0.858300, -0.169963, -0.339590
0.773951, -0.169098, -0.253106
-0.641185, 0.936538, -0.003878
-0.594823, 0.967074, 0.104636
-0.603960, 0.912252, 0.076503
-0.543626, 0.909457, 0.059089
-0.532135, 0.956458, 0.016699
-0.436264, 0.994776, -0.001218
-0.514844, 0.927053, 0.027451
-0.377213, 0.921699, 0.032074
0.780027, -0.210568, -0.425760
0.771981, -0.283689, -0.339416
0.750502, -0.120250, -0.405533
0.824850, -0.153054, -0.367420
0.867521, -0.279869, -0.391055
0.889871, -0.212894, -0.382805
0.929158, -0.128663, -0.412034
0.826193, -0.103843, -0.345086
-0.668841, 0.960803, 0.066008
-0.562031, 0.924745, 0.029656
-0.053251, 1.046673, -1.020752
-0.526715, 0.931949, -0.485912
-0.531460, 1.000654, 0.095969
-0.525557, 0.978486, 0.014142
0.020494, 1.025340, -0.885077
-0.371539, 0.917826, -0.410127
2.601738, -0.591443, -0.751377
2.762877, -0.586898, -0.912273
1.480341, -0.988189, -0.361569
1.352648, -1.014572, -0.311454
2.800000, 0.569649, -1.000000
2.683944, -0.758545, -0.966977
1.895451, -0.999200, -0.515835
1.731302, -0.967263, -0.495198
-0.045350, 0.167230, 0.020946
-0.060705, 0.202972, 0.053365
0.050999, 0.224133, 0.029751
-0.057230, 0.336970, 0.088946
0.112257, 0.179101, 0.008546
0.132296, 0.175575, 0.049731
0.191845, 0.234704, 0.018915
0.084577, 0.310945, 0.070709
1.334073, -0.722841, -0.950244
0.353140, -0.684287, -0.977356
1.264265, -0.687461, -0.959727
0.436747, -0.703986, -1.050300
0.781811, -0.593111, -0.910558
0.629632, -0.615311, -0.962195
1.623021, -0.803927, -0.960957
0.594907, -0.669304, -0.998464
-1.031116, 0.268018, -0.960316
-1.056055, 0.268688, -0.996642
-0.911266, 0.417847, -0.735812
-1.003938, 0.389331, -0.881884
-0.732584, 0.305094, -0.588655
-0.705140, 0.388383, -0.522618
-0.740921, 0.409377, -0.560999
-0.842401, 0.476325, -0.495269
1.117457, 0.935596, -0.319303
1.129409, 0.968463, -0.242666
1.431195, 0.965713, -0.825034
1.466772, 0.944354, -0.931692
1.112972, 0.978196, -0.294116
1.145371, 0.962695, -0.246079
1.687150, 0.924311, -0.818539
1.416975, 0.946991, -0.609880
-1.013909, -0.643133, -0.810252
-0.991750, -0.673217, -0.290059
-1.014370, -0.594095, -0.765713
-1.046274, -0.508867, -0.941672
-0.834443, -0.617467, -0.344029
-0.848093, -0.712175, -0.272412
-0.864663, -0.541317, -0.324557
-0.918756, -0.588518, -0.277619
1.201259, -0.253430, -0.467471
1.048854, -0.244706, -0.413743
1.127049, -0.127787, -0.470491
1.056600, -0.112704, -0.409164
1.433875, -0.217985, -0.497633
1.394838, -0.233256, -0.447487
1.321681, -0.112703, -0.518979
1.270675, -0.164764, -0.438355
-0.337711, 0.992266, 0.084429
-0.299330, 0.998220, -0.031140
0.235142, 1.037568, -0.833702
-0.216669, 0.916523, -0.065855
-0.036288, 1.012891, 0.067502
-0.132268, 0.993266, -0.036407
0.031920, 0.951015, 0.104479
0.169293, 0.913371, -0.085494
2.563426, -0.889939, -0.368459
2.886668, -0.907379, -1.064132
2.153315, -0.998675, -0.487462
2.062912, -0.912057, -0.550223
2.635958, 0.264089, -0.439245
2.800000, -0.874154, -1.000000
2.165528, -0.930236, -0.535753
2.122205, -0.924451, -0.505701
0.246399, 0.147649, 0.031591
0.325359, 0.151531, 0.052208
0.229525, 0.276797, 0.027782
0.282528, 0.292675, 0.046334
0.369505, 0.198538, -0.015102
0.329253, 0.193115, 0.039081
0.342829, 0.238207, 0.007872
0.365880, 0.226508, 0.023531
0.761909, 0.657173, -0.125689
0.865905, 0.643843, -0.086171
0.732243, 0.744914, -0.104276
0.742082, 0.691920, -0.063826
0.956758, 0.612564, -0.184261
0.867942, 0.643998, -0.115246
0.933144, 0.720764, -0.135622
0.892429, 0.684589, -0.113158
-0.037538, -0.050410, -0.935146
-0.330475, -0.095491, -0.971590
-0.130316, 0.049249, -0.951702
-0.218495, 0.037026, -0.959306
0.708920, -0.070065, -0.920283
-0.197599, -0.071125, -1.005579
0.186082, 0.071220, -0.931064
-0.170843, -0.004834, -0.968661
2.845224, 0.579909, -0.116629
2.334194, 0.628899, -0.333823
2.463388, 0.658602, -0.281953
2.386362, 0.718098, -0.327007
2.800000, 0.495367, 0.032848
2.588461, 0.574688, -0.541302
2.894747, 0.756712, 0.190304
2.826510, 0.669301, -0.125840
-0.559329, 0.230483, 0.133130
-0.593895, 0.205282, 0.205197
-0.520209, 0.297192, 0.177096
-0.593174, 0.341639, 0.210471
-0.448402, 0.148131, 0.120899
-0.525461, 0.157202, 0.164500
-0.352050, 0.268397, 0.120675
-0.399307, 0.245645, 0.158385
2.855651, -0.848869, -0.601873
2.540107, -0.908362, -0.750029
0.984706, -0.973895, -0.499088
0.925934, -0.992631, -0.420206
2.898975, -0.687111, -0.660718
2.395268, -0.969599, -0.729049
1.167949, -0.992334, -0.548740
1.077969, -0.981427, -0.479962
-0.242180, -0.302001, -0.950247
-0.256897, -0.311958, -0.974737
0.369906, -0.092128, -0.905482
-0.277051, -0.213678, -0.957682
0.372812, -0.235282, -0.943705
-0.148370, -0.264555, -1.005707
0.544747, -0.136355, -0.934943
-0.178504, -0.157694, -1.006992
2.582324, 0.363169, -0.289608
2.338469, 0.289984, -0.320648
2.658241, 0.414443, -0.228611
2.336220, 0.430549, -0.328543
2.800000, 0.378948, 0.052554
2.542771, 0.308403, -0.577245
2.800000, 0.461501, 0.064180
2.503025, 0.512550, -0.350863
1.405811, 0.346957, -0.917084
0.464232, 0.327648, -0.993883
0.961709, 0.369053, -0.898097
0.332181, 0.383279, -0.980947
1.649493, 0.377349, -0.941482
0.636627, 0.323246, -0.959744
0.832350, 0.380040, -0.922643
0.552915, 0.352822, -0.985912
2.739262, 0.544293, -0.148084
2.565363, 0.497577, -0.307208
2.592413, 0.660385, -0.314476
2.679159, 0.731271, -0.174766
2.807524, 0.557390, -0.080686
2.855020, 0.622359, 0.334187
2.851756, 0.701970, 0.378536
2.850204, 0.666688, -0.062027
2.140008, 0.835572, -0.793775
2.080652, 0.848794, -0.787928
2.235477, 0.959785, -0.698680
1.911466, 1.002723, -0.616547
2.413371, 0.908849, -0.604776
2.390424, 0.898141, -0.639293
2.509025, 0.545144, 0.700502
2.758871, 0.401759, -0.309214
2.507036, 0.197127, -0.776632
2.607269, -0.019234, -0.367419
2.517265, 0.322541, -0.844639
2.556454, 0.244178, -0.341399
2.613275, 0.059278, 0.477968
2.800000, 0.219284, 0.542005
2.834412, 0.562972, 0.793978
2.744561, 0.254585, -0.270872
0.140490, 0.122309, -0.455303
0.209816, 0.134793, -0.403473
0.164012, 0.274118, -0.439048
0.250612, 0.221057, -0.427164
0.420930, 0.190241, -0.494154
0.245022, 0.174441, -0.403818
0.352433, 0.253925, -0.485024
0.319297, 0.208978, -0.387535
2.694073, 0.429078, -0.207690
2.722293, 0.930808, -0.126915
2.242660, -0.771856, -0.675353
2.101389, -0.727840, -0.758307
2.411124, -0.847780, 1.000000
2.208285, 0.046147, 0.240278
2.291935, -0.679102, -0.813637
2.245354, -0.756265, -0.807232
0.672269, 0.422982, -0.920821
0.298577, 0.538066, -0.954058
1.346375, 0.518335, -0.869291
0.393195, 0.561870, -0.937557
1.661649, 0.453789, -0.895538
0.564712, 0.393540, -0.999401
0.926238, 0.702305, -0.927671
0.583316, 0.669612, -1.028489
-0.546212, 0.507656, -0.912024
-0.659026, 0.657707, -0.804388
-0.419453, 0.737553, -0.677533
-0.593311, 0.686713, -0.681887
-0.409087, 0.738651, -0.822417
-0.531463, 0.901460, -0.666404
-0.333465, 0.922584, -0.734545
0.476637, 0.946364, -0.932696
2.225337, 0.935228, -0.420191
2.009454, 0.798717, -0.502015
2.396079, 1.046812, -0.489760
2.098192, 1.063854, -0.471733
2.206484, 0.824549, -0.550066
1.962286, 1.001415, -0.624308
2.512380, 1.000000, -0.908873
2.488562, 1.000000, -0.909325
1.270599, -0.271627, -0.283584
1.345784, -0.248846, -0.336655
1.271182, -0.184923, -0.273086
1.346753, -0.187337, -0.314122
1.327915, -0.238614, -0.239631
1.303681, -0.273505, -0.291563
1.300059, -0.183745, -0.241964
1.275076, -0.196495, -0.226985
-0.762425, -0.104516, -0.722057
-1.043447, -0.107120, -1.058734
-0.740367, 0.050409, -0.765448
-0.872046, 0.035480, -0.739409
-0.672513, -0.033062, -0.723215
-0.762767, -0.034488, -0.652722
-0.726520, 0.005735, -0.735453
-0.681508, 0.020147, -0.646493
1.624329, -0.236672, -0.539737
1.550178, -0.283523, -0.471898
1.723502, -0.102752, -0.533525
1.544838, -0.182011, -0.455636
1.887595, -0.287295, -0.510047
1.907823, -0.254699, -0.482520
1.970023, -0.117701, -0.510287
1.908774, -0.170243, -0.491910
0.106625, 0.952347, 0.020817
0.076027, 0.947232, -0.015550
0.409569, 1.025908, -0.606329
0.125913, 0.904737, 0.047547
0.226793, 0.960631, 0.043670
0.141466, 0.956888, -0.027730
0.523065, 1.009437, -0.580302
0.763170, 0.978052, -0.769353
2.431223, 0.859872, -1.000000
2.616232, -0.877228, -0.733639
2.491249, -0.948352, -0.559230
2.431594, -1.005354, -0.527910
2.096804, 0.232427, -0.753161
2.217636, -0.306290, -0.377596
2.577229, -0.946395, -0.455564
2.562153, -0.861564, -0.805337
0.426852, 0.200097, -0.027008
0.665543, 0.135712, -0.025446
0.506960, 0.216014, -0.044361
0.619797, 0.269478, -0.004059
0.561814, 0.194601, -0.058162
0.673548, 0.197788, -0.060268
0.588202, 0.298904, -0.067423
0.691091, 0.277150, -0.032398
-0.062039, 0.136094, -0.542617
-0.135708, 0.175828, -0.447581
-0.064762, 0.204572, -0.542869
-0.114697, 0.301713, -0.450806
0.052911, 0.164407, -0.556112
0.117994, 0.110179, -0.506238
0.067868, 0.264832, -0.525818
0.063490, 0.219949, -0.486623
2.796229, -0.262902, 0.912666
2.852047, -0.339057, 0.701046
1.560886, -0.567753, -0.803590
1.512577, -0.661150, -0.904294
2.605156, -0.745145, -0.348373
2.778939, -0.086087, 0.956581
1.688153, -0.498633, -1.023997
1.645999, -0.622164, -0.829824
-0.671771, 0.996264, -0.548811
-0.712271, 1.009759, -0.487590
-0.028411, 1.041617, -0.895454
-0.517759, 1.025944, -0.633574
-0.549662, 0.970552, -0.574527
-0.665500, 0.996580, -0.528999
-0.181915, 1.025971, -0.778549
0.742795, 1.061596, -1.090457
2.054771, -0.221415, -0.922536
0.779272, -0.234344, -0.999213
1.714792, -0.247642, -0.980094
0.662237, -0.054724, -1.012898
1.936915, -0.178563, -0.923196
1.001646, -0.265478, -1.004142
1.714965, -0.209186, -0.968142
0.830393, -0.149693, -0.958655
2.666922, 0.562639, -0.213770
2.609288, 0.481828, -0.235731
2.734945, 0.654634, -0.084533
2.713590, 0.705171, -0.136136
2.727422, 0.667818, -0.080719
2.806882, 0.570245, 0.785392
2.672823, 0.552405, 0.335323
2.803233, 0.732358, 0.116417
1.824121, 0.771403, -0.944590
0.509215, 0.692965, -1.007167
0.685560, 0.657838, -1.012224
0.470660, 0.650442, -0.965684
1.092942, 0.743743, -0.998758
0.621887, 0.699392, -1.033629
1.116788, 0.684069, -0.980614
0.654381, 0.649348, -1.011204
2.209189, 0.976369, -0.644451
1.943611, 1.002537, -0.757363
2.378990, 0.959328, -0.927159
2.376185, 0.961677, -1.018813
2.415227, 1.019000, -0.736122
2.408242, 1.025119, -0.947209
2.636250, 0.933670, -0.572491
2.611075, 0.249150, -0.986936
-0.513800, 0.220428, -0.083926
-0.486353, 0.201677, 0.037699
-0.472165, 0.309494, -0.070201
-0.536931, 0.245780, -0.002093
-0.320105, 0.175939, -0.103241
-0.386133, 0.185477, 0.046937
-0.318262, 0.253397, -0.135035
-0.352361, 0.286029, -0.024074
2.574259, -0.883219, -0.600203
1.247751, -0.994798, -0.710670
1.126593, -0.901559, -0.668475
1.101774, -0.950586, -0.613084
1.378817, -0.980782, -0.723749
2.800000, -0.703374, -0.492714
1.209811, -0.979295, -0.638711
1.220686, -0.942062, -0.618106
2.549830, 0.370090, -0.332723
2.665329, 0.381839, -0.206644
2.620629, 0.420337, -0.218257
2.709690, 0.436577, -0.183392
2.800000, 0.426188, 0.054797
2.842292, 0.214092, 0.441895
2.872343, 0.648620, 0.569218
2.800000, 0.470807, 0.098349
1.764802, 1.030654, -0.579357
1.887754, 1.039654, -0.607318
2.538719, 0.039358, -0.483692
1.975964, 1.011895, -0.642693
2.016182, 1.000403, -0.536826
2.106637, 1.001785, -0.511336
2.172798, 1.004497, -0.594290
2.301441, -0.127158, 0.243619
2.565776, 0.113586, -0.357650
2.800000, 0.366906, 0.057235
2.696642, 0.290597, -0.184103
2.800000, 0.363710, 0.008223
2.871205, 0.063708, 0.280810
2.852376, 0.291606, 0.286594
2.800000, 0.186133, 0.682495
2.889213, 0.217469, 0.391981
2.618088, 0.359278, -0.221474
2.589279, 0.386797, -0.255765
2.684132, 0.495029, -0.174804
2.669485, 0.406823, -0.170922
2.753770, 0.541496, 0.173762
2.786067, 0.528390, 0.235565
2.700485, 0.491109, -0.104986
2.827665, 0.564198, 0.138439
1.081473, 0.983927, -0.300654
1.106550, 0.986812, -0.265905
1.326117, 0.904832, -0.359313
1.505916, 0.919438, -0.532041
1.310087, 0.936085, -0.475689
1.131622, 0.972465, -0.268907
2.867706, 0.470670, -1.012300
1.481224, 0.927622, -0.546794
2.724033, 0.643321, -0.062855
2.730610, 0.660645, -0.058903
2.659735, 0.692366, -0.297563
2.683224, 0.741776, -0.144398
2.800000, 0.257145, 1.000000
2.818485, 0.370955, 0.875255
2.796384, 0.742217, 0.177120
2.758394, 0.238902, 0.974991
2.195375, -0.894182, -1.000000
1.704843, -0.974108, -1.061252
0.804075, -0.954106, -0.181931
0.930816, -0.982909, -0.175177
1.313157, -0.902433, -0.386515
1.112590, -0.912255, -0.420620
0.920958, -0.981500, -0.213092
1.033418, -0.921011, -0.285967
1.747637, 0.978303, -0.559565
1.549655, 0.966485, -0.550048
2.053558, 0.939986, -1.007605
2.862634, 0.665416, -1.060628
1.940655, 0.991847, -0.985776
2.775994, 1.000000, -1.000000
2.630084, -0.162287, -0.984200
2.810530, 0.269023, -0.993139
1.103812, 0.990193, -0.295940
1.229022, 0.898887, -0.256241
1.112889, 0.989717, -0.326371
1.184267, 1.032273, -0.249160
1.317329, 0.925720, -0.407738
1.320886, 0.874413, -0.341094
1.145201, 1.018413, -0.323247
1.289732, 1.026609, -0.357249
2.542892, 0.444456, -0.723649
2.600827, 0.406784, -0.524431
2.620480, 0.549361, -0.739884
2.660527, 0.490599, -0.242801
2.760859, 0.550760, -0.276992
2.685125, 0.454791, -0.262219
2.793380, 0.844819, 1.000000
2.805577, 0.460850, 0.994790
2.589238, 0.598987, -0.865838
2.613755, 0.559076, -0.736645
2.606871, 0.634291, -0.796950
2.589360, 0.773104, -0.597832
2.536578, 0.688796, -0.713978
2.579720, 0.470141, 0.762338
2.535804, 0.798838, -0.444532
2.496068, 0.686176, -0.732487
1.975510, 1.007306, -0.603985
1.983454, 1.014138, -0.568543
2.646240, 0.261470, -0.289760
2.839002, -0.204465, -0.607830
2.127359, 0.932779, -0.720136
2.153771, 1.028115, -0.628065
2.524695, 0.545443, 0.761266
2.526037, 0.430521, -0.409657
2.576304, 0.151420, -0.321412
2.574142, 0.183024, -0.322563
2.580657, 0.178893, -0.322461
2.564610, 0.224205, -0.308553
2.584937, 0.147338, -0.278559
2.864695, 0.106850, 0.228767
2.793887, 0.454411, 0.682391
2.680901, 0.218963, 0.315880
2.605861, 0.603551, -0.787331
2.626136, 0.618267, -0.744805
2.535943, 0.844309, -0.474320
2.558076, 0.705588, -0.665317
2.472616, 0.327404, 0.738902
2.528928, 0.691385, 0.981249
2.562842, 0.797545, -0.096764
2.555397, 0.842014, -0.334161
0.788310, 0.789567, -0.100475
0.757233, 0.737299, -0.072414
0.782908, 1.021773, -0.117205
0.923966, 1.024908, -0.248309
0.922505, 0.906088, -0.129365
0.917731, 0.765430, -0.094968
1.009262, 1.048180, -0.198977
1.048275, 1.057702, -0.210735
1.042628, 0.553584, -0.656572
0.922401, 0.554838, -0.566048
0.870876, 0.644524, -0.608641
0.990094, 0.658252, -0.589934
1.134308, 0.498392, -0.665852
1.186715, 0.488800, -0.640970
1.104419, 0.653407, -0.642799
1.040943, 0.623818, -0.581900
2.595612, -0.234673, -0.529814
2.438253, -0.388016, -0.665025
2.530099, -0.416027, -0.616395
2.557936, -0.515329, -0.815886
2.431304, -0.428068, -0.628465
2.500460, -0.167533, -0.525748
2.272313, -0.796238, 0.684428
2.318702, -0.833186, 0.548475
2.663877, 0.153804, -0.794046
1.929628, 0.071238, -0.948692
2.439009, 0.224274, -0.804772
1.912341, 0.122654, -0.945410
2.756108, 0.148400, -0.008791
2.459485, 0.066836, -0.873822
2.547556, 0.177087, -0.814264
2.225879, 0.258515, -0.882020
0.516037, 0.176331, 0.078766
0.418533, 0.213534, -0.043324
0.581628, 0.240568, 0.064691
0.466226, 0.244220, -0.016584
0.762214, 0.114993, -0.011410
0.539239, 0.145973, -0.096166
0.667479, 0.248410, 0.025785
0.540223, 0.220446, -0.072745
2.723382, -0.578387, 0.115931
2.385098, 0.408207, -1.045765
2.765812, -0.998799, -0.250299
2.651527, -0.904085, -0.474104
2.012184, 0.823111, -1.027049
2.320702, 0.394327, -1.000514
2.835261, -0.945746, 0.579023
2.800000, -0.782720, 0.896643
0.280651, -0.905815, -0.513196
0.216504, -0.932948, -0.473671
0.182504, -0.803530, -0.543484
0.220853, -0.733488, -0.488667
0.308978, -0.925529, -0.501718
0.293619, -0.933374, -0.490386
0.366094, -0.735098, -0.558554
0.342633, -0.816325, -0.510535
-1.036742, 0.432786, -0.848056
-1.048361, 0.499508, -0.844783
-1.034508, 0.600725, -0.515926
-1.078112, 0.479210, -1.019654
-1.003278, 0.406939, 0.112877
-1.007597, 0.370742, 0.141263
-0.968084, 0.440960, 0.013423
-0.995587, 0.521462, 0.154756
-0.928912, -0.210884, 0.035960
-1.042325, -0.261991, -0.048964
-1.043319, -0.170761, -0.068935
-0.984197, -0.200480, 0.062792
-0.701984, -0.256699, 0.051742
-0.641396, -0.235612, 0.088267
-0.921089, -0.165737, 0.058253
-0.765756, -0.170557, 0.135775
0.671572, 0.151542, -0.290043
0.686295, 0.194862, -0.268007
0.695400, 0.243938, -0.293762
0.683981, 0.264394, -0.180643
0.841929, 0.174190, -0.326032
0.810239, 0.168942, -0.233067
0.839675, 0.277325, -0.318932
0.783541, 0.297620, -0.275734
2.605929, 0.204607, -0.298596
1.699885, 0.647011, -0.811912
2.682648, -0.818506, -0.605569
2.677834, -0.864681, -0.572934
2.660288, -0.785708, 0.691131
2.056294, -0.859696, 1.000000
2.647489, -0.788746, 0.622184
2.243066, 0.110001, -0.706681
2.576691, -0.761221, -0.394613
2.714363, -0.742656, -0.246905
2.652564, -0.669208, -0.154821
2.717674, -0.667180, -0.221292
2.784462, -0.625442, 1.003198
2.398165, -0.426617, 1.061481
2.620273, -0.669191, -0.105529
2.658933, -0.662897, -0.030398
0.979348, 0.581726, -0.561507
0.751803, 0.567408, -0.440506
0.875730, 0.606690, -0.524260
0.737719, 0.620766, -0.416264
1.075074, 0.516878, -0.583491
1.011710, 0.531509, -0.528868
1.134272, 0.660589, -0.549796
0.941018, 0.679039, -0.502942
0.534250, 0.690465, -0.699310
0.533146, 0.743352, -0.633935
0.604345, 0.817428, -0.689265
0.696371, 0.835305, -0.630050
0.903947, 0.738707, -0.763796
0.765249, 0.731043, -0.647933
0.779873, 0.813538, -0.718950
0.749585, 0.796759, -0.669342
2.717299, -0.320198, -0.289368
2.471887, -0.501631, -0.931221
2.531428, 0.640042, 0.626940
2.458688, -0.459423, -0.877058
2.418017, -0.874458, 0.519601
2.584888, -0.311938, -0.688670
2.410943, -0.043024, 0.231401
2.610877, -0.235888, -0.626627
-0.496242, -0.511694, -0.110419
-0.499528, -0.517274, 0.104079
-0.491874, -0.334764, -0.111333
-0.495775, -0.361308, 0.067827
-0.362323, -0.434287, -0.143420
-0.324126, -0.436415, -0.007991
-0.413667, -0.319606, -0.089749
-0.305407, -0.313458, -0.106170
0.231239, -0.812473, -0.681929
0.252971, -0.824646, -0.624562
0.255059, -0.749895, -0.686736
0.173762, -0.719153, -0.608264
0.384951, -0.823567, -0.717591
0.384196, -0.853199, -0.596149
0.408865, -0.759636, -0.690671
0.361167, -0.715243, -0.623642
-1.000469, 0.328872, -0.717986
-1.001733, 0.374091, -0.599390
-1.004603, 0.528213, -0.445430
-0.993953, 0.485529, -0.115524
-0.940021, 0.345077, -0.199566
-0.899334, 0.363701, -0.043981
-0.852698, 0.483298, -0.229705
-0.952014, 0.471675, -0.144198
0.834081, 0.129613, -0.406481
0.770643, 0.204927, -0.345862
0.809009, 0.279138, -0.395665
0.692376, 0.290073, -0.335843
0.979247, 0.163789, -0.421871
0.986948, 0.170916, -0.418713
0.879628, 0.262059, -0.408860
0.926997, 0.283213, -0.363011
2.016049, -0.902316, 0.772299
2.203229, -0.666159, 0.988203
2.825855, -0.877926, 0.221970
2.822585, -0.834260, -0.161566
2.168268, -0.016000, 0.198713
1.988634, -0.234986, 0.244108
2.870192, -1.052110, 1.072906
2.872902, -0.933668, 0.926579
1.372828, 0.204599, -0.916047
0.417207, 0.140305, -0.948791
0.980870, 0.231789, -0.885858
0.501533, 0.211290, -0.975363
1.325466, 0.257375, -0.931146
0.561223, 0.173840, -0.998304
1.537029, 0.369459, -0.949051
0.540018, 0.227206, -0.990962
-0.648066, 0.210200, 0.079712
-0.608383, 0.183945, 0.025712
-0.621661, 0.240241, 0.053312
-0.622702, 0.318678, 0.031711
-0.449267, 0.198835, 0.064205
-0.556191, 0.214608, 0.018262
-0.566482, 0.315484, 0.040583
-0.454124, 0.244009, 0.008028
2.854002, -0.548374, -0.860130
2.248582, -0.885268, -0.882118
0.849944, -0.997539, -0.413400
0.789644, -0.996229, -0.367899
2.066668, -0.984192, -0.803628
2.079005, -0.951962, -0.861565
1.045898, -1.006311, -0.396123
0.893534, -1.010732, -0.338514
-0.408701, -0.458385, -0.220108
-0.429160, -0.488927, -0.157860
-0.535202, -0.328989, -0.199061
-0.434218, -0.333623, -0.146575
-0.373515, -0.516516, -0.226767
-0.357256, -0.423746, -0.196724
-0.282395, -0.375738, -0.213292
-0.332079, -0.353648, -0.177872
0.339267, -0.809300, -0.815410
0.318007, -0.770987, -0.737144
0.334401, -0.723384, -0.752393
0.274303, -0.713749, -0.728927
0.531951, -0.803707, -0.785017
0.420797, -0.780510, -0.741088
0.429487, -0.764192, -0.799982
0.480014, -0.697701, -0.753679
-1.017861, 0.280263, -0.879366
-1.035139, 0.300487, -0.936893
-0.969950, 0.490745, -0.331910
-0.994463, 0.475457, -0.584228
-0.833883, 0.411739, -0.331045
-0.825877, 0.385225, -0.291312
-0.825440, 0.525129, -0.326325
-0.874719, 0.513832, -0.284824
1.458754, 0.507424, -0.940091
1.262863, 0.463222, -0.950755
1.749538, 0.682513, -0.898936
1.172796, 0.516860, -0.971753
2.566222, 0.484056, -0.759845
1.383983, 0.533223, -0.978173
2.228663, 0.620190, -0.820441
1.351535, 0.569863, -0.989654
0.836583, 0.108492, -0.543445
0.882379, 0.199148, -0.466648
0.875430, 0.211821, -0.530118
0.929240, 0.268504, -0.524983
1.119477, 0.143905, -0.602938
0.954951, 0.166561, -0.512326
1.158760, 0.296123, -0.603652
1.065756, 0.220368, -0.560508
2.818818, -0.752665, 0.068037
1.985227, -0.867785, 0.690910
2.819263, -0.776998, 0.126619
2.822882, -0.663764, 0.445382
2.487840, -0.874176, 0.598572
1.945955, -0.215923, -0.147027
2.140358, -0.328333, 0.985036
2.759816, -0.803932, 0.285612
0.149918, 0.136759, -0.203786
0.107658, 0.174003, -0.156727
0.075244, 0.221125, -0.200665
-0.014191, 0.284785, -0.091838
0.291355, 0.165964, -0.224586
0.211462, 0.122631, -0.154994
0.238442, 0.236413, -0.218926
0.223292, 0.216173, -0.129517
1.823502, -0.969182, -0.508731
2.584987, 0.634980, -0.752615
1.853034, -0.953074, -0.523618
1.804255, -0.969282, -0.519431
2.557042, -0.188981, 0.186102
2.647676, -0.898650, -0.607956
2.092124, -0.822252, -0.628998
2.250328, -0.954242, -0.418870
-0.054371, 0.764955, -0.667672
-0.114857, 0.707808, -0.555897
-0.016485, 0.860946, -0.662815
-0.109036, 0.829652, -0.587353
0.173674, 0.729047, -0.664979
0.101894, 0.757245, -0.633794
0.174043, 0.834092, -0.656781
0.117031, 0.851032, -0.605563
2.076526, -0.359604, -0.837261
1.587916, -0.460312, -0.995859
1.992622, -0.354210, -0.853995
1.644995, -0.365430, -0.988180
2.810744, -0.300744, -0.201573
1.788110, -0.451154, -0.997765
2.420591, -0.371192, -0.836784
1.681710, -0.399918, -0.947058
0.218744, 0.188232, -0.349479
0.140225, 0.117515, -0.253145
0.117868, 0.264766, -0.326477
0.115142, 0.220357, -0.219981
0.281398, 0.166756, -0.309040
0.265706, 0.124475, -0.230640
0.323825, 0.246055, -0.357163
0.246129, 0.225686, -0.243414
2.732915, -0.790338, -0.482864
2.579231, -0.104460, 0.218884
1.927168, -0.702358, -0.777070
1.823278, -0.725315, -0.705396
2.842145, -0.743532, -0.010245
2.747796, 0.365088, -0.351031
2.328929, -0.782180, -0.815532
2.200500, -0.786216, -0.762297
0.317496, -0.698916, -1.022099
0.287858, -0.770461, -0.862267
0.412087, -0.700254, -1.071181
0.227527, -0.733812, -0.851284
0.403971, -0.709251, -0.924818
0.467680, -0.726086, -0.865996
0.612814, -0.653725, -1.020908
0.478266, -0.724125, -0.894565
-1.023088, 0.257570, -0.900850
-0.991874, 0.345960, -0.779525
-0.952182, 0.419957, -0.720837
-0.959780, 0.485267, -0.584494
-0.718859, 0.366206, -0.483049
-0.909434, 0.359545, -0.372574
-0.822920, 0.428183, -0.411875
-0.814296, 0.443260, -0.346140
2.690167, 0.769045, 0.264575
2.716452, 0.995961, -0.196688
2.685022, 0.837518, 0.087195
2.388661, 0.720475, 0.896974
2.488389, 0.997883, 0.678452
2.508322, 0.998233, 1.053780
1.725820, -1.000000, 0.009686
1.977982, 0.006949, 0.950907
-0.260680, 0.158602, -0.162991
-0.194302, 0.180437, -0.104026
-0.236451, 0.290064, -0.154039
-0.204081, 0.282151, -0.101569
0.001618, 0.123759, -0.186337
-0.065512, 0.180185, -0.070664
-0.121348, 0.262801, -0.180649
-0.064644, 0.292389, -0.091642
2.813043, -0.317186, 0.220627
2.551721, -0.884544, -0.610795
1.410957, -0.873192, -0.647778
1.440826, -0.978296, -0.540289
2.808922, -0.800887, -0.377252
2.845086, -0.763535, -0.529008
1.709230, -0.932849, -0.565957
1.653812, -0.940124, -0.571404
-0.324108, 0.742633, -0.635903
-0.362769, 0.792215, -0.577684
-0.347848, 0.880527, -0.592071
-0.318781, 0.833800, -0.595001
-0.189168, 0.795451, -0.641008
-0.215029, 0.742052, -0.572318
-0.256588, 0.876360, -0.604497
-0.214168, 0.861902, -0.595833
2.534617, -0.558486, -0.861110
1.116122, -0.375009, -0.933153
2.039334, -0.391199, -0.802768
0.932770, -0.291249, -0.954601
1.849287, -0.496997, -0.912461
1.378842, -0.441247, -0.977589
2.508902, -0.450570, -0.844429
1.483452, -0.361687, -0.998833
-0.140912, 0.130937, -0.228938
-0.166021, 0.123500, -0.203552
-0.129660, 0.254120, -0.298089
-0.145307, 0.223388, -0.179459
0.006765, 0.117574, -0.300220
-0.036473, 0.203239, -0.200682
0.017653, 0.246561, -0.280857
-0.034176, 0.292766, -0.208207
2.773012, -0.577097, -0.523087
2.800000, -0.655412, -0.264706
1.324297, -0.783909, -0.790637
1.513463, -0.771904, -0.758473
2.851564, -0.826131, -0.185463
2.669101, -0.585168, 0.081399
1.775921, -0.740722, -0.729702
1.769765, -0.728679, -0.706825
0.340089, -0.992170, -1.017599
-0.679358, -1.004326, -0.437410
-0.656519, -0.987786, -0.508525
-0.701022, -0.939076, -0.397524
-0.104657, -1.030530, -0.914729
-0.050851, -1.036981, -0.919035
-0.628898, -0.956016, -0.494455
-0.612423, -0.997324, -0.433322
0.677946, 0.335502, -0.111487
0.700970, 0.374564, -0.082698
0.711363, 0.571881, -0.089557
0.795767, 0.497328, -0.090024
0.875432, 0.326037, -0.161782
0.856714, 0.320826, -0.129775
0.890318, 0.597338, -0.160809
0.887818, 0.482221, -0.104600
0.940720, -0.285257, -0.628874
0.956987, -0.289696, -0.623529
1.043980, -0.102315, -0.676619
0.923047, -0.167142, -0.575061
1.117308, -0.246088, -0.649996
1.067128, -0.196223, -0.623628
1.233031, -0.132694, -0.671624
1.151649, -0.094415, -0.643485
-0.576459, 0.985665, -0.014146
-0.564282, 0.978698, 0.125190
0.342031, 1.075509, -1.025995
-0.316727, 1.012566, -0.575532
-0.429707, 0.979019, -0.117764
-0.362247, 0.971017, 0.049999
0.190026, 1.057761, -0.810806
0.418126, 1.073802, -1.049112
0.327695, -0.216475, -0.825403
0.263217, -0.287596, -0.739332
0.326592, -0.110455, -0.796629
0.269871, -0.108663, -0.733239
0.443405, -0.194078, -0.826513
0.458688, -0.232937, -0.741908
0.420315, -0.174428, -0.850068
0.494679, -0.160146, -0.751624
-0.978985, 0.996505, -0.685700
-0.997568, 1.012608, -0.596296
-0.401390, 0.785892, -0.902326
-0.850561, 0.730950, -0.731744
-0.912064, 1.000190, -0.376004
-0.824083, 1.002502, -0.367020
-0.924199, 1.001278, -0.459413
-0.084761, 1.068375, -1.049316
2.754048, 0.073680, 1.000000
2.567134, 0.145911, -0.883923
2.705116, 0.192752, -0.264095
2.556986, 0.211115, -0.853282
2.469417, -0.182225, 0.899140
2.717985, 0.194495, -0.128632
2.420699, 0.018966, 0.546455
2.671585, 0.253564, -0.121251
0.255982, -0.293338, -0.681406
0.205575, -0.296281, -0.654018
0.282452, -0.179146, -0.724951
0.238097, -0.135014, -0.657458
0.426052, -0.214041, -0.726218
0.340015, -0.199104, -0.630148
0.380126, -0.131841, -0.725945
0.368403, -0.111495, -0.676273
-0.965253, 0.424094, -1.026458
-0.921246, 0.432336, -1.093916
-0.322932, 0.877566, -1.075645
-0.919471, 0.989338, -0.805124
-0.880231, 0.983685, -0.310710
-0.973264, 0.996206, -0.056855
-0.824768, 1.014309, -0.522339
-0.447290, 1.064910, -0.883755
2.715090, 0.633693, -0.669421
2.178502, 0.757771, -0.904598
2.870269, 0.461403, -0.427917
2.134051, 0.651970, -0.809225
2.638113, 0.601686, -0.620119
2.434787, 0.570914, -0.964009
2.741191, 0.542433, -0.683579
2.635761, 0.566312, -0.800173
-0.721130, -0.910258, -1.052495
-0.987014, -0.991683, -1.055756
-0.962368, -0.949949, 0.122273
-0.948493, -0.916253, 0.109078
-0.780385, -0.980564, -0.036484
-0.698380, -1.026818, -0.987946
-0.910377, -0.963489, 0.145165
-0.897254, -0.962281, 0.084910
1.308409, -0.264618, -0.722569
1.358326, -0.279012, -0.634651
1.332594, -0.111902, -0.698915
1.407382, -0.183591, -0.674273
1.589282, -0.289168, -0.704925
1.509228, -0.260824, -0.635947
1.681118, -0.091587, -0.719214
1.572435, -0.180448, -0.635909
-0.151852, 0.983572, -0.121181
-0.166622, 0.982633, 0.081620
0.608309, 1.053831, -0.937478
-0.110788, 0.986643, -0.416645
-0.062782, 0.987449, -0.136261
-0.123949, 0.982028, 0.076712
0.177985, 1.012300, -0.453079
0.888962, 1.000000, -1.000000
2.556174, 0.677327, -0.726854
2.587096, 0.701531, -0.691955
2.609112, 0.676557, -0.169780
2.605733, 0.927998, -0.349557
2.430164, 0.382158, 0.220553
2.472321, 0.618543, -0.825302
2.420699, 0.697864, 0.834568
2.816809, 0.888461, 1.073410
0.717670, -0.296269, -0.886486
0.567080, -0.188891, -0.762117
0.727160, -0.163175, -0.815320
0.551359, -0.119940, -0.755623
0.966281, -0.205487, -0.887863
0.771346, -0.235273, -0.766757
0.909070, -0.083946, -0.866398
0.923604, -0.103781, -0.789622
-0.775060, 1.008933, -0.393527
-0.775835, 1.002290, -0.370164
-0.263460, 1.059404, -0.822683
-0.744868, 1.014158, -0.468634
-0.698178, 1.007093, -0.374835
-0.603158, 1.007427, -0.343145
-0.364937, 1.025754, -0.533678
-0.197574, 1.043282, -0.671579
1.187617, -0.833388, -0.782423
1.411048, -0.852029, -0.810957
1.209924, -0.721033, -0.919538
1.092510, -0.859606, -0.721141
2.871320, -0.606334, 0.414710
2.870947, -0.630503, 0.602922
1.215503, -0.786060, -0.816905
1.235353, -0.790929, -0.807369
-0.418969, 0.122150, -0.343033
-0.518817, 0.130116, -0.281002
-0.441022, 0.265496, -0.364461
-0.523743, 0.264351, -0.275531
-0.247561, 0.107617, -0.404085
-0.326328, 0.127319, -0.306150
-0.254866, 0.256974, -0.415417
-0.347448, 0.229185, -0.277513
0.387409, -0.160973, -1.043680
0.368715, -0.249079, -0.927601
0.319184, -0.166866, -1.026275
0.235120, -0.144341, -0.945677
0.574146, -0.174274, -1.024170
0.565444, -0.255279, -0.915738
0.580890, -0.134813, -1.013556
0.511964, -0.168393, -0.902968
-0.847913, 0.339400, -1.072722
-0.952905, 0.540409, -0.906433
-0.611808, 0.856727, -0.645304
-0.534636, 1.026340, -0.861603
-0.740106, 1.005022, -0.439067
-0.772462, 1.010992, -0.415174
-0.638316, 1.036049, -0.720653
-0.123473, 1.061254, -0.916999
-1.034037, -0.399109, -0.917812
-1.012747, -0.559124, -0.579353
-0.996475, -0.404272, -0.723735
-1.027963, -0.336476, -0.887467
-0.841863, -0.504884, -0.302150
-0.860983, -0.496837, -0.252036
-0.865130, -0.392365, -0.323455
-0.948649, -0.428148, -0.235992
0.249698, -0.206342, -0.561236
0.191227, -0.233130, -0.498538
0.234155, -0.140030, -0.564876
0.182919, -0.127210, -0.525710
0.434139, -0.211689, -0.571613
0.299812, -0.282418, -0.520938
0.498258, -0.116626, -0.627844
0.404864, -0.115839, -0.504267
-1.032870, 1.031697, -0.722432
-1.014319, 0.609789, -1.090729
-0.292718, 0.949860, -1.081196
-0.572011, 0.693897, -0.857612
-0.947077, 1.003193, 0.029294
-0.975727, 0.982764, 0.130055
-0.806217, 1.027305, -0.924121
-0.635087, 1.023124, -1.061132
-0.849382, -0.940348, -0.951744
-0.822542, -0.937998, -1.011137
-0.937389, -0.978027, -0.966936
-0.942482, -1.027726, -0.929742
-0.327781, -1.033805, -1.022729
-0.785530, -1.013266, -0.480550
-0.766026, -0.998310, -0.469585
-0.870566, -0.982163, -0.358748
0.804711, -0.072258, -0.945824
0.639656, -0.014197, -0.990113
0.861396, 0.033044, -0.937321
0.705498, 0.043797, -0.970606
1.784506, -0.069716, -0.917496
0.828894, -0.027626, -1.001410
1.442232, 0.043914, -0.947645
0.756180, 0.069709, -0.970282
2.679237, 0.842947, -0.230425
2.665500, 0.732767, -0.203105
2.586704, 0.911566, -0.479514
2.473991, 0.940061, -0.588260
2.746146, 0.698543, -0.071526
2.894547, 0.696435, 0.619208
2.852532, 0.708920, 0.473186
2.819262, 0.853210, 0.487092
0.549127, -0.222850, -0.576120
0.632817, -0.244690, -0.573101
0.594035, -0.184403, -0.627359
0.602967, -0.126847, -0.562113
0.710777, -0.283873, -0.601606
0.711475, -0.263081, -0.546262
0.659908, -0.150865, -0.600276
0.697082, -0.123167, -0.596291
-0.784655, 0.999501, 0.076386
-0.935184, 0.998122, 0.109234
-0.495052, 1.053083, -0.815399
-0.760264, 0.990433, -0.261517
-0.641509, 0.988336, -0.017164
-0.764011, 1.024254, 0.093948
-0.412979, 1.009479, -0.514367
-0.599764, 1.001869, -0.493282
0.522200, -0.746145, -0.065918
0.595929, -0.707299, -0.026485
0.569186, -0.663135, -0.087691
0.519332, -0.630341, -0.020212
0.634663, -0.780834, -0.102434
0.710806, -0.707178, -0.046688
0.693673, -0.647519, -0.101925
0.839156, -0.620509, -0.055609
0.957332, -0.216269, -0.558071
0.853890, -0.247628, -0.468785
0.959705, -0.181081, -0.554325
0.797965, -0.191727, -0.480868
1.214077, -0.236887, -0.606220
1.106979, -0.227199, -0.519577
0.987113, -0.151841, -0.565352
0.993086, -0.166918, -0.531734
-0.577089, 0.991074, 0.157988
-0.625619, 0.971906, 0.197821
-0.593084, 0.969342, -0.060853
-0.211731, 1.029424, -0.839265
-0.397738, 0.982674, 0.134149
-0.465862, 0.975952, 0.176304
0.472185, 1.000000, -1.000000
-0.240031, 0.982428, -0.558723
2.623734, 0.780967, -0.298930
2.681149, 0.767964, -0.183788
2.774926, 0.965217, -0.062436
2.399051, 0.970446, -0.339083
2.841666, 0.570108, 0.709629
2.896727, 0.626945, 0.098800
2.548374, 0.344527, -1.046086
2.899938, 0.955000, 0.191713
1.114588, -0.289414, -0.862349
1.098927, -0.250804, -0.787448
1.004629, -0.175649, -0.845816
0.976358, -0.094958, -0.800775
1.396904, -0.268672, -0.863655
1.347790, -0.220397, -0.854850
1.377250, -0.191747, -0.848119
1.286549, -0.190979, -0.831743
-0.430455, 1.005326, -0.350194
-0.534151, 1.000667, -0.311328
-0.293757, 1.012330, -0.409522
0.417778, 1.067477, -1.013231
-0.271460, 0.999177, -0.376546
-0.224313, 1.000257, -0.354689
0.230661, 1.046841, -0.829016
1.054137, 1.061002, -1.088152
-0.931155, -0.751416, -0.935985
-0.954951, -0.977982, -0.825774
-0.816902, -0.819092, -0.827929
-0.960031, -0.752762, -0.893609
-0.687160, -0.839954, -0.805071
-0.715206, -0.950613, -0.772471
-0.711412, -0.826307, -0.784468
-0.658423, -0.699515, -0.656158
2.017082, -0.851503, -1.058985
2.800000, -0.692056, -1.000000
1.291637, -1.003913, -0.640474
1.328768, -1.014606, -0.656598
2.896061, -0.476121, -1.001391
2.783036, -0.818937, -1.090585
2.083426, -1.000000, -1.000000
1.507619, -1.038210, -0.851763
-1.010072, -1.003851, -0.878479
-0.821451, -0.950284, -1.025442
-1.048285, -1.002831, -0.935273
-0.951213, -0.961239, -0.174703
-0.572985, -1.000000, -1.000000
-0.797193, -1.005668, -0.432107
-0.944230, -0.960636, -0.177234
-0.918570, -0.970887, -0.136627
2.663794, -0.499827, 0.202863
2.816740, -0.830328, 0.173843
2.504312, -0.817340, -0.723068
2.554606, -0.891184, -0.542416
2.487129, -1.038923, 1.012507
2.077668, -0.194451, 0.370134
2.869400, -0.831299, -0.070654
2.764253, -0.785142, -0.273473
0.403946, 0.153571, -0.376976
0.443400, 0.141889, -0.272159
0.538336, 0.258715, -0.381950
0.485436, 0.290270, -0.286310
0.607958, 0.170895, -0.415107
0.548900, 0.203234, -0.285480
0.698263, 0.295470, -0.400997
0.595443, 0.276382, -0.297630
1.566140, -0.218882, -0.981465
1.529948, -0.231963, -0.960657
1.581234, -0.179450, -0.957472
1.396798, -0.149925, -0.871426
1.851572, -0.228646, -0.938121
1.869731, -0.193209, -0.888955
1.775850, -0.140787, -0.895575
1.696390, -0.130803, -0.881824
-0.197203, 0.996756, -0.384909
-0.144435, 1.000275, -0.347249
1.443200, 1.042347, -1.078848
0.196986, 1.035508, -0.608067
-0.019300, 1.011270, -0.388688
0.066876, 1.000719, -0.395066
0.310372, 1.031375, -0.679894
0.638577, 1.035629, -0.801519
0.923289, 0.764292, -0.757676
0.909836, 0.762115, -0.695108
0.950482, 0.793373, -0.773140
0.895366, 0.844442, -0.680746
1.246920, 0.697163, -0.729800
1.285239, 0.705305, -0.723262
1.111390, 0.769572, -0.726693
1.101234, 0.878132, -0.677730
2.546421, -0.438112, 0.177336
2.638135, -0.413059, -0.379940
2.408936, -0.191507, 0.026451
2.613653, -0.263338, -0.075025
1.654561, -1.000000, -0.408991
1.578954, -0.998720, 1.000000
2.522291, -0.227052, 0.025081
2.412383, -0.939387, 0.458172
1.316860, 0.596574, -0.995204
1.162288, 0.683805, -1.046383
2.399721, 0.779100, -0.862984
0.990593, 0.701282, -0.964624
1.606943, 0.729984, -0.972110
1.692966, 0.703892, -1.055189
2.516864, 0.600926, -0.800421
1.435846, 0.622656, -0.930439
2.464660, -0.753733, -0.649823
2.321803, -0.619678, -0.527621
2.468166, -0.511628, -0.501677
2.447023, -0.607854, -0.476656
2.666030, -0.858185, -0.576052
2.575427, -0.749977, -0.483778
2.533456, -0.515125, -0.417134
2.562923, -0.643851, -0.364156
0.399790, 0.614788, -0.241255
0.420196, 0.568184, -0.196387
0.417248, 0.684200, -0.224903
0.407232, 0.652571, -0.084663
0.467040, 0.555917, -0.237266
0.527093, 0.547945, -0.210593
0.589056, 0.710613, -0.262639
0.538173, 0.657147, -0.166084
1.663534, -0.902009, -0.444233
2.867755, -0.652530, -1.038632
1.434917, -0.937645, -0.397099
1.357420, -0.941591, -0.472361
2.712604, -0.801683, -1.060041
2.741701, -0.572082, -1.033427
1.467175, -0.942248, -0.506436
1.490924, -0.987952, -0.604922
0.031874, -0.243297, 0.005977
0.065119, -0.239578, 0.047085
0.017742, -0.108591, 0.011214
-0.064935, -0.128207, 0.039227
0.161230, -0.227832, -0.014490
0.164629, -0.216625, 0.021852
0.081927, -0.142093, 0.007367
0.151676, -0.108696, 0.042428
-0.615592, 0.614436, 0.060495
-0.604960, 0.645325, 0.045513
-0.599204, 0.673032, 0.150149
-0.641888, 0.707672, 0.039845
-0.465669, 0.599993, 0.046212
-0.557050, 0.606248, 0.022697
-0.447969, 0.686662, 0.139108
-0.568235, 0.675516, 0.025010
0.862468, -0.636440, -0.431688
0.757438, -0.699456, -0.295246
0.736548, -0.588516, -0.376242
0.704880, -0.594651, -0.297664
0.941729, -0.614060, -0.455575
0.883100, -0.675769, -0.332098
1.046683, -0.584130, -0.412909
0.987489, -0.582220, -0.365475
1.036649, -0.262826, -0.993597
1.031733, -0.199306, -0.991772
1.091967, -0.175259, -1.020580
1.053214, -0.155259, -0.961939
1.351601, -0.216896, -0.992072
1.238616, -0.207720, -0.890459
1.317739, -0.085760, -0.991336
1.204686, -0.177937, -0.896719
-0.371649, 0.968515, -0.478918
-0.452078, 0.997578, -0.369790
1.008164, 1.052190, -1.058099
0.569365, 1.064417, -1.073106
-0.258851, 1.004988, -0.452921
-0.214364, 0.995954, -0.404722
0.969319, 1.040374, -0.983320
0.182463, 1.039495, -0.769788
2.607860, 0.994671, -0.439892
2.537345, 0.952654, -0.523107
2.799275, 0.987839, -0.185728
1.911493, 0.174241, -0.183439
2.828322, 0.991125, 0.088382
2.816364, 0.961693, 0.071672
2.819860, 0.849676, 0.494828
2.547084, 0.287543, -0.981274
1.599210, -0.679417, -0.953621
1.580288, -0.583503, -0.840774
1.548769, -0.417415, -0.963615
1.520165, -0.479386, -0.835687
1.673208, -0.713277, -0.881757
1.605039, -0.669155, -0.806031
1.831003, -0.533905, -0.956306
1.748229, -0.429502, -0.813788
-0.066018, 0.526089, -0.428263
-0.133024, 0.583058, -0.296167
-0.067913, 0.674522, -0.419391
-0.161307, 0.631657, -0.300404
-0.043057, 0.567092, -0.420423
-0.000264, 0.538855, -0.386292
-0.041274, 0.671738, -0.400184
0.015971, 0.657921, -0.370375
2.570913, -0.163010, -0.508643
2.674240, -0.079781, -0.934781
2.531496, -0.147259, -0.551603
2.673667, -0.104928, -0.768358
2.608604, -0.785355, 0.901706
2.329151, 0.393190, 0.767900
2.495113, 0.274395, 0.282703
2.354915, -0.100107, -0.153232
2.407999, -0.675191, -0.820172
2.554312, -0.823890, -0.645558
2.507195, -0.491885, -0.741589
2.331910, -0.627138, -0.779310
2.692561, -0.902033, -0.545641
2.671229, -0.791786, -0.435516
2.692130, -0.594478, -0.386842
2.587809, -0.545777, -0.445281
0.403785, 0.557901, -0.342683
0.501059, 0.552400, -0.267178
0.509273, 0.632008, -0.307199
0.388883, 0.625291, -0.253547
0.606791, 0.543045, -0.334218
0.567122, 0.566420, -0.291093
0.634178, 0.655011, -0.364368
0.559055, 0.693576, -0.308681
2.372474, -0.244868, -0.794353
2.725967, -0.841056, -1.014064
1.885185, -0.952348, -0.446978
1.521790, -0.931735, -0.380835
2.800000, -0.954514, -1.000000
2.400184, -0.307462, -1.064692
1.988105, -0.904727, -0.456174
1.826196, -0.970385, -0.406416
1.302749, 0.171036, -0.949875
0.719354, 0.183148, -1.004975
0.771854, 0.270502, -0.940563
0.626223, 0.232077, -0.981320
2.036693, 0.151955, -0.908604
0.816487, 0.161206, -0.980299
2.014241, 0.186955, -0.906437
0.840877, 0.301686, -0.986502
2.816324, 1.029514, 0.031626
2.615294, 0.984994, -0.382583
2.533346, 0.757949, 0.094368
2.804391, 0.987801, -0.186757
2.898265, 0.981966, 0.781069
2.872866, 0.985016, 0.364081
2.584078, -1.000000, -1.000000
1.899826, -1.000000, -0.657712
-0.364332, 0.215216, 0.137650
-0.388022, 0.177074, 0.017408
-0.252295, 0.313142, 0.064343
-0.297837, 0.257687, -0.003520
-0.114927, 0.215755, 0.115120
-0.110470, 0.115943, -0.005117
-0.117698, 0.231511, 0.136854
-0.171966, 0.258268, -0.021786
1.557940, -1.020552, -0.650518
2.753900, -0.589368, -0.865462
1.201071, -1.002663, -0.448515
1.197363, -0.997925, -0.368350
2.671187, -0.958771, -0.828391
2.851337, -0.836439, -0.943224
1.673985, -1.000719, -0.543258
1.443174, -0.993343, -0.385161
-0.282073, -1.005365, -0.004898
-0.262875, -1.033185, 0.050069
-0.237116, -0.936558, 0.007193
-0.281671, -0.986738, 0.070363
-0.079249, -1.019439, -0.034692
-0.144657, -1.040939, -0.002231
-0.108172, -0.799563, 0.028257
-0.162672, -0.988899, 0.033265
-0.896520, 0.212057, -1.014265
-0.812069, 0.603771, -0.647469
-0.206218, 0.991599, -0.789584
-0.121832, 0.999912, -0.868736
-0.536220, 0.916196, -0.772686
-0.681211, 0.989898, -0.712674
0.157939, 0.998460, -0.971487
0.556420, 0.959954, -1.036726
1.463894, 1.047251, -0.388398
1.449668, 1.046464, -0.502256
1.688035, 1.036432, -0.515079
1.399784, 1.042781, -0.489626
1.574273, 0.983799, -0.445351
1.440879, 0.977356, -0.716443
2.433476, 1.000000, -0.977087
1.682024, 1.049553, -0.517790
2.081692, 0.776769, -0.566026
0.984305, 0.705895, -0.959652
2.336795, 0.896381, -0.506449
2.776169, -0.098938, 0.326390
2.086632, 0.745479, -0.698388
1.237368, 0.607984, -0.798444
2.285855, 0.794851, -0.606238
2.800000, -0.099738, 0.520697
-0.736827, -1.045531, 0.073464
-0.784562, -1.049708, 0.087263
-0.948493, -0.865207, 0.127125
-0.843972, -0.754618, 0.231115
-0.661560, -1.029536, 0.101719
-0.743797, -1.042174, 0.093908
-0.605880, -0.761191, 0.125149
-0.772438, -0.829719, 0.203056
2.762710, 0.523110, -0.616096
2.587341, 0.542575, -0.544758
2.174183, -0.650707, 1.076390
2.180139, -1.000000, 0.853608
2.662014, 0.622112, -0.653135
2.771491, 0.542318, -0.397409
2.748112, 0.444651, 0.504443
1.945352, 0.580622, 1.088783
2.539237, 0.416292, -1.083960
2.477374, 0.434569, -1.029497
2.631889, 0.453195, -1.023480
2.482982, 0.475042, -1.018003
2.223892, 0.139632, 0.110944
2.791731, 0.430644, 0.689008
2.648132, 0.559739, -0.068458
2.410373, 0.576389, 0.556563
1.202022, 0.797163, -0.624224
0.768548, 0.676877, -0.912766
1.979602, 0.638129, -0.757377
2.780476, 0.577853, -0.431467
1.024241, 0.726461, -0.804156
0.889452, 0.699034, -0.966237
0.975866, 0.819299, -0.746619
1.180397, 0.803892, -0.764436
-0.991195, -0.210934, 0.127201
-1.067412, -0.204767, -0.482455
-1.054755, -0.236264, -0.743257
-1.064004, -0.132242, -0.447151
-1.010794, -0.222078, 0.130855
-0.986597, -0.208983, 0.122119
-1.000612, -0.126639, 0.142648
-0.969262, -0.170044, 0.078844
1.048045, 0.428888, -0.912576
0.716148, 0.400319, -0.937667
1.491407, 0.609082, -0.931847
0.815559, 0.707587, -0.986132
1.634328, 0.529674, -0.913575
0.811876, 0.415514, -0.980045
2.060974, 0.674156, -0.859172
0.938484, 0.763372, -1.014292
0.580279, 0.109562, -0.514896
0.420321, 0.116062, -0.414149
0.456863, 0.214399, -0.484239
0.448465, 0.216711, -0.433244
0.629516, 0.147303, -0.517054
0.624132, 0.137510, -0.472956
0.704796, 0.211282, -0.499504
0.692011, 0.288089, -0.458102
2.571548, -0.795446, -0.445329
2.618547, -0.024823, 0.338557
2.503501, -0.782020, -0.642929
2.558544, -0.776254, -0.719314
2.748828, -0.839680, 1.067504
2.542035, -0.965742, 1.062294
2.653815, -0.714994, -0.453966
2.680832, -0.787705, -0.563142
-0.926263, -0.870155, -0.604271
-0.986844, -0.956728, -0.897853
-0.990411, -0.788456, -0.938263
-0.953598, -0.724458, -0.353174
-0.867634, -0.846058, -0.404923
-0.826168, -0.873266, -0.355977
-0.808981, -0.729886, -0.446443
-0.760586, -0.773001, -0.387619
2.569479, 0.358947, -0.812368
1.584563, 0.240088, -0.962527
2.596728, 0.384412, -0.805970
1.648816, 0.376390, -0.915482
2.709627, 0.264965, -0.735073
1.875038, 0.141803, -0.977422
2.295532, 0.382665, -0.808944
1.900816, 0.366825, -0.973044
1.944651, 0.700951, -0.927004
1.012021, 0.756355, -1.021037
1.913454, 0.702152, -0.841995
0.856312, 0.696801, -1.002202
1.855340, 0.798173, -1.045708
0.982605, 0.781703, -1.027542
0.944493, 0.731767, -0.985578
0.879178, 0.707103, -0.982924
2.016223, 0.343342, -0.834006
1.113902, 0.423176, -1.010208
2.072978, 0.428982, -0.802998
1.089081, 0.427356, -0.976666
1.689044, 0.306620, -0.896993
1.238297, 0.382365, -1.001460
1.448181, 0.398247, -0.957589
1.275827, 0.422467, -1.017864
2.734383, 0.479295, 0.039366
2.854241, 0.133577, -0.458612
2.662344, 0.232221, -0.540244
2.666676, 0.204326, -1.005195
2.342798, 0.360614, -0.071600
2.242558, -0.083413, 0.829419
2.241684, 0.282741, -0.084603
2.735255, -0.096043, -0.518762
-1.012311, -0.902564, -0.518598
-0.978300, -0.945234, -1.000000
-1.024069, -0.777143, -0.128628
-1.028868, -0.757840, -0.220141
-0.920252, -1.003554, 0.110383
-0.998795, -0.857514, 0.146351
-0.978241, -0.734730, 0.194451
-0.991827, -0.813401, 0.086654
2.800000, 0.291792, 0.943964
2.102159, 0.728326, -0.710671
2.619486, 0.591925, 0.925490
2.755604, 0.302029, 0.055930
2.812971, 0.786406, 0.071073
2.348209, 0.566971, -0.637198
2.779512, 0.344386, 0.626590
2.785629, 0.673996, 0.015848
-0.046085, 0.167155, 0.131460
-0.005852, 0.167630, 0.005466
-0.045436, 0.278341, 0.149079
-0.001967, 0.232764, -0.016885
0.216216, 0.137394, 0.083832
0.077343, 0.200485, 0.007363
0.217845, 0.257503, 0.115130
0.184871, 0.266189, -0.011985
2.721204, 0.287030, -0.225577
2.859808, -0.923529, -0.853719
1.894786, -0.986568, -0.545147
1.564341, -0.987542, -0.471175
2.689253, -0.846351, -0.080318
2.318228, -0.956953, -0.734518
1.894527, -0.997006, -0.525621
1.956028, -0.990041, -0.521894
1.160162, 0.256301, -0.919175
1.094412, 0.176602, -0.929210
1.252084, 0.352429, -0.940733
1.130036, 0.404288, -0.973128
1.989237, 0.083300, -0.930974
1.447280, 0.119954, -0.996238
2.116706, 0.137049, -0.849937
1.402856, 0.300026, -1.014760
-0.934878, -0.964929, -1.044299
-0.891262, -0.984825, -0.668572
-1.043331, -1.002145, -1.082224
-0.942450, -0.949479, 0.104616
-0.798674, -1.016786, -1.024325
-0.695684, -0.994660, -0.359814
-0.838466, -0.992392, -0.010451
-0.792250, -0.983801, 0.038048
2.518113, -0.054154, 0.383140
2.223013, 0.488429, -0.515575
2.541885, -0.948159, -0.500519
2.353015, -0.994281, -0.502195
2.714626, -0.853900, -0.198375
2.032028, -0.203219, 0.279449
2.593313, -0.934938, -0.398402
2.571341, -0.937194, -0.340025
0.402699, 0.183207, -0.244722
0.415324, 0.150818, -0.166896
0.440503, 0.295822, -0.255255
0.342908, 0.212519, -0.190258
0.519385, 0.156150, -0.262071
0.549845, 0.203303, -0.165975
0.498620, 0.307541, -0.255332
0.497044, 0.224066, -0.173567
1.473913, -0.245023, -0.895273
1.487922, -0.215730, -0.785756
1.485226, -0.193135, -0.883365
1.400931, -0.169886, -0.808475
1.659059, -0.205507, -0.915303
1.707569, -0.227405, -0.780911
1.585300, -0.179907, -0.904111
1.565570, -0.169053, -0.864013
-0.133000, 0.981513, -0.251969
-0.235640, 0.977435, -0.181068
0.829425, 1.057084, -1.031977
-0.091704, 0.997586, -0.420908
-0.073213, 0.991807, -0.273352
0.023837, 0.986310, -0.221205
1.398231, 0.976165, -1.024467
-0.085532, 0.989655, -0.269406
1.184134, 0.767681, -0.980533
-0.008613, 0.765392, -0.999174
0.458292, 0.691355, -0.941302
-0.070181, 0.768245, -0.984277
1.096430, 0.743767, -1.002100
0.544939, 0.635083, -1.048114
1.073669, 0.721627, -0.965206
0.156956, 0.724370, -1.020032
0.271797, 0.158913, 0.071726
0.262933, 0.132275, 0.105102
0.363641, 0.269298, -0.007883
0.223872, 0.303314, 0.108093
0.469109, 0.208275, 0.032230
0.505914, 0.124463, 0.061112
0.416022, 0.232571, -0.016131
0.453644, 0.295491, 0.070680
2.576236, 0.813262, -0.725649
2.472039, -0.387341, 0.101020
2.573769, -0.950747, -0.380587
2.310441, -1.010184, -0.486468
2.481231, 0.097530, 0.024080
2.826917, -0.964357, -0.592319
2.511814, -0.976742, -0.436218
2.557369, -0.948108, -0.376128
-0.988616, -0.938393, -0.457408
-0.980774, -0.933257, -0.435755
-1.078767, -0.779825, -0.974426
-1.011915, -0.712450, -0.122468
-0.971119, -0.882229, -0.043536
-0.963510, -0.954831, 0.099840
-0.989776, -0.726945, -0.080267
-1.003456, -0.838092, 0.120736
0.295474, 0.790043, -0.769452
-0.180145, 0.762162, -0.930593
1.304633, 0.746553, -0.916734
0.569475, 0.847901, -0.904249
0.430437, 0.873703, -0.718962
-0.124446, 0.766182, -0.936351
0.523506, 0.891973, -0.732670
0.326731, 0.901597, -0.841051
-0.406870, -0.953506, -0.215433
-0.421361, -0.933228, -0.167648
-0.448582, -0.844086, -0.210092
-0.546215, -0.730442, -0.134652
-0.257382, -0.908608, -0.247817
-0.323226, -0.964416, -0.164730
-0.347751, -0.738434, -0.231987
-0.350454, -0.853537, -0.164955
-1.015031, -0.044157, -0.540285
-1.035714, -0.074077, -0.895932
-1.000691, 0.025004, -0.554020
-1.029003, -0.030117, -0.690829
-0.842430, -0.065685, -0.335336
-0.957925, 0.004248, -0.322008
-0.918034, 0.032695, -0.316524
-0.859363, 0.058959, -0.305816
1.457477, -0.010890, -0.422256
1.333801, -0.029776, -0.381472
1.517973, 0.085489, -0.436223
1.501839, 0.035179, -0.400882
1.702475, -0.033332, -0.449834
1.751811, -0.093963, -0.402579
1.749429, 0.071555, -0.444065
1.673965, 0.068460, -0.428755
2.133788, -0.978032, -0.575491
1.984812, -0.981065, -0.613974
2.345601, -0.989151, -0.446920
1.893356, -0.865350, -0.465951
2.225942, -1.019090, -0.666091
2.000808, -0.998381, -0.588496
2.368591, -0.931859, -0.761256
1.949261, -0.992693, -0.623262
-0.672525, -0.665093, -0.859376
-0.721944, -0.669600, -0.868878
-0.586443, -0.489725, -0.968563
-0.690893, -0.532415, -0.867775
-0.593600, -0.663797, -0.928718
-0.661736, -0.632214, -0.953867
-0.502599, -0.451635, -0.931050
-0.647956, -0.537227, -0.937101
1.336251, 0.939696, -0.521679
1.439718, 0.991367, -0.529139
2.727664, 0.293655, -1.006788
2.119028, 0.876094, -1.084026
1.475943, 0.996816, -0.867610
1.307404, 0.976068, -0.508758
2.800000, 0.419377, -1.000000
2.895729, 0.569600, -1.051657
0.198916, 0.345438, -0.949074
0.009017, 0.338620, -1.002204
0.288330, 0.421500, -0.946821
0.012509, 0.394448, -0.958234
0.653161, 0.296114, -0.910347
0.214548, 0.368949, -1.016288
0.498203, 0.398310, -0.933101
0.239910, 0.417865, -0.958167
1.083054, -0.196652, -0.753480
0.936980, -0.287687, -0.709017
1.075084, -0.112136, -0.766173
1.019590, -0.137081, -0.738689
1.356801, -0.278578, -0.858289
1.112482, -0.259073, -0.713316
1.311369, -0.158989, -0.831431
1.144655, -0.173739, -0.713017
-0.543736, 0.993176, -0.288610
-0.509731, 0.978092, -0.139163
-0.184607, 1.022887, -0.561063
0.692149, 1.074534, -1.094101
-0.266868, 0.978081, -0.241877
-0.398031, 0.976084, -0.160599
0.248681, 1.053916, -0.808998
-0.358952, 0.985469, -0.275604
-0.050080, 0.107480, -0.444236
-0.099373, 0.114958, -0.359272
-0.149540, 0.273773, -0.404661
-0.218176, 0.238319, -0.316699
0.095778, 0.173948, -0.433784
-0.006132, 0.183004, -0.401530
0.114876, 0.269983, -0.462303
0.035149, 0.289599, -0.392081
2.889866, -0.775473, -0.050769
2.802630, -0.671042, 0.159614
1.488982, -0.758405, -0.771931
1.452051, -0.756327, -0.809226
2.492544, -0.762550, -0.501688
2.340419, -0.748669, -0.665164
1.891289, -0.703957, -0.751488
1.559990, -0.764049, -0.770653
0.966256, 0.584800, -0.881551
-0.052430, 0.523117, -0.980943
0.046017, 0.683479, -0.965082
0.008177, 0.724859, -1.000524
0.591985, 0.440537, -0.911879
0.205128, 0.474134, -0.977094
0.699853, 0.647516, -0.934713
0.336477, 0.661335, -0.985821
1.549131, 0.632255, -0.607567
1.470063, 0.590775, -0.870665
2.824399, 0.608478, 0.444035
2.777551, 0.186443, 0.227465
2.171927, 0.737409, -0.744539
1.949880, 0.685521, -0.818103
2.765178, 0.535837, 0.379265
2.831829, 0.474674, 0.794546
-0.184425, -1.018027, -0.617706
0.966253, -0.962986, -1.001838
-0.512369, -0.984681, -0.315664
-0.406458, -0.955585, -0.333709
0.299479, -1.044190, -0.862417
-0.160247, -1.012012, -0.460610
-0.219198, -0.990984, -0.391413
-0.208388, -0.982829, -0.330630
-0.948717, -0.260997, -0.529049
-1.079348, -0.282172, -1.084030
-1.078522, -0.216863, -1.073164
-1.033903, -0.152496, -0.908967
-0.821045, -0.279299, -0.416451
-0.866101, -0.207822, -0.386100
-0.735575, -0.148217, -0.445033
-0.804983, -0.183169, -0.387611
0.200633, 0.090660, -0.919623
-0.349286, 0.147585, -0.986181
0.252320, 0.265954, -0.925355
-0.299251, 0.192716, -0.996899
0.555114, 0.177779, -0.900211
-0.151612, 0.155644, -1.009032
0.171685, 0.199367, -0.932877
-0.115453, 0.214923, -0.987029
2.479274, 0.900660, -0.275056
2.332769, 0.812058, -0.380987
2.460459, 1.036981, -0.266471
2.439197, 1.044994, -0.437619
2.879385, 0.845342, 0.104446
2.678838, 0.793884, -0.219603
2.860848, 0.959598, -0.114447
2.642367, 1.082328, -0.779652
0.254352, -0.251529, -0.008849
0.264896, -0.291539, 0.047173
0.260794, -0.119897, -0.009037
0.298586, -0.178831, 0.035270
0.428952, -0.184594, -0.014724
0.457240, -0.206131, 0.030090
0.414840, -0.121033, -0.040704
0.338408, -0.116595, 0.023670
-0.234878, 0.627621, 0.011502
-0.318181, 0.578873, 0.010337
-0.211770, 0.664225, 0.102276
-0.333205, 0.673152, -0.022228
-0.131718, 0.612963, 0.043988
-0.129999, 0.591095, 0.006505
-0.131434, 0.667949, 0.102131
-0.122000, 0.704077, -0.041903
1.202517, -0.607160, -0.492194
1.178248, -0.668809, -0.415217
1.093863, -0.599765, -0.409399
1.087765, -0.540148, -0.391119
1.478261, -0.643721, -0.508678
1.197627, -0.691730, -0.377902
1.501774, -0.590024, -0.486527
1.322201, -0.569230, -0.400270
1.632578, -0.239927, -1.039167
1.543276, -0.246031, -0.999351
1.542237, -0.195399, -1.008654
1.541690, -0.152697, -0.953065
1.871173, -0.217209, -1.020481
1.696464, -0.243097, -0.983146
1.937166, -0.122239, -1.026175
1.805250, -0.155115, -0.977939
-0.073176, 0.938469, -0.518313
-0.085021, 1.008370, -0.408204
1.511835, 1.024318, -1.066844
0.705819, 1.040886, -0.882808
0.025999, 0.970398, -0.471063
0.031234, 0.976389, -0.439665
1.341053, 1.011385, -1.027995
1.863230, 0.971234, -1.075726
-0.851584, -1.007389, -0.986579
-0.789118, -0.916140, -1.004227
-0.936657, -0.982471, -1.040603
-0.967230, -0.990378, -1.032488
-0.794461, -1.018583, -0.788877
-0.334403, -1.057663, -1.065374
-0.882112, -0.991139, -0.322399
-0.971524, -0.969543, -0.273510
0.016111, 0.609341, 0.015081
0.023385, 0.614564, 0.072414
0.003852, 0.681751, 0.004339
-0.019722, 0.676131, 0.042071
0.190295, 0.645123, -0.004497
0.070198, 0.613589, 0.068470
0.123174, 0.702369, 0.011136
0.077486, 0.664072, 0.058667
1.566470, -0.693603, -0.385376
1.518922, -0.696343, -0.355077
1.540326, -0.582481, -0.375300
1.318750, -0.561111, -0.305032
1.853223, -0.670243, -0.410518
1.536832, -0.627483, -0.338277
1.609007, -0.545849, -0.398305
1.648943, -0.579758, -0.369509
2.006345, -0.273191, -0.831558
1.929334, -0.239106, -0.851574
2.014243, -0.129898, -0.955698
2.052156, -0.107481, -0.865623
2.239433, -0.315293, -0.975782
2.311832, -0.334058, -0.908469
2.301075, -0.188828, -0.983534
2.118814, -0.169391, -0.859453
0.158330, 1.010491, -0.405552
0.209971, 0.993797, -0.356965
0.765128, 1.032875, -0.829521
1.243536, 1.020184, -1.038473
0.321517, 0.982358, -0.415833
0.310436, 1.002568, -0.366656
1.078867, 1.030518, -0.911567
0.950489, 1.035905, -0.876456
0.565949, -0.211560, -0.056568
0.534580, -0.186879, -0.006529
0.586597, -0.171990, -0.068048
0.588707, -0.167429, 0.006967
0.717499, -0.190439, -0.060034
0.793678, -0.197141, -0.026492
0.632255, -0.155843, -0.053967
0.631098, -0.165738, -0.013428
0.034030, 0.612874, 0.081141
-0.032203, 0.630366, -0.022260
0.064982, 0.719533, 0.074860
0.018896, 0.659525, -0.024582
0.197916, 0.580563, 0.041394
0.120607, 0.647372, 0.004773
0.200480, 0.670201, 0.104674
0.127894, 0.689881, -0.026949
1.657525, -0.612492, -0.495642
1.515974, -0.649131, -0.412520
1.743223, -0.516040, -0.497575
1.544350, -0.583000, -0.457769
2.037682, -0.690718, -0.466942
1.851490, -0.640425, -0.464004
2.004982, -0.533262, -0.498047
1.835079, -0.568899, -0.446278
2.392171, -0.220767, -1.018625
2.104470, -0.199301, -1.009364
2.398482, -0.204439, -0.962282
2.061728, -0.103814, -1.014828
2.531825, -0.336318, -0.944714
2.537227, -0.378265, -1.018280
2.477401, -0.195620, -0.967254
2.560656, -0.311532, -1.000503
0.262096, 0.986189, -0.503283
0.184617, 0.976446, -0.458338
0.274361, 1.007817, -0.595449
0.676020, 1.027971, -0.798393
0.432651, 0.942381, -0.516761
0.322564, 0.925774, -0.465934
2.800000, 0.940321, -0.858710
0.522816, 1.008210, -0.626480
-1.043079, -0.190358, -0.742005
-1.008626, -0.249695, -0.304916
-0.977078, -0.087808, -0.135599
-1.008602, -0.089855, -0.271042
-0.984169, -0.254039, -0.095384
-1.040696, -0.223309, -0.050027
-1.015384, -0.162153, -0.099734
-0.992140, -0.113057, -0.028347
-1.019708, -0.890025, -0.441079
-0.962961, -0.945753, -0.142223
-1.049479, -0.833405, -0.734580
-1.052145, -0.868094, -0.738623
-0.929985, -0.943287, -0.212106
-0.961559, -0.897861, -0.174284
-0.975140, -0.736148, -0.197029
-0.982054, -0.674661, -0.112818
1.595612, -0.439754, -0.421187
1.388881, -0.473984, -0.345056
1.445349, -0.362805, -0.385390
1.497779, -0.365609, -0.341629
1.803128, -0.419213, -0.438706
1.751563, -0.438117, -0.387608
1.771845, -0.329295, -0.433062
1.657409, -0.418024, -0.375641
-0.002224, 0.721351, 0.023012
0.040063, 0.922579, 0.036254
0.155410, 1.041213, -0.106624
0.190390, 1.063770, -0.029640
0.110226, 0.928787, -0.008384
0.160912, 1.004091, 0.056335
0.235560, 1.048834, -0.084729
0.192844, 1.041120, 0.009616
-1.075903, -0.730236, -0.960100
-1.068608, -0.696224, -0.774335
-1.012266, -0.578639, -0.100043
-1.069261, -0.654032, -0.736926
-0.972765, -0.615887, 0.192860
-0.973922, -0.676416, 0.181892
-0.962521, -0.553113, 0.184460
-0.965818, -0.564703, 0.165962
-0.620336, -0.848544, 0.036538
-0.486067, -0.947223, -0.004565
-0.609749, -0.698423, 0.154696
-0.537792, -0.760589, -0.013361
-0.321929, -1.012298, 0.102981
-0.374171, -0.976496, 0.011075
-0.311501, -0.888006, 0.026350
-0.372574, -0.727270, -0.012102
2.460398, 0.455782, -0.450140
2.742424, 0.554558, -0.319100
2.762534, 0.492260, -0.450718
1.555063, -0.787347, 0.772511
2.228204, -0.299323, 0.462307
2.591575, 0.556270, 0.118571
2.305155, 0.944451, 1.000000
2.294153, 0.354640, 1.003211
-1.052446, -0.742551, -0.703594
-1.063895, -0.708743, -0.808954
-1.034164, -0.623049, -0.537885
-1.020190, -0.565278, -0.157306
-0.997315, -0.622400, -0.027233
-0.974185, -0.664556, 0.099681
-0.973306, -0.606999, -0.058630
-1.002917, -0.511741, 0.112929
0.210492, 0.777533, -0.659268
0.252203, 0.744173, -0.617956
0.280131, 0.824084, -0.661112
0.302639, 0.832840, -0.594382
0.437421, 0.679657, -0.679157
0.363482, 0.772061, -0.613364
0.393466, 0.813175, -0.668706
0.462468, 0.810108, -0.644512
2.592655, -0.482432, -0.854889
2.321954, -0.396239, -0.944599
2.837543, -0.270445, -0.477759
1.947208, -0.237015, -0.904746
2.564457, -0.476530, -0.008376
2.361545, -0.438465, -0.918335
2.795963, -0.251639, -0.447461
2.411057, -0.409991, -0.872822
0.202047, -0.025918, 0.025215
0.284349, -0.099903, 0.057974
0.205152, 0.040105, -0.002097
0.219209, 0.111219, 0.048971
0.424492, -0.081258, -0.049519
0.396974, -0.084280, 0.005102
0.376583, 0.080935, 0.004531
0.313419, 0.083865, 0.034968
-0.958513, -0.947425, -0.312286
-0.976360, -0.888974, -1.052185
-1.041512, -0.757517, -0.872569
-1.046243, -0.709165, -0.872777
-0.858369, -0.870715, -0.299927
-0.880823, -0.924455, -0.248159
-0.920015, -0.731432, -0.304713
-0.973537, -0.764069, -0.253036
-0.500907, -1.027429, 0.103390
-0.501979, -1.006076, 0.117636
-0.592267, -0.750143, 0.195292
-0.592347, -0.822621, 0.182393
-0.332046, -0.992994, 0.141629
-0.389673, -0.951709, 0.147324
-0.456928, -0.938213, 0.102643
-0.445060, -0.792611, 0.172955
2.257832, 0.531948, 0.991878
2.328754, 0.298891, -0.193180
1.230024, -0.638837, 1.060932
2.132422, -0.988720, 0.591036
1.860516, -0.594245, 1.097571
1.681929, -0.192445, 1.000000
1.836939, 0.163915, 1.064810
1.470790, -0.312615, 1.000000
2.859263, 0.571008, -0.352914
1.622744, 0.491559, -0.917899
2.740467, 0.681370, -0.368654
1.876540, 0.780311, -0.873568
2.769261, 0.665702, -0.458454
1.929318, 0.545607, -0.891460
2.628766, 0.797852, -0.308821
1.832737, 0.802220, -0.915704
-0.210277, 0.203257, 0.127069
-0.253809, 0.179558, 0.144151
-0.301980, 0.252042, 0.110984
-0.240135, 0.295222, 0.151785
-0.083463, 0.118230, 0.057856
-0.122781, 0.130979, 0.140022
-0.059891, 0.242768, 0.092891
-0.199576, 0.313354, 0.141622
2.596657, -0.716675, -0.394700
2.800000, -0.894285, -0.544855
1.300602, -0.984003, -0.567188
1.234029, -0.993824, -0.517425
2.431434, -0.613182, -0.306514
2.600763, -0.699776, -0.195381
1.652438, -0.985739, -0.546148
1.454044, -1.005539, -0.536488
2.654061, 0.895469, 0.284974
2.810713, 0.822165, 0.721329
2.353880, 0.519212, 0.954758
1.714582, -1.000000, -0.797253
2.478906, 0.436485, 1.000000
2.749397, 0.897880, 0.473903
2.379582, 0.596458, 1.082319
2.598289, 0.772435, 1.070110
0.106010, 0.762085, -0.993302
-0.320038, 0.754785, -0.987618
0.149503, 0.735993, -0.949445
-0.220524, 0.757018, -1.024376
0.202772, 0.694791, -0.962407
-0.087546, 0.760940, -1.039399
0.085473, 0.750644, -0.927008
-0.072982, 0.762220, -1.038245
2.619096, -0.765294, -1.041741
2.528401, -0.719683, -0.823214
2.487643, -0.591235, -1.065267
2.387419, -0.637869, -0.927401
2.622298, -0.788158, -0.916776
2.651069, -0.813642, -0.689863
2.654752, -0.514046, -0.591002
2.672541, -0.553935, -0.582750
0.550756, 0.603780, -0.467981
0.515506, 0.551452, -0.397796
0.540004, 0.626640, -0.463251
0.489428, 0.646518, -0.401303
0.615057, 0.593209, -0.487580
0.681505, 0.545151, -0.434193
0.764647, 0.697339, -0.477050
0.719680, 0.699501, -0.449310
-0.267260, 0.920193, -0.747500
-0.355287, 0.882306, -0.634334
1.512887, 0.928915, -0.962349
-0.004493, 1.002090, -0.812659
-0.182700, 0.883125, -0.778574
-0.146038, 0.953412, -0.666237
-0.040622, 0.973301, -0.833392
0.663851, 1.006021, -0.911192
0.332744, 0.124374, -0.685535
0.177031, 0.173528, -0.612140
0.241778, 0.295415, -0.700554
0.279019, 0.215269, -0.649488
0.476843, 0.159749, -0.734998
0.376107, 0.103165, -0.637929
0.364420, 0.295791, -0.715242
0.403010, 0.277217, -0.665758
2.800000, -0.557780, 1.000000
2.800000, -0.437285, 0.640729
2.342532, -0.659133, -0.587015
2.150667, -0.623172, -0.798529
2.728650, -0.701629, 1.000000
2.801373, -0.212823, 0.116984
2.716702, -0.506049, -0.011604
2.399525, -0.650362, -0.895395
-1.081156, -0.576481, -1.029704
-1.048766, -0.702548, -0.720358
-1.034661, -0.635591, -0.695381
-1.046483, -0.660732, -0.653146
-0.879175, -0.622952, -0.219381
-0.955958, -0.667470, -0.123863
-0.960511, -0.613575, -0.187740
-0.995608, -0.576992, -0.105376
0.614621, -1.033363, -0.166540
0.616708, -1.026214, -0.157503
0.537366, -0.821684, -0.090695
0.594279, -0.908867, -0.032877
0.681901, -1.013430, -0.247930
0.662795, -1.052745, -0.066591
0.608343, -0.801037, -0.106038
0.645386, -0.848481, -0.070917
-0.896903, -0.952282, -0.720044
-0.722151, -1.004540, -0.916714
-0.918647, -1.023916, -0.759064
-0.832761, -0.999060, -0.694773
-0.204266, -1.030719, -0.904968
-0.279135, -1.025543, -0.971375
-0.800782, -1.027491, -0.769432
-0.752506, -1.012192, -0.786691
0.238794, -0.983034, -0.460988
0.244561, -0.891848, -0.394462
0.144737, -0.830115, -0.446136
0.206341, -0.724144, -0.369778
0.354507, -0.970771, -0.460812
0.303364, -0.926492, -0.391574
0.404039, -0.800477, -0.470526
0.315393, -0.813423, -0.424043
-0.984437, 0.387558, 0.145589
-1.084232, 0.435457, -0.953046
-1.062533, 0.572976, -0.564992
-1.066725, 0.547183, -0.540867
-1.004248, 0.369713, 0.180043
-0.997533, 0.432113, 0.166200
-1.005357, 0.526093, 0.242910
-0.981318, 0.576010, 0.147570
0.700055, 0.128420, -0.095544
0.541745, 0.164140, 0.063385
0.607765, 0.267253, -0.049053
0.560274, 0.238837, 0.066793
0.815739, 0.137422, -0.104889
0.732852, 0.166871, 0.019122
0.729281, 0.216900, -0.057881
0.742465, 0.230384, -0.001447
2.262691, 0.381943, -0.771241
2.381450, 0.026313, 0.150817
2.800000, -0.854428, 0.016845
2.680911, -0.932747, -0.218832
2.848529, -0.992697, 1.009707
2.492162, -0.744085, 1.036159
2.804960, -0.914480, -0.215557
2.882222, -0.972021, -0.132273
-0.948651, -0.975395, -0.815467
-0.302197, -0.974266, -0.934492
-0.936462, -0.818248, -0.771242
-0.918071, -1.010189, -0.731769
-0.659438, -0.995873, -0.701777
-0.104666, -1.030719, -0.924744
-0.786791, -1.016100, -0.719448
-0.762726, -1.012097, -0.748055
0.356553, 0.847522, -0.752085
0.044777, 0.784011, -0.937777
1.231512, 0.695401, -0.832847
0.582415, 0.908085, -0.843773
0.518591, 0.808423, -0.742825
0.246155, 0.741526, -0.899993
0.580652, 0.789750, -0.802142
2.673440, 0.542621, -0.929295
2.483890, 0.771386, -0.987889
2.193594, 0.771906, -0.953685
2.800000, 0.469068, -1.000000
2.112098, 0.698091, -0.945023
2.800000, 0.318895, -1.000000
2.307709, 0.737383, -0.923503
2.260198, 0.554874, -0.951237
2.366940, 0.539975, -0.977839
-0.928219, -0.977094, -1.000000
-0.913410, -0.970994, -1.000000
-0.967420, -0.992564, -1.000000
-0.992910, -1.000424, -1.099874
-0.973200, -0.906383, -0.023311
-0.976258, -0.928163, -0.393347
-0.949759, -0.906100, 0.022757
-0.974901, -0.926975, -0.065196
1.907997, -0.655818, -0.934746
2.010434, -0.596872, -0.771367
1.897838, -0.529275, -0.845892
1.870429, -0.474438, -0.792424
2.323393, -0.628863, -0.921071
2.276654, -0.777471, -0.800470
2.281477, -0.552767, -0.848371
2.150789, -0.558688, -0.755761
0.205104, 0.533760, -0.456314
0.186643, 0.551183, -0.374307
0.100190, 0.616272, -0.404356
0.235572, 0.635619, -0.405788
0.279842, 0.556562, -0.461346
0.272418, 0.584391, -0.374103
0.268317, 0.610841, -0.428502
0.392253, 0.651601, -0.388296
-0.663993, 0.982413, -0.675947
-0.646874, 1.007920, -0.653558
-0.645596, 1.017573, -0.709212
-0.331333, 1.032304, -0.766949
-0.609229, 0.959396, -0.690606
-0.574757, 0.952086, -0.650211
0.723130, 1.033558, -1.089702
0.144825, 1.038103, -0.989440
-1.012390, -0.527131, -0.452760
-1.004033, -0.546090, -0.134461
-0.993011, -0.441815, -0.247384
-0.997300, -0.448510, -0.250286
-0.853494, -0.475464, -0.207260
-0.862558, -0.458342, -0.157303
-0.877403, -0.364872, -0.192789
-0.861722, -0.361117, -0.165911
0.122619, 0.754563, -1.024953
-0.289294, 0.710546, -1.032417
0.000264, 0.737879, -1.007360
-0.519403, 0.734991, -0.960026
0.187257, 0.746865, -1.035838
-0.415716, 0.733578, -1.022620
-0.099445, 0.752466, -0.910954
-0.430092, 0.743283, -0.993198
-0.250038, -0.264329, 0.048152
-0.282305, -0.258877, 0.083437
-0.306837, -0.156165, 0.031014
-0.375537, -0.097947, 0.077593
-0.195351, -0.280776, 0.044525
-0.193004, -0.270817, 0.074162
-0.096331, -0.159529, 0.026571
-0.141405, -0.152481, 0.053978
-0.999293, 0.625761, 0.050536
-0.926152, 0.627643, 0.010959
-0.892770, 0.696415, 0.056342
-0.922903, 0.694514, 0.002478
-0.719721, 0.632228, 0.056698
-0.766295, 0.637527, 0.009875
-0.784354, 0.742708, 0.068555
-0.841267, 0.725833, 0.044534
0.376935, -0.705657, -0.305142
0.477774, -0.615989, -0.249467
0.422578, -0.538610, -0.375334
0.437449, -0.531974, -0.256370
0.561828, -0.666914, -0.375807
0.527737, -0.652750, -0.287250
0.687115, -0.585486, -0.359825
0.527958, -0.589061, -0.255744
0.686260, -0.184629, -1.031314
0.645926, -0.237565, -0.918449
0.741412, -0.107795, -1.033172
0.744979, -0.176018, -1.000690
1.129710, -0.247729, -1.043973
0.813382, -0.283876, -1.002697
0.879036, -0.148943, -1.019842
0.900056, -0.180984, -0.957212
-0.711774, 0.999925, -0.460280
-0.735598, 1.007307, -0.393689
0.318683, 0.988847, -1.080982
-0.462904, 1.043304, -0.688708
-0.561458, 0.994151, -0.430725
-0.682662, 1.001810, -0.386248
0.131783, 1.052867, -0.923732
-0.496833, 1.025624, -0.585110
-0.608340, -0.877924, -0.636134
-0.777787, -0.894522, -0.673192
-0.771936, -0.913755, -0.644463
-0.783846, -0.805323, -0.723633
-0.653241, -0.891968, -0.640376
-0.184702, -0.842338, -0.888185
-0.724167, -0.841465, -0.712065
-0.720254, -0.843490, -0.718812
0.310955, 0.752269, -0.831866
0.396594, 0.681915, -0.945978
1.761836, 0.702835, -0.745164
2.800000, 0.362373, -0.963480
0.807252, 0.654970, -0.871359
0.503842, 0.643951, -0.966767
1.565966, 0.652242, -0.787542
2.869427, 0.494228, -0.741629
2.540294, -0.026514, -0.454003
2.532359, -0.023524, -0.392953
2.579096, 0.090202, -0.373306
2.523058, 0.062041, -0.393985
2.886772, -0.296271, 0.838277
2.800000, -0.190955, 0.291744
2.848771, -0.405488, 0.908915
2.819466, 0.058448, 0.016128
1.840181, -0.277759, -0.829927
1.931122, -0.254225, -0.791829
1.987876, -0.112132, -0.852347
1.951858, -0.150896, -0.773857
2.271948, -0.300253, -0.840905
2.194941, -0.294621, -0.770372
2.215508, -0.156260, -0.832388
2.034073, -0.170954, -0.742644
0.059502, 0.989779, -0.263568
0.169047, 0.980015, -0.252308
1.257309, 1.029804, -1.056360
0.295847, 1.013610, -0.411354
0.348308, 0.996171, -0.309939
0.315436, 0.998647, -0.261087
0.779031, 1.032866, -0.710821
0.704893, 1.026715, -0.641856
1.921859, -0.714016, -0.405737
1.953322, -0.692395, -0.399241
1.991912, -0.582546, -0.413009
1.931310, -0.601375, -0.396198
2.078865, -0.672547, -0.390519
2.182288, -0.674930, -0.378319
2.358322, -0.620922, -0.416283
2.083899, -0.628027, -0.384268
0.247670, 0.628209, -0.008874
0.323380, 0.635264, 0.059374
0.231401, 0.672736, -0.000333
0.261769, 0.667002, 0.034203
0.413524, 0.629153, -0.021696
0.444615, 0.619539, 0.028018
0.462501, 0.678018, -0.041475
0.390325, 0.698445, -0.010473
-0.186131, -1.034367, -0.677078
-0.007248, -1.034568, -0.664791
-0.462975, -0.995825, -0.119959
-0.456316, -1.022987, -0.108832
0.605548, -1.060580, -0.982324
0.319835, -1.053560, -0.842722
-0.223969, -0.984567, -0.218287
-0.355910, -0.999317, -0.113635
-1.046414, -0.215118, -0.945062
-0.984040, -0.244604, -0.414031
-1.021315, -0.158876, -0.847776
-1.008711, -0.135244, -0.666383
-0.926593, -0.245205, -0.320054
-0.858580, -0.306576, -0.285188
-0.968022, -0.034893, -0.322544
-0.960369, -0.145904, -0.292491
0.242207, 0.305519, -0.924287
-0.314611, 0.358299, -0.956531
-0.232549, 0.434500, -0.941218
-0.267905, 0.411379, -0.972395
0.098244, 0.339484, -0.937355
-0.123581, 0.343412, -0.982720
0.358856, 0.403105, -0.924447
-0.094629, 0.382388, -0.988210
2.655984, 0.980734, -0.238993
2.554410, 1.016456, -0.346345
2.436143, 0.704301, -0.577544
2.458260, 0.969749, -0.731324
2.881540, 0.990120, -0.069819
2.800000, 0.993055, -0.227887
2.334706, 0.533642, 0.257692
2.090764, -0.595760, -1.087740
2.080921, 0.789217, -0.851161
1.883452, 0.810908, -0.773601
1.978576, 0.800658, -0.788143
2.133350, 0.812627, -0.817002
2.285893, 0.778443, -0.850763
2.325370, 0.821002, -0.766343
2.344227, 0.758705, -0.795369
2.364151, 0.799515, -0.698504
-1.000000, -0.993602, -1.000000
-0.965737, -0.906315, 0.016748
-0.986410, -1.001189, -1.093328
-1.035094, -0.980637, -1.096218
-0.979871, -0.942857, -0.105266
-0.915423, -0.933151, -0.539894
-0.976572, -0.929983, -0.045319
-0.918360, -0.978963, 0.008640
-0.522857, 0.770157, -0.952201
-0.540128, 0.936295, -0.801371
0.319937, 1.006705, -0.996599
0.233616, 1.021682, -1.023922
-0.438566, 0.907689, -0.881443
-0.566566, 0.991422, -0.763671
1.303866, 0.938257, -0.993448
-0.172430, 0.975796, -0.935630
2.501689, 0.609755, -0.789876
2.139719, 0.609247, -0.949749
2.653812, 0.754163, 0.295683
2.100153, 0.716879, -0.860530
2.811490, 0.530617, -0.243785
2.250520, 0.583614, -0.979133
2.600109, 0.810874, -0.481788
2.296445, 0.755547, -0.877520
2.490630, -0.606186, -1.014782
2.548515, -0.859414, -1.064525
1.359001, -0.956125, -0.395941
1.368503, -0.993465, -0.632221
2.401779, -0.967252, -1.000740
2.824900, -0.828824, -1.058689
1.516497, -0.987072, -0.689130
1.770727, -1.035812, -0.854190
-0.726060, -0.753482, -0.864887
-0.798903, -0.828390, -0.814234
-0.704569, -0.717042, -0.903294
-0.867717, -0.755267, -0.854222
-0.695663, -0.834028, -0.806930
-0.742438, -0.890677, -0.805485
-0.658798, -0.717865, -0.934620
-0.664965, -0.736965, -0.913122
2.008191, 0.358326, -0.878773
0.714303, 0.314833, -1.006757
1.837209, 0.442542, -0.910719
0.700553, 0.377424, -0.972037
1.694111, 0.332878, -0.921055
0.827440, 0.387440, -0.955334
2.294315, 0.425757, -0.793144
0.852317, 0.399403, -0.965079
2.666110, 0.869705, -0.414287
2.674069, 0.790357, -0.124260
2.666275, 0.910942, -0.315062
2.768792, 1.003347, -0.121988
2.849721, 0.650206, 1.093409
2.738799, 0.705870, 0.407884
2.871406, 0.776005, 0.919195
2.741346, 0.901387, 0.382974
2.555472, -0.083085, 0.773139
2.715277, 0.256122, 0.181399
1.880241, -0.755721, 0.816036
2.754072, 0.468012, 0.612417
0.718177, -1.002964, 1.088095
2.432683, 0.559652, 0.801265
1.917919, 1.000000, 1.000000
2.257606, 0.456710, 1.022507
0.631643, -0.199007, -0.731500
0.554576, -0.245453, -0.690328
0.551211, -0.116781, -0.710947
0.623735, -0.172626, -0.691488
0.749820, -0.259737, -0.713916
0.758077, -0.290390, -0.677461
0.843851, -0.097638, -0.745513
0.818862, -0.118013, -0.710393
-0.724179, 0.977280, -0.171743
-0.887254, 0.986638, -0.070779
-0.708366, 1.018041, -0.553589
-0.470154, 1.040445, -0.733318
-0.674167, 0.979955, -0.171325
-0.702425, 0.989206, -0.035021
-0.081855, 1.062988, -0.838664
-0.377158, 1.026129, -0.599865
-0.124618, 0.457572, -0.946329
-0.256816, 0.522555, -0.965248
0.375837, 0.601597, -0.926362
-0.193117, 0.776236, -0.986753
-0.011578, 0.442742, -0.943682
-0.121762, 0.455826, -0.996426
0.410207, 0.600965, -0.946261
-0.112837, 0.638472, -0.975924
2.315625, 0.808705, -0.873429
1.640678, 0.716830, -1.046862
2.486388, 0.599804, -0.561851
1.876232, 0.769527, -0.971439
2.822110, 0.549516, -0.578688
1.846854, 0.802661, -0.956745
2.863163, 0.459778, -0.400467
1.826608, 0.749654, -0.879224
0.608648, 0.126137, -0.736863
0.552201, 0.156874, -0.688482
0.688456, 0.243354, -0.720360
0.671760, 0.247906, -0.678277
0.818364, 0.096884, -0.753320
0.784887, 0.164759, -0.688606
0.851065, 0.290252, -0.752165
0.797256, 0.217169, -0.715944
2.725273, -0.326037, 0.668452
2.632282, -0.151045, 0.073681
2.789703, -0.678259, 0.106050
2.573700, -0.510466, -0.843411
2.017840, -0.493111, 1.079687
2.829756, -0.693639, 0.225735
2.670778, -0.699330, -0.316506
2.582188, -0.649446, -0.818848
0.515755, -1.080763, -1.086611
-0.151590, -1.055012, -0.616330
-0.558745, -1.004595, -0.099545
-0.547842, -0.993467, -0.065264
0.375370, -1.060163, -0.857737
-0.025897, -1.039629, -0.579273
-0.447180, -0.994258, -0.114768
-0.344437, -0.987683, -0.095118
-0.988821, -0.309677, -0.405485
-1.009565, -0.256321, -0.776744
-0.987434, -0.079263, -0.379618
-0.997041, -0.131120, -0.514353
-0.968249, -0.309036, -0.221683
-0.935669, -0.331719, -0.113712
-0.954460, -0.187802, -0.214750
-0.839088, -0.200127, -0.149853
0.458698, -0.525220, -0.057283
0.642848, -0.549119, -0.021118
0.498276, -0.262684, -0.033001
0.558411, -0.317822, -0.002937
0.722559, -0.462257, -0.067921
0.682428, -0.582506, -0.035181
0.694512, -0.339261, -0.050717
0.746582, -0.346005, -0.030062
0.060783, 0.140037, 0.104923
-0.048559, 0.132867, 0.129285
0.061647, 0.297472, 0.012788
0.015954, 0.241166, 0.124114
0.173604, 0.124960, -0.065099
0.143689, 0.200364, 0.123548
0.196155, 0.279043, -0.045136
0.230186, 0.270563, 0.106751
2.857063, 0.378502, -0.660328
2.746615, -0.819810, -0.534454
1.748835, -0.995588, -0.553296
1.743221, -0.995300, -0.555197
2.860485, 0.392713, -0.527614
2.820013, -0.970778, -0.607453
2.004544, -0.972261, -0.463019
2.075094, -0.960046, -0.439591
-0.438090, 0.738996, -0.905130
-0.493925, 0.733241, -0.922126
0.067814, 0.842158, -0.881409
0.279459, 0.819046, -0.932273
-0.417691, 0.882521, -0.794506
-0.496161, 0.749005, -0.940069
0.223779, 0.886992, -0.757274
0.110875, 0.914051, -0.864590
2.112856, -0.660565, -0.748006
2.062963, -0.693451, -0.721190
1.876484, -0.492864, -0.773299
2.057997, -0.454626, -0.719680
2.158073, -0.669024, -0.740079
2.310100, -0.791992, -0.763903
2.169823, -0.454816, -0.769251
2.130696, -0.581221, -0.694038
0.088791, 0.589249, -0.236250
0.049447, 0.621241, -0.191714
0.179956, 0.694365, -0.305433
0.053823, 0.674892, -0.194258
0.282511, 0.561691, -0.318867
0.236950, 0.582056, -0.236729
0.318716, 0.701507, -0.337137
0.326145, 0.644174, -0.242508
2.304220, -0.997613, -0.908721
1.551886, -0.994366, -0.662849
1.421554, -0.984475, -0.187622
1.373299, -0.968997, -0.198776
2.437803, -0.513737, -0.722987
1.537785, -0.957796, -0.372383
1.503730, -0.980333, -0.231239
1.410755, -1.005029, -0.271317
2.486355, 0.671688, -0.895044
2.383698, 0.808408, -0.754004
2.708701, 0.647750, -0.626954
2.604008, 0.701759, -0.702715
2.548334, 0.677531, -0.792215
2.561770, 0.605706, -0.836580
2.654474, 0.590778, -0.686605
2.650647, 0.773644, -0.602678
-0.835282, -0.954906, -0.074303
-0.830960, -0.950906, -0.282789
-0.936986, -0.978961, -0.028414
-0.838599, -0.997594, -0.018557
-0.506606, -1.008641, -0.824154
-0.688421, -0.933240, -0.091287
-0.788992, -1.004746, -0.078364
-0.749003, -0.957977, -0.020889
-1.044652, -0.597270, -0.859430
-1.041425, -0.551973, -0.735247
-1.026762, -0.514065, -0.616783
-1.041048, -0.361820, -0.381058
-0.969680, -0.508766, -0.048164
-0.997022, -0.471002, 0.108225
-0.984144, -0.436866, -0.033496
-1.010393, -0.382033, 0.104603
1.086195, 0.192120, -0.778875
1.064767, 0.116221, -0.720927
0.966198, 0.249198, -0.750209
0.985892, 0.257069, -0.724055
1.172403, 0.155132, -0.793104
1.104272, 0.102016, -0.719081
1.247101, 0.289072, -0.807352
1.140301, 0.261384, -0.730914
1.269718, -0.726209, 1.003547
0.749519, -0.931095, 1.000000
2.467109, -0.243964, 0.916610
2.663450, -0.659253, -0.309401
1.525275, -0.435456, 1.079426
1.204574, -0.893612, 1.040039
0.435420, 0.480307, 1.000000
1.867668, -0.721615, 1.016654
-1.001846, -0.301191, -0.044276
-1.049199, -0.220671, -1.055886
-0.999318, -0.179069, 0.071540
-1.024220, -0.119006, -0.429431
-0.877411, -0.227193, -0.058962
-1.014869, -0.283944, 0.118153
-0.902764, -0.195796, -0.009778
-1.019306, -0.169013, 0.123259
2.227636, -0.014587, -0.343039
2.052202, -0.061285, -0.373738
2.337841, 0.076398, -0.374100
1.757524, 0.033455, -0.425203
2.405482, -0.069705, -0.610644
2.125674, -0.010429, -0.663367
2.252656, 0.037598, -0.616825
2.008276, 0.022489, -0.540364
-0.611094, 0.156764, -0.881480
-0.749460, 0.059895, -0.988275
-0.588419, 0.246976, -0.926613
-0.768367, 0.262160, -0.901808
-0.430259, 0.141285, -0.898687
-0.558692, 0.137025, -0.950981
-0.568978, 0.186290, -0.753464
-0.571462, 0.167427, -1.012844
1.300075, 0.166343, -0.525843
1.237418, 0.194882, -0.456923
1.295817, 0.242330, -0.512349
1.184664, 0.253414, -0.431558
1.369017, 0.109356, -0.540833
1.319860, 0.171131, -0.431222
1.476387, 0.215572, -0.491344
1.370614, 0.240728, -0.440023
2.868588, -0.225978, -1.016495
2.492106, -0.375603, -0.905935
2.541793, -0.174432, -1.053527
2.365040, -0.152446, -0.843420
2.615504, -0.218243, -1.014788
2.662761, -0.252841, -0.816657
2.877280, 0.061669, -0.992919
2.514774, -0.216224, -0.926120
0.498481, 0.939660, -0.437741
0.433232, 0.965085, -0.368782
2.808669, 0.934854, -0.994412
2.799158, 0.796588, -0.843678
0.893757, 1.010686, -0.536925
0.769001, 0.986764, -0.466241
2.842953, 0.598580, -0.761451
2.867583, 0.469231, -0.727011
2.720853, 0.193722, -0.751910
1.837013, 0.123226, -0.949739
2.713958, 0.142050, -0.513775
1.672988, 0.179150, -0.941401
2.774483, 0.151565, 0.199645
1.999398, 0.058603, -1.014629
2.721513, 0.192417, -0.676412
1.957214, 0.096704, -1.010189
0.311905, 0.137842, 0.110190
0.228644, 0.145244, -0.016391
0.241338, 0.303161, 0.118163
0.258125, 0.221232, -0.020920
0.499692, 0.162587, 0.079473
0.359914, 0.164567, -0.027452
0.354540, 0.264412, 0.006127
0.365844, 0.279537, -0.030342
2.345505, -0.193863, -0.253274
2.685672, -0.909088, -0.738790
2.205308, -1.004387, -0.481950
2.161287, -0.995513, -0.482251
2.408656, 0.450457, -1.060091
2.737396, -0.943018, -0.574400
2.484148, -1.021745, -0.495823
2.574130, -0.944589, -0.552165
-0.955632, 0.169692, 0.123349
-0.879404, 0.183050, 0.204643
-1.010678, 0.304333, 0.142789
-0.859517, 0.301627, 0.199261
-0.670519, 0.235714, 0.215917
-0.648245, 0.242570, 0.206240
-0.804210, 0.270292, 0.204932
-0.726948, 0.360818, 0.218594
2.440951, -0.882874, -0.871286
1.186508, -1.031131, -0.822175
0.573436, -0.993828, -0.455845
0.467747, -1.006947, -0.444205
2.800000, -0.946240, -0.921144
2.054767, -0.844881, -0.845436
0.585407, -0.996703, -0.428808
0.576278, -0.995281, -0.424007
