0.121577, 0.809048, -0.496025
-0.098679, 0.847941, -0.763336
0.227144, 0.861456, -0.502565
-0.034911, 0.910393, -0.764503
-0.341669, 0.839580, -0.782221
0.131201, 0.806593, -0.459971
-0.133452, 0.943388, -0.693206
-0.014225, 0.939436, -0.764106
-0.262384, 0.859285, -0.602504
0.538076, 0.811201, -0.651336
0.568235, 0.841482, -0.705074
0.396927, 0.833197, -0.564663
-0.307722, 0.843657, -0.539383
0.116715, 0.846132, -0.905743
-0.704714, 0.915056, -0.816648
-0.212385, 0.881277, -0.540818
-0.300248, 0.847871, -0.974288
-0.516557, 0.912904, -0.936119
-0.413762, 0.897539, -0.922148
-0.056739, 0.919865, -0.993551
-0.511985, 0.865139, -0.934462
-0.827213, 0.910659, -0.903656
-0.534124, 0.921160, -0.901560
-0.725909, 0.929299, -0.933241
-0.216686, 0.705980, -0.660524
-0.200158, 0.691504, -0.627157
0.312807, 0.743303, -0.527398
-0.174812, 0.763805, -0.708940
-0.421362, 0.754458, -0.759391
-0.021878, 0.745196, -0.822189
-0.211515, 0.790167, -0.727063
-0.214647, 0.834624, -0.707454
-0.012122, 0.812991, -0.612769
0.019913, 0.797603, -0.626925
-0.868801, 0.866000, 0.024421
-0.878278, 0.865591, -0.011578
-0.133661, 0.827837, -0.622991
-0.005559, 0.806566, -0.529720
0.081183, 0.886746, -0.591569
-0.086919, 0.879717, -0.564638
0.277824, 0.789305, -0.747344
-0.176912, 0.821259, -0.544307
0.105636, 0.877167, -0.841241
0.604169, 0.856562, -0.793703
-0.779828, 0.842013, -0.786655
-0.758859, 0.894626, -0.805475
-0.683176, 0.902115, -0.810042
0.059666, 0.901769, -0.832755
0.704748, 0.771459, -0.823190
0.705544, 0.768286, -0.807785
0.667617, 0.824757, -0.807378
0.397108, 0.763240, -0.497668
0.656930, 0.806050, -0.880704
0.103137, 0.746555, -0.413079
-0.838859, 0.933797, -0.884668
0.463802, 0.756220, -0.529064
-0.257765, 0.670538, -0.584817
0.385389, 0.676027, -0.564321
-0.180896, 0.767438, -0.748262
-0.181362, 0.806327, -0.729354
-0.514943, 0.774385, -0.813927
-0.264242, 0.719336, -0.579383
-0.513279, 0.835639, -0.823874
-0.367229, 0.799694, -0.756301
-0.821767, 0.781310, -0.897039
-0.725213, 0.813595, -0.934158
-0.434564, 0.798377, -0.944687
-0.802321, 0.836131, -0.964493
-0.296293, 0.743898, -0.970116
-0.925929, 0.846449, -0.815277
-0.509594, 0.836093, -0.902468
-0.715073, 0.858023, -0.936784
0.099664, 0.613231, -0.822380
0.119375, 0.647588, -0.841014
-0.022569, 0.657139, -0.795481
0.127998, 0.660978, -0.791934
0.014347, 0.666487, -0.949405
0.013476, 0.602934, -0.898275
-0.262185, 0.735072, -0.874364
0.102316, 0.709783, -0.871500
0.099251, 0.815021, -0.601206
-0.826303, 0.819178, 0.011230
-0.815255, 0.899345, -0.206076
-0.762959, 0.914474, -0.059598
0.284790, 0.763725, -0.545171
0.235038, 0.809881, -0.521619
0.031419, 0.889433, -0.540817
-0.017454, 0.914879, -0.604491
-0.317946, 0.743182, 0.005689
-0.450343, 0.887105, 0.082665
-0.212637, 0.771173, -0.008528
-0.276680, 0.894281, 0.104390
0.005382, 0.861386, -0.989179
0.118443, 0.852259, -0.981094
-0.321320, 0.881813, 0.033764
0.176520, 0.879245, -0.994362
-0.038865, 0.712443, -0.649355
-0.129476, 0.669874, -0.655873
0.347803, 0.746074, -0.832617
-0.058506, 0.764197, -0.622691
0.082981, 0.644652, -0.519533
0.107794, 0.702719, -0.547768
0.074560, 0.704128, -0.512034
-0.108502, 0.741887, -0.608550
-0.602753, 0.827624, -0.246398
-0.589588, 0.868982, -0.307363
-0.549333, 0.916645, -0.322322
-0.542672, 0.879059, -0.359729
-0.813160, 0.878443, -0.073717
-0.885708, 0.827214, -0.000472
-0.838560, 0.915713, -0.183309
-0.798139, 0.939553, -0.119106
-0.808752, -0.853066, -0.399389
-0.632768, -0.865640, -0.422741
-0.813795, -0.774448, -0.383075
-0.745464, -0.829438, -0.394433
-0.285754, -0.825344, -0.380235
-0.300980, -0.836152, -0.368240
-0.158974, -0.795547, -0.320063
-0.638032, -0.812559, -0.394957
-0.127359, 0.762673, -0.448950
0.339638, 0.772708, -0.498919
-0.244588, 0.902679, -0.479583
-0.283806, 0.864945, -0.530190
-0.675382, 0.834281, -0.744413
-0.317337, 0.866453, -0.847488
-0.678982, 0.856100, -0.617749
-0.595332, 0.901747, -0.809256
0.177906, 0.714651, -0.412901
-0.014205, 0.778500, -0.403322
0.733778, 0.845742, -0.934971
0.359423, 0.775187, -0.481398
0.500188, 0.748151, -0.493871
-0.137162, 0.732425, -0.404701
0.529627, 0.781296, -0.518532
0.309478, 0.828548, -0.417599
-0.023697, 0.636102, -0.483864
-0.239237, 0.735685, -0.631333
-0.339402, 0.810571, -0.754723
-0.116369, 0.784978, -0.497480
-0.609719, 0.770773, -0.784343
-0.166216, 0.770035, -0.858532
-0.391192, 0.815145, -0.840762
-0.423609, 0.844462, -0.843308
0.523810, 0.714539, -0.980353
0.100133, 0.667584, -0.436826
0.581185, 0.777887, -0.950151
0.222022, 0.704046, -0.466543
-0.869719, 0.803476, -0.948522
-0.021745, 0.667862, -0.430713
0.513204, 0.809242, -0.999584
0.160041, 0.673596, -0.436425
-0.007567, 0.592514, -0.788998
-0.095862, 0.650590, -0.897057
-0.207331, 0.632198, -0.676437
-0.172568, 0.645054, -0.727000
-0.389908, 0.672305, -0.755956
-0.117878, 0.688159, -0.918297
-0.410100, 0.733117, -0.744584
-0.404049, 0.706924, -0.745090
-0.012745, 0.609952, -1.002632
-0.886739, 0.719160, -0.839861
0.153361, 0.682114, -0.999788
-0.851150, 0.774023, -0.906674
0.039655, 0.627933, -0.991516
-0.870614, 0.701876, -0.933569
-0.164565, 0.679733, -0.998744
-0.942608, 0.789894, -0.787094
-0.149427, 0.528888, -0.867756
-0.023792, 0.519543, -0.894388
-0.097748, 0.539028, -0.875758
-0.062445, 0.565902, -0.901154
-0.449487, 0.551068, -0.800497
-0.285518, 0.579722, -0.852052
-0.276542, 0.606497, -0.866384
-0.110105, 0.572973, -0.898683
0.225565, 0.794504, -0.559355
-1.004188, 0.804268, -0.383207
-0.634023, 0.930242, -0.064276
-0.713546, 0.902618, -0.061482
0.586301, 0.792014, -0.754260
0.003780, 0.825272, -0.555539
0.439530, 0.868579, -0.607963
0.241824, 0.900420, -0.531155
0.358662, 0.834309, -0.974104
-0.470186, 0.862888, 0.082740
0.136879, 0.901529, -0.971407
0.400967, 0.839396, -0.930432
0.265353, 0.841834, -0.996978
-0.451134, 0.919192, -0.977657
0.286662, 0.887196, -0.992861
-0.510867, 0.947255, -0.962329
0.039634, 0.676624, -0.580530
0.028091, 0.681574, -0.572846
0.020900, 0.743784, -0.561850
0.113801, 0.779868, -0.627238
0.346201, 0.706377, -0.598432
0.304993, 0.671747, -0.539698
0.374353, 0.737372, -0.568770
0.098156, 0.709652, -0.519969
-0.430347, 0.645326, -0.004356
-0.789759, 0.763489, -0.831636
-0.393910, 0.721141, -0.000078
-0.247400, 0.778881, -0.963920
-0.490711, 0.764487, 0.089674
0.242729, 0.702376, -1.000586
0.012598, 0.803084, -1.001343
-0.130090, 0.833453, -0.991760
0.331634, 0.521011, -0.605913
-0.109054, 0.564577, -0.633783
0.396331, 0.588423, -0.643087
-0.050326, 0.672512, -0.686637
0.446780, 0.597723, -0.702242
0.483126, 0.587797, -0.754420
0.442442, 0.655142, -0.666784
0.383224, 0.615316, -0.623078
-0.374802, 0.828185, -0.182980
-0.679221, 0.834529, -0.285522
-0.108701, 0.855041, -0.061366
-0.569991, 0.899358, -0.276225
-0.776633, 0.829017, -0.254892
-0.788935, 0.845181, -0.034621
-0.815132, 0.870275, -0.217678
-0.845980, 0.865874, -0.215642
3.139962, 0.704842, -0.167891
2.542256, 0.753238, -0.147886
3.192718, 0.770141, -0.190437
2.531416, 0.828492, -0.145785
2.353627, 0.711648, -0.148740
1.148960, 0.753933, 0.085697
2.283000, 0.816222, -0.150508
2.040629, 0.831078, -0.130447
-0.744975, 0.693570, -0.280607
-0.833318, 0.672426, -0.303090
-0.645688, 0.772364, -0.256368
-0.867082, 0.744697, -0.265609
-0.924719, 0.765669, 0.026680
-0.920822, 0.762363, -0.013402
-0.852425, 0.763525, -0.253549
-0.909070, 0.793028, -0.072770
-0.144600, 0.782270, -0.110150
-0.139193, 0.792311, -0.118197
0.003115, 0.843301, -0.003420
-0.200654, 0.903486, -0.196397
-0.406831, 0.786793, -0.215021
-0.582485, 0.822384, -0.292402
-0.445113, 0.890480, -0.288293
-0.290120, 0.919490, -0.245684
-0.010431, -0.850466, -0.276276
-0.050784, -0.886715, -0.287960
-0.064988, -0.805570, -0.260387
-0.075552, -0.807804, -0.249536
0.379218, -0.930095, -0.320690
0.155087, -0.915079, -0.258732
0.162374, -0.855163, -0.232729
0.099983, -0.871625, -0.230009
-0.682182, -0.763871, -0.424902
-0.824840, -0.718609, -0.359371
-0.635847, -0.695811, -0.394676
-0.861938, -0.657293, -0.375180
-0.568295, -0.759614, -0.369676
-0.241491, -0.727663, -0.312824
-0.397561, -0.644869, -0.333792
-0.680735, -0.659202, -0.396542
-0.561042, -0.829324, -0.418433
-0.843875, -0.847670, -0.392135
-0.683971, -0.798315, -0.455469
-0.794223, -0.783814, -0.407706
0.143102, -0.851685, -0.320608
-0.182520, -0.830216, -0.354912
-0.292412, -0.784364, -0.379901
-0.281646, -0.759583, -0.362422
1.067286, -0.703654, -0.895614
1.040351, -0.726124, -0.860513
1.099826, -0.661591, -0.893157
1.039367, -0.646536, -0.849182
1.235858, -0.681064, -0.959320
1.195099, -0.687097, -0.894458
1.322889, -0.633597, -0.936480
1.226346, -0.628370, -0.900935
-0.151262, 0.772314, -0.461779
-0.326119, 0.906027, -0.836779
-0.098733, 0.854731, -0.424747
-0.365522, 0.925809, -0.837360
-0.585460, 0.853338, -0.781788
-0.607045, 0.853359, -0.777965
-0.585521, 0.921434, -0.763644
-0.588437, 0.875501, -0.634963
-0.183211, 0.787488, -0.422792
-0.369093, 0.816279, -0.519577
0.024489, 0.825272, -0.423382
0.102301, 0.791421, -0.404644
-0.241355, 0.732461, -0.409383
-0.207813, 0.698206, -0.396784
-0.274469, 0.782165, -0.423249
0.148582, 0.784421, -0.366271
-0.531754, 0.744321, -0.766346
-0.374212, 0.737041, -0.719018
-0.426256, 0.848537, -0.796722
-0.326412, 0.861259, -0.869159
-0.716404, 0.733300, -0.608078
-0.595897, 0.755368, -0.769988
-0.504259, 0.751117, -0.564154
-0.376359, 0.829551, -0.853552
0.273471, 0.748990, -0.832809
-0.164353, 0.645714, -0.412090
-0.036685, 0.668963, -0.426535
-0.318924, 0.719681, -0.464242
0.413725, 0.599683, -0.463697
0.256478, 0.607257, -0.404808
0.511321, 0.648977, -0.522303
-0.398285, 0.701012, -0.514517
-0.076629, 0.644610, -0.845660
-0.203196, 0.535681, -0.609992
-0.364159, 0.729096, -0.778668
-0.112319, 0.654101, -0.779563
-0.368096, 0.691885, -0.766864
-0.390106, 0.641190, -0.734354
-0.369789, 0.728669, -0.735756
-0.405087, 0.737557, -0.844164
-0.416057, 0.666254, -1.014947
-0.286133, 0.650983, -0.687940
0.289885, 0.731335, -1.031699
-0.076396, 0.613280, -0.453909
-0.390569, 0.700449, -1.018213
0.026389, 0.585469, -0.447969
0.002193, 0.742376, -1.033797
-0.216597, 0.720899, -0.775055
-0.288797, 0.537362, -0.813797
-0.117793, 0.494119, -0.874999
-0.222254, 0.607729, -0.858527
-0.041651, 0.576045, -0.868307
-0.434013, 0.531557, -0.763369
-0.563474, 0.527651, -0.783631
-0.537317, 0.602617, -0.848468
-0.148150, 0.637489, -0.890969
-0.057825, 0.491325, -0.994575
-0.859498, 0.574230, -0.902252
0.312697, 0.512433, -0.854926
-0.882208, 0.612429, -0.854611
0.176293, 0.497336, -0.987041
-0.872640, 0.528211, -0.918860
-0.722439, 0.559297, -0.917507
-0.868423, 0.655393, -0.909616
-0.139952, 0.307822, -0.701327
-0.155168, 0.282973, -0.611988
-0.082280, 0.473448, -0.914335
-0.048581, 0.460093, -0.865361
-0.498480, 0.387147, -0.799445
-0.559667, 0.401285, -0.827606
-0.372150, 0.460634, -0.828736
-0.432939, 0.498828, -0.858718
0.130801, 0.812992, -0.566719
0.090057, 0.805649, -0.564982
0.359695, 0.865677, -0.695835
0.296677, 0.853940, -0.624520
-0.152158, 0.796023, -0.528202
0.532103, 0.791221, -0.689994
-0.084847, 0.903578, -0.512442
0.428080, 0.843690, -0.622947
0.420765, 0.779118, -0.914135
0.396405, 0.870346, -0.971151
-0.958637, 0.923582, -0.703957
0.179094, 0.916158, -0.973905
0.708313, 0.697199, -0.769145
0.666363, 0.737993, -0.787379
0.673651, 0.820363, -0.757187
0.269768, 0.929639, -1.020371
0.040493, 0.685155, -0.590544
0.311366, 0.681656, -0.592928
0.248497, 0.754636, -0.645193
-0.005656, 0.847628, -0.951639
0.250410, 0.635439, -0.517531
0.467550, 0.704021, -0.689269
0.047239, 0.703635, -0.495492
0.585793, 0.728758, -0.712487
0.341604, 0.708394, -0.974991
-0.667421, 0.714072, -0.883838
0.294310, 0.766532, -0.988528
0.399312, 0.784231, -0.946640
-0.722528, 0.822687, -0.962952
0.484009, 0.668426, -0.997661
-0.331070, 0.838694, -0.995761
0.544630, 0.745813, -0.988384
0.058778, 0.562636, -0.579902
0.038725, 0.550269, -0.564087
0.178528, 0.616723, -0.567116
0.352680, 0.622036, -0.610259
0.027787, 0.608189, -0.782865
0.467063, 0.568928, -0.750051
0.417034, 0.598424, -0.675723
-0.188148, 0.624666, -0.647180
-0.418841, 0.499078, -0.030964
-1.013766, 0.623327, -0.328332
-0.591729, 0.615874, -0.025910
-0.599530, 0.621541, -0.026885
-0.740093, 0.579551, -0.867638
-0.209539, 0.585619, -0.968990
-0.765401, 0.675997, -0.850213
0.304563, 0.617365, -0.962597
0.278461, 0.439821, -0.601631
0.160412, 0.401106, -0.575347
0.089399, 0.497295, -0.591494
-0.119294, 0.532003, -0.635992
0.544145, 0.448625, -0.777481
0.535310, 0.411363, -0.735479
0.509091, 0.464436, -0.686115
0.409372, 0.448280, -0.634188
-0.534223, 0.820626, -0.182591
-0.348834, 0.814419, -0.162331
-0.203205, 0.836677, -0.110274
-0.600300, 0.857575, -0.216250
-0.734338, 0.828253, -0.211869
-0.775954, 0.841498, -0.217238
-0.629800, 0.875186, -0.204206
-0.731712, 0.887818, -0.279683
1.820440, 0.734423, -0.089455
1.233944, 0.787215, 0.061375
2.827252, 0.764143, -0.152940
1.237447, 0.871000, 0.059755
0.988028, 0.776112, 0.104248
0.600509, 0.743697, 0.172468
0.634807, 0.847690, 0.171951
-0.458595, 0.835855, -0.026668
-0.564678, 0.693957, -0.169869
-0.765467, 0.701706, -0.265357
-0.633171, 0.769766, -0.200238
-0.632339, 0.753564, -0.218436
-0.908162, 0.680669, -0.182863
-0.886648, 0.730496, -0.213120
-0.779178, 0.784355, -0.008584
-0.873013, 0.780168, 0.018734
2.769296, 0.597657, -0.147106
2.844237, 0.560659, -0.161609
3.197442, 0.573803, -0.192115
2.535383, 0.652830, -0.150375
1.354813, 0.637994, 0.045176
-0.371068, 0.609514, -0.032038
1.934477, 0.705024, -0.106917
1.393147, 0.651833, 0.037957
-0.842009, 0.535978, -0.296654
-0.939843, 0.563989, -0.169565
-0.802439, 0.616101, -0.301841
-0.735135, 0.622174, -0.334560
-0.763234, 0.570303, 0.013363
-0.811215, 0.612541, 0.001523
-0.846586, 0.679327, 0.022499
-0.936138, 0.677500, -0.149819
0.576930, 0.884289, 0.118164
0.328664, 0.867221, 0.156212
0.625461, 0.900383, 0.101744
0.265811, 0.946441, 0.125608
-0.201800, 0.755306, -0.112787
-0.332120, 0.776281, -0.169770
-0.235730, 0.855413, -0.149319
-0.275997, 0.834498, -0.175429
3.286968, 0.627526, -0.502226
3.229152, 0.622183, -0.383126
3.296483, 0.760951, -0.579207
3.200714, 0.727173, -0.340842
3.271184, 0.673403, -0.383551
3.178237, 0.663591, -0.268298
3.219516, 0.743598, -0.252388
3.156859, 0.748238, -0.228346
-0.387262, 0.674774, -0.168270
-0.539736, 0.699355, -0.233152
-0.414939, 0.714421, -0.192163
-0.447470, 0.782634, -0.242915
-0.620293, 0.682055, -0.226063
-0.653083, 0.649635, -0.275664
-0.408662, 0.770681, -0.202057
-0.589856, 0.737917, -0.264564
0.685771, 0.851990, 0.053567
0.399208, 0.873686, 0.120653
1.161407, 0.941843, -0.049826
0.965551, 0.924596, -0.022115
0.406688, 0.827930, 0.129070
-0.103371, 0.810603, -0.108695
0.699934, 0.916252, 0.037843
0.147212, 0.922855, 0.055138
0.488870, -0.948107, -0.327088
0.306705, -0.937096, -0.270666
0.262892, -0.880507, -0.242464
0.186831, -0.880009, -0.174310
0.369086, -0.931887, -0.241626
0.030173, -0.942417, -0.093033
0.358102, -0.912936, -0.219963
0.166953, -0.919799, -0.154018
-0.112112, -0.732755, -0.253630
0.015580, -0.722201, -0.220649
0.099544, -0.712802, -0.237715
-0.156296, -0.662739, -0.238085
0.294488, -0.805098, -0.214698
0.015483, -0.818376, -0.197301
0.282680, -0.740808, -0.219242
0.153527, -0.726691, -0.188918
0.315658, -0.861231, -0.326348
0.237826, -0.913635, -0.326531
0.366513, -0.846270, -0.312772
0.004296, -0.803273, -0.271451
0.541004, -0.886366, -0.321629
0.445358, -0.892289, -0.322070
0.394381, -0.856488, -0.310363
0.264949, -0.825786, -0.261487
1.358125, -0.673836, -0.954343
1.497251, -0.668448, -0.926658
1.450085, -0.598830, -0.972751
1.524526, -0.660918, -0.922970
1.619970, -0.667913, -0.966273
1.687377, -0.668375, -0.943966
1.656671, -0.598340, -0.971630
1.741600, -0.619819, -0.923951
-0.663575, -0.628654, -0.400182
-0.789896, -0.585906, -0.410142
-0.818345, -0.484776, -0.468799
-0.843664, -0.463619, -0.471297
-0.312444, -0.593404, -0.325442
-0.458635, -0.630683, -0.341311
-0.270920, -0.517361, -0.318712
-0.127394, -0.519886, -0.239534
-0.535669, -0.742317, -0.392130
-0.561666, -0.700893, -0.384529
-0.675592, -0.639779, -0.439692
-0.634340, -0.673257, -0.416633
-0.017038, -0.731134, -0.256710
-0.307417, -0.694129, -0.335736
-0.035734, -0.655826, -0.231337
-0.138341, -0.650606, -0.249698
1.028640, -0.576782, -0.844025
1.044787, -0.600417, -0.817901
1.108396, -0.508358, -0.863277
1.059271, -0.539901, -0.823849
1.277078, -0.559582, -0.933713
1.182629, -0.608279, -0.891906
1.252229, -0.499547, -0.931090
1.200611, -0.524197, -0.868644
-0.380358, -0.813234, -0.419747
-0.450595, -0.864355, -0.426279
-0.710582, -0.779909, -0.480510
-0.778011, -0.754535, -0.444439
0.090500, -0.818144, -0.329455
0.079155, -0.839123, -0.322042
0.201703, -0.772827, -0.318751
-0.201166, -0.798792, -0.373582
0.975722, -0.727149, -0.792542
1.030686, -0.732933, -0.790856
0.998449, -0.622426, -0.788310
0.937650, -0.652796, -0.734072
1.157475, -0.714699, -0.883992
1.263185, -0.706300, -0.886870
1.137872, -0.622655, -0.833566
1.083728, -0.685513, -0.795251
-0.711039, 0.821278, -0.675019
-0.474477, 0.863478, -0.786406
-0.130237, 0.883476, -0.459202
-0.635089, 0.895581, -0.732399
-0.271366, 0.736467, -0.401698
-0.726318, 0.839877, -0.651017
-0.539535, 0.889200, -0.654862
-0.677188, 0.890601, -0.661177
-0.400174, 0.818550, -0.582118
-0.547326, 0.855981, -0.671299
-0.240389, 0.868415, -0.433084
-0.029032, 0.802540, -0.412445
0.225256, 0.692927, -0.361955
0.238690, 0.697859, -0.360736
-0.292883, 0.842957, -0.441753
-0.103000, 0.822637, -0.380069
-0.287110, 0.766674, -0.797493
-0.537797, 0.774777, -0.763133
-0.085893, 0.753713, -0.448437
-0.507712, 0.774373, -0.708653
-0.736929, 0.681315, -0.624194
-0.410674, 0.647877, -0.470570
-0.746503, 0.795154, -0.634136
-0.692234, 0.818220, -0.733765
-0.514541, 0.701056, -0.607774
-0.568528, 0.696940, -0.647994
-0.200586, 0.676032, -0.421098
-0.457205, 0.781807, -0.653149
-0.039559, 0.597565, -0.377600
0.257948, 0.545176, -0.375302
-0.053373, 0.643889, -0.378134
0.477913, 0.573286, -0.455866
-0.573509, 0.617811, -0.739386
-0.512874, 0.639049, -0.850198
-0.519343, 0.725412, -0.742811
-0.103979, 0.766544, -0.901868
-0.693161, 0.601271, -0.629054
-0.537658, 0.539392, -0.538283
-0.651657, 0.691869, -0.718266
-0.572230, 0.632672, -0.565019
-0.254396, 0.556174, -0.531801
0.241001, 0.473452, -0.417606
-0.006827, 0.763036, -0.860389
-0.300333, 0.650554, -0.569919
0.518459, 0.514848, -0.541110
-0.467345, 0.561258, -0.561445
0.370253, 0.580509, -0.476038
0.239469, 0.517805, -0.409684
-0.195303, 0.571621, -0.839611
-0.307075, 0.488077, -0.743383
-0.189933, 0.575839, -0.842038
-0.335927, 0.631638, -0.891925
-0.501771, 0.479969, -0.898905
-0.485562, 0.560538, -0.868107
-0.417013, 0.555556, -0.717629
-0.507778, 0.576438, -0.761996
-0.735435, 0.557657, -0.972083
0.442220, 0.367682, -0.604152
-0.621719, 0.600782, -1.008827
-0.097730, 0.495337, -0.494196
0.690331, 0.334170, -0.872142
0.146793, 0.395285, -0.461213
0.671288, 0.442647, -0.810423
0.151719, 0.488436, -0.479435
-0.150641, 0.310671, -0.570940
-0.154225, 0.440725, -0.896289
-0.326733, 0.461408, -0.779211
-0.083043, 0.431733, -0.874716
-0.483155, 0.411553, -0.773217
-0.426958, 0.373811, -0.775135
-0.421837, 0.466686, -0.777084
-0.531401, 0.471422, -0.773776
-0.904992, 0.352821, -0.856593
-0.847361, 0.409780, -0.955122
-0.667699, 0.377092, -0.901614
-0.887172, 0.521365, -0.843869
0.214983, 0.324298, -0.920789
-0.871575, 0.422259, -0.939635
-0.018132, 0.455121, -0.991365
-0.768513, 0.496173, -0.975185
-0.026163, 0.308631, -0.871642
-0.063875, 0.305102, -0.877019
-0.070156, 0.225077, -0.561383
0.032483, 0.207771, -0.547758
-0.407640, 0.292033, -0.846741
-0.277820, 0.282154, -0.848717
-0.623475, 0.373153, -0.794150
-0.140053, 0.359890, -0.896930
0.349058, 0.792757, -0.706711
0.253009, 0.788498, -0.619558
0.377772, 0.887956, -0.633474
0.308353, 0.874847, -0.686734
-0.040708, 0.790283, -0.487709
0.629276, 0.788377, -0.643004
0.713015, 0.809088, -0.721041
0.702727, 0.815606, -0.704112
0.450856, 0.831547, -0.944637
0.505210, 0.811928, -0.916217
0.140399, 0.911711, -0.953043
0.435105, 0.845793, -0.853764
0.745638, 0.768835, -0.866602
0.749181, 0.774864, -0.872882
-0.214889, 0.946749, -1.005811
0.673071, 0.800457, -0.707080
0.340612, 0.673735, -0.624737
0.329747, 0.685873, -0.613411
0.361724, 0.731936, -0.785458
0.113082, 0.732926, -0.579496
0.582174, 0.680377, -0.797770
0.596518, 0.703926, -0.787643
0.553370, 0.775916, -0.731994
-0.173153, 0.730183, -0.549905
0.041525, 0.767086, -0.990149
-0.347475, 0.827170, -1.001692
0.366880, 0.826991, -0.997331
0.401547, 0.698513, -0.801571
0.594523, 0.676535, -0.927947
0.036976, 0.667607, -0.463302
0.659728, 0.718530, -0.888885
0.042960, 0.723662, -0.446322
0.509950, 0.566180, -0.849011
0.287850, 0.580213, -0.598967
0.213438, 0.602419, -0.650352
0.299130, 0.591171, -0.603827
-0.143581, 0.522965, -0.570727
-0.143807, 0.523764, -0.574496
0.556701, 0.614617, -0.720611
0.540813, 0.601912, -0.726062
-0.741782, 0.592252, -0.864450
0.369219, 0.549262, -0.860756
-0.341656, 0.686117, 0.125150
-0.797409, 0.745562, -0.919259
-0.756680, 0.700185, -0.959282
-0.683158, 0.646486, -0.982009
-0.800231, 0.773753, -0.950203
0.408081, 0.641655, -1.012716
0.461002, 0.410900, -0.749604
0.407998, 0.422172, -0.693634
0.105587, 0.498867, -0.597443
0.100999, 0.514058, -0.577336
0.566771, 0.408062, -0.775899
0.517860, 0.437731, -0.806692
0.091853, 0.470508, -0.531515
0.471886, 0.520012, -0.742783
-0.449461, 0.373494, 0.011276
-0.460172, 0.367137, 0.006218
-0.241533, 0.381727, 0.081155
-0.561338, 0.466769, -0.022313
0.292312, 0.446485, -0.798972
0.281584, 0.455075, -0.941878
0.334795, 0.488846, -0.827634
0.077581, 0.523914, -1.000039
0.209186, 0.308829, -0.606392
-0.030300, 0.324999, -0.633536
-0.045523, 0.348588, -0.601442
0.048980, 0.376491, -0.571661
0.095637, 0.286324, -0.550008
0.365078, 0.306206, -0.665273
0.074865, 0.452138, -0.822908
0.326898, 0.335074, -0.635224
-0.456530, 0.794415, -0.156993
-0.248149, 0.758107, -0.106113
-0.040721, 0.832832, 0.032761
-0.248944, 0.833495, -0.120453
-0.947331, 0.842220, 0.011091
-0.798158, 0.824716, -0.162906
-0.597690, 0.864129, -0.167003
-0.687171, 0.843216, -0.173500
1.895083, 0.747105, -0.111231
1.048929, 0.769841, 0.091835
1.021360, 0.870528, 0.094942
1.785594, 0.833072, -0.090027
-0.319776, 0.835622, 0.082893
-0.501299, 0.899037, 0.061340
-0.423748, 0.832794, -0.025594
-0.528520, 0.926974, 0.058436
-0.794015, 0.724218, -0.190676
-0.641577, 0.640944, -0.171379
-0.375451, 0.699092, -0.118105
-0.760604, 0.744543, -0.237862
-0.599392, 0.747206, -0.883002
-0.851308, 0.748106, 0.045896
-0.814334, 0.810575, 0.057066
-0.855541, 0.755927, -0.202297
2.554743, 0.629350, -0.152181
0.005245, 0.569690, 0.180893
1.263806, 0.699587, 0.057044
0.680285, 0.713924, 0.157582
-0.549740, 0.672907, -0.013357
-0.191370, 0.536812, 0.075201
0.788307, 0.723789, 0.141067
-0.313656, 0.762429, 0.116967
-0.852026, 0.518510, -0.246589
-0.775834, 0.522646, -0.252203
-0.823043, 0.604971, -0.270604
-0.795700, 0.611354, -0.264993
-0.930916, 0.569512, -0.130908
-0.724433, 0.579689, 0.012491
-0.890102, 0.662991, -0.058744
-0.817179, 0.652131, 0.040922
3.274936, 0.436690, -0.169917
2.945547, 0.469194, -0.166502
3.048474, 0.479174, -0.168817
2.645416, 0.519834, -0.155450
2.088032, 0.459327, -0.119602
1.230967, 0.468944, 0.057596
0.736377, 0.494577, 0.139530
-0.028932, 0.480159, 0.185735
-0.868243, 0.419008, -0.272240
-0.758474, 0.402285, -0.344228
-0.757941, 0.464901, -0.335002
-0.614150, 0.424451, -0.340265
-0.799552, 0.450649, 0.002632
-0.747070, 0.480897, 0.018090
0.035780, 0.486933, -0.676067
-0.045479, 0.501120, -0.687609
0.858896, 0.852769, 0.061960
0.652103, 0.854595, 0.100921
1.128884, 0.929336, 0.026097
1.029039, 0.924169, 0.022965
0.084217, 0.786185, 0.134262
0.200884, 0.849889, 0.160467
0.546329, 0.930960, 0.132511
0.023094, 0.828667, 0.075798
3.084498, 0.668178, -0.233737
2.952939, 0.706637, -0.212004
3.076999, 0.756337, -0.247062
3.083962, 0.756470, -0.272664
2.922508, 0.721848, -0.163484
2.888314, 0.681577, -0.168849
3.074967, 0.724592, -0.220385
2.988388, 0.754394, -0.186849
-0.125171, 0.621822, -0.061857
-0.095872, 0.615551, -0.053389
0.051228, 0.724594, 0.091450
-0.138506, 0.675639, -0.081277
-0.486046, 0.651451, -0.171580
-0.375757, 0.636698, -0.151188
-0.230939, 0.686236, -0.116803
-0.555604, 0.770506, -0.207831
3.276448, 0.501259, -0.380694
3.196231, 0.558564, -0.280303
3.257920, 0.588883, -0.423150
3.197087, 0.587597, -0.330314
3.199432, 0.560441, -0.232941
3.068562, 0.549557, -0.186443
3.182752, 0.574616, -0.197971
3.074220, 0.639232, -0.192196
-0.488829, 0.488684, -0.203920
-0.580964, 0.493598, -0.262761
-0.477720, 0.579684, -0.208517
-0.432410, 0.566410, -0.208879
-0.568127, 0.536727, -0.228114
-0.667181, 0.531902, -0.296067
-0.699931, 0.641075, -0.265689
-0.678167, 0.581096, -0.295180
1.339781, 0.805461, -0.095731
1.082731, 0.861561, -0.008810
1.604260, 0.903689, -0.229409
1.390163, 0.890528, -0.161674
0.774905, 0.877461, 0.049244
0.671645, 0.868713, 0.066619
0.852494, 0.902494, 0.027082
0.523885, 0.905921, 0.111172
3.239689, 0.693842, -0.737970
3.216218, 0.664169, -0.620577
3.250324, 0.758100, -0.808917
3.226378, 0.734588, -0.730727
3.277808, 0.695614, -0.533521
3.227067, 0.679826, -0.495061
3.270744, 0.737677, -0.676036
3.256150, 0.742704, -0.515520
0.561613, 0.727591, 0.096318
0.072889, 0.664497, 0.048886
0.809285, 0.821881, 0.031118
0.631595, 0.831728, 0.063311
0.124260, 0.673382, 0.114368
-0.311046, 0.679634, -0.185763
0.356131, 0.807012, 0.141047
0.062647, 0.730811, 0.048424
1.282271, 0.834256, -0.135439
0.968883, 0.856994, -0.035038
1.336121, 0.904584, -0.186332
1.014453, 0.898013, -0.056755
1.189905, 0.866714, -0.080659
0.776245, 0.863976, 0.002542
1.158839, 0.890564, -0.051829
1.096001, 0.935699, -0.045796
0.594021, -0.967984, -0.237085
0.231110, -0.966735, -0.138524
0.387830, -0.927910, -0.186756
0.303064, -0.920273, -0.135612
0.797702, -0.934793, -0.264911
0.539840, -0.972304, -0.199636
0.736339, -0.909958, -0.198445
0.564138, -0.913469, -0.155963
0.306931, -0.804139, -0.199133
0.213914, -0.795696, -0.168928
0.395204, -0.764216, -0.182560
0.244211, -0.726030, -0.139752
0.232805, -0.870072, -0.142030
0.108605, -0.860102, -0.091487
0.479219, -0.799849, -0.148270
0.382604, -0.774491, -0.123355
0.762836, -0.927012, -0.376004
0.520052, -0.905871, -0.304028
0.556004, -0.893150, -0.290816
0.500361, -0.902633, -0.251816
0.950313, -0.937271, -0.420401
0.538147, -0.955039, -0.246906
0.570225, -0.908721, -0.254148
0.407981, -0.886762, -0.177220
1.801743, -0.700127, -0.990975
1.779653, -0.690444, -0.949774
1.862080, -0.608430, -0.962970
1.861708, -0.618752, -0.917368
2.144091, -0.698366, -0.990243
1.938778, -0.681118, -0.941207
2.062065, -0.590720, -0.981413
2.034262, -0.608119, -0.924663
0.253371, -0.686393, -0.222041
-0.227040, -0.606454, -0.278409
0.231837, -0.555009, -0.193219
-0.125971, -0.595071, -0.226124
0.335874, -0.635495, -0.175007
0.216378, -0.646414, -0.156711
0.412435, -0.561668, -0.184352
0.248341, -0.601724, -0.139601
0.348166, -0.807234, -0.294656
0.087789, -0.745863, -0.249769
0.330075, -0.689485, -0.269555
0.324081, -0.702677, -0.251553
0.457476, -0.800023, -0.304693
0.337528, -0.819931, -0.250173
0.402659, -0.752228, -0.273810
0.380804, -0.703122, -0.242597
1.477574, -0.557223, -0.935385
1.520702, -0.553949, -0.902964
1.459874, -0.501114, -0.959917
1.442921, -0.525843, -0.925193
1.743586, -0.538119, -0.944371
1.643467, -0.596417, -0.909509
1.646437, -0.482299, -0.944495
1.767023, -0.492686, -0.909788
0.508538, -0.872499, -0.408076
0.517183, -0.895225, -0.399188
0.476144, -0.839788, -0.359917
0.244867, -0.793115, -0.314425
0.810573, -0.883276, -0.434580
0.724315, -0.897746, -0.388185
0.616729, -0.831185, -0.369549
0.547196, -0.842073, -0.357286
1.392511, -0.693458, -0.921819
1.486815, -0.733237, -0.913083
1.507572, -0.642632, -0.909775
1.360506, -0.654787, -0.846212
1.617039, -0.670806, -0.897044
1.501587, -0.696347, -0.892245
1.538495, -0.630499, -0.899647
1.690153, -0.639462, -0.846111
-0.882358, -0.351554, -0.583252
-0.788127, -0.435596, -0.452411
-0.771698, -0.358452, -0.474398
-0.913815, -0.295348, -0.575059
-0.293138, -0.447395, -0.331839
-0.653371, -0.416525, -0.433333
-0.070637, -0.400912, -0.205755
-0.570050, -0.331307, -0.409908
-0.553657, -0.578761, -0.407443
-0.870777, -0.569294, -0.487993
-0.758549, -0.506413, -0.464864
-0.868975, -0.502744, -0.528342
-0.119415, -0.620308, -0.271256
-0.212019, -0.615690, -0.290943
-0.145488, -0.533188, -0.276716
-0.060898, -0.533324, -0.232873
1.066808, -0.485721, -0.861270
1.197325, -0.492968, -0.884090
1.170218, -0.411018, -0.903499
1.169982, -0.424115, -0.858833
1.400364, -0.446568, -0.945775
1.357177, -0.449827, -0.890561
1.364538, -0.431534, -0.953636
1.252156, -0.397681, -0.870294
-0.489627, -0.723982, -0.408761
-0.677153, -0.721129, -0.467775
-0.263293, -0.613751, -0.350600
-0.590315, -0.655596, -0.418222
0.214054, -0.734154, -0.296038
0.203326, -0.748820, -0.297921
-0.150913, -0.620439, -0.312261
-0.167120, -0.666553, -0.304498
0.996121, -0.600686, -0.774708
1.063029, -0.581947, -0.747301
1.093460, -0.555470, -0.793899
1.083098, -0.536470, -0.765207
1.294264, -0.560850, -0.879892
1.233622, -0.609557, -0.810064
1.308561, -0.509787, -0.846865
1.196659, -0.563265, -0.811849
0.033231, -0.806511, -0.346662
-0.521473, -0.824584, -0.448948
-0.510543, -0.757830, -0.435733
-0.291383, -0.735997, -0.389511
0.247078, -0.811776, -0.370292
0.347677, -0.830630, -0.364145
0.082590, -0.746948, -0.321200
0.140609, -0.783491, -0.325469
0.863717, -0.755142, -0.726101
0.759768, -0.749714, -0.652322
0.794021, -0.664311, -0.632720
0.868906, -0.695699, -0.660602
1.139620, -0.702246, -0.813832
1.212105, -0.720119, -0.818667
1.066095, -0.683205, -0.771454
1.135427, -0.685655, -0.753520
-0.644452, 0.831684, -0.665554
-0.493262, 0.807713, -0.593398
-0.553135, 0.889151, -0.687147
0.120100, 0.829077, -0.431936
0.035317, 0.694630, -0.359878
0.881940, 0.744113, -0.729924
0.167161, 0.807969, -0.354007
-0.536296, 0.894593, -0.670533
-0.667479, 0.718441, -0.623836
-0.429846, 0.753925, -0.705670
-0.560940, 0.829841, -0.734617
0.016281, 0.758663, -0.438442
0.852634, 0.529878, -0.735118
-0.187683, 0.638248, -0.372744
0.624613, 0.649942, -0.506240
0.915742, 0.650421, -0.775503
-0.472965, 0.672170, -0.608679
-0.299556, 0.589736, -0.407286
-0.349756, 0.684648, -0.441497
-0.309801, 0.712992, -0.421212
-0.090099, 0.548993, -0.367427
0.493912, 0.578970, -0.450066
-0.254954, 0.690924, -0.401878
0.720337, 0.624190, -0.609635
-0.340034, 0.652334, -0.703640
-0.334569, 0.671052, -0.756805
-0.636746, 0.690156, -0.706564
-0.153719, 0.745412, -0.875200
-0.761727, 0.591521, -0.724188
-0.755181, 0.607409, -0.760655
-0.747205, 0.671876, -0.739797
-0.646758, 0.657543, -0.761445
0.103965, 0.508752, -0.398445
0.143918, 0.525471, -0.405037
0.225022, 0.579229, -0.421160
-0.340604, 0.623696, -0.535997
-0.209885, 0.493665, -0.388981
0.152667, 0.399330, -0.369389
-0.115926, 0.505882, -0.376969
0.308006, 0.497315, -0.396760
-0.571120, 0.511830, -0.716701
-0.308494, 0.472533, -0.706843
-0.255366, 0.634420, -0.827083
-0.143296, 0.598057, -0.845620
-0.856860, 0.450366, -0.666713
-0.628367, 0.500472, -0.689642
-0.622023, 0.586247, -0.847955
-0.785209, 0.564781, -0.758460
0.123419, 0.402105, -0.506408
0.094260, 0.458377, -0.479104
-0.066321, 0.460579, -0.509943
0.345919, 0.477703, -0.461620
0.127202, 0.435350, -0.430002
0.548551, 0.338909, -0.567765
0.361482, 0.498914, -0.479205
0.637376, 0.432065, -0.621038
-0.317105, 0.383762, -0.766393
-0.361458, 0.428060, -0.799047
-0.280938, 0.454953, -0.737034
-0.103530, 0.437380, -0.890227
-0.757790, 0.345191, -0.677222
-0.557864, 0.388535, -0.736097
-0.568766, 0.434509, -0.680470
-0.494903, 0.466350, -0.730837
-0.312038, 0.354961, -1.021595
0.538572, 0.332593, -0.992179
-0.478436, 0.479488, -1.011870
0.419929, 0.323768, -0.592691
0.699860, 0.297994, -0.875773
-0.134170, 0.234981, -0.482757
0.679617, 0.300123, -0.906728
-0.109995, 0.386439, -0.474311
-0.187553, 0.316092, -0.854378
-0.131577, 0.280352, -0.798076
-0.439622, 0.350158, -0.801017
-0.166064, 0.310714, -0.797590
-0.693887, 0.219623, -0.761281
-0.572612, 0.265825, -0.814203
-0.539834, 0.216262, -0.664087
-0.519590, 0.312190, -0.802758
0.230113, 0.257269, -0.943127
-0.905486, 0.182420, -0.959038
0.218962, 0.315017, -0.944986
-0.198612, 0.267434, -0.990864
-0.479294, 0.221201, -0.951856
-0.856943, 0.183187, -0.947212
-0.107216, 0.298134, -0.986999
-0.883514, 0.278057, -0.880979
1.106080, 0.769935, -0.157565
0.833430, 0.815167, -0.098553
1.321434, 0.853313, -0.272723
1.102236, 0.889776, -0.183491
1.183552, 0.781367, -0.154238
1.043634, 0.826076, -0.117977
1.412808, 0.824471, -0.274052
1.030676, 0.922768, -0.130293
-0.237868, -0.005147, -0.857553
-0.048334, 0.101823, -0.897118
-0.089508, 0.066792, -0.833697
-0.025614, 0.138259, -0.901621
-0.340572, -0.000191, -0.829516
-0.284778, -0.014767, -0.840196
-0.715411, 0.062164, -0.793865
-0.727765, 0.032122, -0.800062
0.580773, 0.778869, -0.670645
0.273592, 0.787691, -0.608432
0.411611, 0.853330, -0.645369
0.373096, 0.861738, -0.652410
-0.287487, 0.865287, -0.715807
-0.313566, 0.864487, -0.762039
-0.195385, 0.835483, -0.481713
0.438976, 0.818938, -0.538599
0.511744, 0.842227, -0.879810
0.341249, 0.754407, -0.516023
0.458212, 0.833961, -0.758472
0.411804, 0.825608, -0.838618
0.717625, 0.768779, -0.758603
0.097561, 0.771839, -0.440963
0.739829, 0.806622, -0.805298
0.053613, 0.841765, -0.444041
0.425439, 0.708385, -0.706193
0.239549, 0.679747, -0.597683
0.417065, 0.750775, -0.675804
0.210063, 0.741175, -0.597946
0.036224, 0.781684, -0.913183
0.564112, 0.677296, -0.672422
0.605414, 0.780770, -0.786865
0.607420, 0.741506, -0.804017
-0.368668, 0.786153, -0.993358
0.680520, 0.624108, -0.887442
0.448285, 0.734317, -0.859348
0.460674, 0.764902, -0.947762
0.654546, 0.643847, -0.913616
0.712993, 0.607649, -0.838631
0.661626, 0.721358, -0.759650
0.629174, 0.692539, -0.682061
0.448329, 0.572262, -0.933940
0.514956, 0.595391, -0.843811
0.329773, 0.601239, -0.632885
0.036863, 0.603271, -0.614528
0.451727, 0.493436, -0.614870
-0.080815, 0.547639, -0.540732
0.591667, 0.644029, -0.774124
0.504059, 0.608364, -0.652173
0.022917, 0.630436, -1.013181
0.395748, 0.601494, -1.012734
-0.589316, 0.716640, -0.974374
-0.657614, 0.747934, -0.949802
0.439639, 0.459171, -0.587289
-0.264667, 0.636273, -0.702837
0.540925, 0.641549, -0.974822
0.008271, 0.753645, -0.868837
0.177323, 0.441146, -0.619618
0.431388, 0.435221, -0.735383
0.477686, 0.502703, -0.813770
0.383992, 0.509302, -0.666227
-0.090557, 0.434330, -0.745681
0.518996, 0.465467, -0.841743
0.033736, 0.538054, -0.822825
0.022620, 0.476657, -0.538509
0.291190, 0.459449, -0.778964
-0.867043, 0.465608, -0.774309
0.315264, 0.474456, -0.777004
0.013417, 0.572245, -1.009365
-0.749727, 0.508196, -0.955809
-0.695784, 0.490367, -0.967801
-0.491426, 0.581789, -0.971851
-0.718624, 0.587938, -0.968356
0.386079, 0.301132, -0.719854
0.007531, 0.295307, -0.596712
0.042010, 0.326335, -0.595537
0.220907, 0.356237, -0.603017
0.268858, 0.294914, -0.569987
0.305417, 0.263003, -0.602168
0.333294, 0.349281, -0.583875
0.547588, 0.379767, -0.762077
0.602146, 0.109540, 0.165089
-0.529079, 0.259479, 0.023254
0.180282, 0.165528, 0.174125
-0.146606, 0.431077, -0.965072
-0.840826, 0.406013, 0.074250
0.119305, 0.339684, -0.984450
-0.503918, 0.436343, 0.105497
-0.089744, 0.459264, -0.997751
0.048531, 0.151383, -0.598954
0.332550, 0.198498, -0.664202
-0.012526, 0.265055, -0.644547
-0.006760, 0.191142, -0.603919
0.447906, 0.201183, -0.772759
0.206054, 0.185406, -0.571560
0.279810, 0.209394, -0.603198
0.170506, 0.203232, -0.564643
0.802917, 0.633534, -0.130744
0.619039, 0.665914, -0.077987
0.805786, 0.710147, -0.152700
0.573959, 0.762545, -0.067681
1.023595, 0.623275, -0.162072
0.761367, 0.696031, -0.076230
0.813199, 0.742386, -0.117631
0.929487, 0.744229, -0.124640
0.431702, -0.214994, -0.827500
0.304897, -0.203699, -0.696479
0.405248, -0.134635, -0.759996
0.215878, -0.185450, -0.902423
0.432027, -0.176917, -0.885324
0.450696, -0.234410, -0.717104
0.498691, -0.098456, -0.916543
0.514556, -0.160787, -0.896873
-0.538471, 0.805060, -0.134124
-0.592273, 0.791703, -0.134029
0.050447, 0.807829, 0.156598
-0.453534, 0.848929, -0.161448
-0.761328, 0.812920, -0.066802
-0.656992, 0.806272, -0.131398
-0.638475, 0.853180, -0.139559
-0.586157, 0.913631, -0.043028
1.432468, 0.795937, 0.013868
0.477957, 0.788342, 0.178345
0.687836, 0.890513, 0.160421
-0.052855, 0.794718, 0.084782
-0.184945, 0.856847, -0.943924
-0.506859, 0.849871, 0.057514
-0.398959, 0.819662, -0.093412
-0.540707, 0.894016, 0.024476
-0.820735, 0.721698, -0.146089
-0.717616, 0.704191, -0.155904
-0.410283, 0.693985, -0.120729
-0.592839, 0.764479, -0.160045
-0.656837, 0.743940, -0.021180
-0.510760, 0.780926, -0.894543
-0.982426, 0.763538, -0.524648
-0.774284, 0.774650, -0.040391
0.205534, 0.578082, 0.193314
0.888174, 0.632137, 0.112369
1.599597, 0.650415, -0.021665
-0.213085, 0.625340, 0.050338
0.254446, 0.673968, -0.977711
-0.590404, 0.716149, 0.062702
-0.426040, 0.701207, -0.019104
-0.493102, 0.773961, 0.046138
-0.678647, 0.554752, -0.174391
-0.836402, 0.535783, -0.214838
-0.765688, 0.605604, -0.168113
-0.810168, 0.633279, -0.197873
-0.926028, 0.543479, -0.061126
-0.763302, 0.559796, -0.000599
0.301512, 0.640386, -0.915628
-0.816882, 0.704739, 0.033297
2.489572, 0.489755, -0.146464
1.765811, 0.474321, -0.067054
2.568087, 0.493085, -0.157629
0.104941, 0.485244, 0.188941
-0.176545, 0.409803, 0.118863
-0.446373, 0.627465, 0.109954
0.189106, 0.454199, 0.183964
-0.634328, 0.662334, 0.060624
-0.828294, 0.400678, -0.271430
-0.911839, 0.449531, -0.194609
-0.775849, 0.491174, -0.250707
-0.740750, 0.476625, -0.258871
0.250399, 0.446875, -0.755429
-0.658054, 0.530165, 0.035758
-0.691585, 0.555793, 0.046414
-0.821125, 0.545369, 0.054111
3.269423, 0.311007, -0.184566
3.140108, 0.290078, -0.164741
3.258694, 0.345438, -0.181303
2.975470, 0.333080, -0.156277
-0.069281, 0.240204, 0.184400
-0.090462, 0.254595, 0.176737
2.448734, 0.412573, -0.146137
-0.224163, 0.338608, 0.106889
-0.805972, 0.271627, -0.307624
-0.763426, 0.265411, -0.344373
-0.809769, 0.345041, -0.300280
-0.753560, 0.337726, -0.347272
-0.805681, 0.348129, -0.010215
-0.883337, 0.356539, -0.028241
-0.812330, 0.434760, 0.028918
-0.872410, 0.422439, 0.004345
0.685964, 0.470546, -0.147488
0.543965, 0.426813, -0.102690
0.641154, 0.562581, -0.154182
0.550917, 0.569338, -0.110527
0.713119, 0.459459, -0.132061
0.500989, 0.520738, -0.074903
0.692435, 0.602818, -0.144083
0.546501, 0.614268, -0.070245
-0.712258, -0.596211, -0.247946
-0.791789, -0.601058, -0.259012
-0.873048, -0.437876, -0.263866
-0.725856, -0.500577, -0.286623
-0.962239, -0.394279, -0.663033
-0.981142, -0.460418, -0.416029
-0.969117, -0.288606, -0.634798
-0.948734, -0.414304, -0.265471
0.901380, 0.866564, 0.064437
0.999205, 0.854872, 0.047441
1.648702, 0.912481, -0.148526
1.128792, 0.893709, 0.029806
0.675551, 0.850793, 0.121534
0.193433, 0.782953, 0.176543
1.141777, 0.935040, 0.040721
0.724630, 0.923806, 0.098350
2.865976, 0.702828, -0.212156
2.676732, 0.711725, -0.160272
2.993158, 0.787565, -0.253568
2.812457, 0.760231, -0.197897
2.750796, 0.717474, -0.156929
2.489988, 0.768256, -0.160383
2.788032, 0.780645, -0.162704
1.877253, 0.823760, -0.110971
0.125670, 0.651867, 0.150693
0.286112, 0.667439, 0.146084
0.748257, 0.781296, 0.084761
0.213276, 0.792701, 0.163524
-0.226651, 0.567673, -0.069596
-0.291903, 0.622473, -0.105880
-0.248704, 0.642959, -0.089000
-0.112627, 0.707953, -0.047111
3.172671, 0.532415, -0.307793
2.986472, 0.579606, -0.231836
3.041288, 0.633224, -0.231817
3.012049, 0.645734, -0.262045
2.601149, 0.567597, -0.158731
2.457936, 0.568643, -0.150865
2.905695, 0.625883, -0.165101
1.938911, 0.631848, -0.110822
-0.000866, 0.422167, 0.120661
0.035298, 0.457071, 0.120444
-0.049868, 0.562072, 0.024042
-0.153884, 0.581547, -0.061703
-0.592131, 0.482573, -0.195133
-0.705882, 0.553998, -0.237646
-0.477267, 0.562049, -0.179391
-0.679334, 0.607686, -0.235622
3.255363, 0.429305, -0.379029
3.196524, 0.415143, -0.283586
3.284159, 0.467841, -0.400518
3.226841, 0.450654, -0.291467
3.190863, 0.426067, -0.179655
3.181848, 0.427468, -0.211128
3.231661, 0.482730, -0.263530
3.051680, 0.483827, -0.180619
-0.381828, 0.296328, -0.154661
-0.566645, 0.351503, -0.259790
-0.327565, 0.441869, -0.148958
-0.551548, 0.438358, -0.246795
-0.601097, 0.372408, -0.231818
-0.655540, 0.365792, -0.271212
-0.733627, 0.481841, -0.292848
-0.672760, 0.465790, -0.306409
0.427685, 0.302697, -0.182470
0.276603, 0.284359, -0.133805
0.269137, 0.323312, -0.131659
0.397022, 0.348752, -0.151235
0.568165, 0.318223, -0.156755
0.516130, 0.273034, -0.141696
0.544442, 0.362298, -0.164942
0.478478, 0.379582, -0.116739
0.411534, -0.816488, 0.111029
-0.233802, -0.770648, -0.013034
0.228757, -0.718319, 0.145831
-0.347695, -0.695040, -0.069636
-0.543678, -0.760854, -0.129553
-0.599977, -0.720888, -0.173065
-0.360484, -0.657824, -0.061914
-0.424145, -0.700420, -0.073194
1.712973, 0.827829, -0.213230
1.290584, 0.806734, -0.064334
1.578155, 0.876347, -0.169268
1.497308, 0.896218, -0.163756
1.067656, 0.832900, 0.024064
0.733093, 0.874091, 0.074472
1.424778, 0.910031, -0.101811
1.371836, 0.885173, -0.103870
3.184407, 0.664316, -0.446355
3.153418, 0.649926, -0.404684
3.191792, 0.732419, -0.473249
3.161680, 0.734031, -0.495305
3.168193, 0.658634, -0.347074
3.130720, 0.694916, -0.359561
3.214899, 0.726922, -0.446155
3.194822, 0.764169, -0.475613
1.078096, 0.658771, -0.002802
0.632528, 0.656728, 0.083395
1.062466, 0.799379, 0.001787
0.745829, 0.744174, 0.053631
0.285384, 0.678326, 0.143337
0.008135, 0.621993, 0.031707
0.585906, 0.754847, 0.111381
0.194704, 0.807457, 0.140376
3.228584, 0.533339, -0.710616
3.202795, 0.516942, -0.564023
3.232554, 0.652463, -0.742342
3.208363, 0.640141, -0.601105
3.269716, 0.561351, -0.600015
3.215261, 0.550387, -0.416848
3.259032, 0.598689, -0.633221
3.240035, 0.603036, -0.497266
0.518425, 0.502924, 0.088628
0.158628, 0.481221, 0.092240
0.329029, 0.535143, 0.116913
0.101348, 0.531096, 0.086728
0.138926, 0.510047, 0.105517
-0.042781, 0.491794, 0.032405
-0.200940, 0.540307, -0.094040
-0.373461, 0.563142, -0.199643
-0.623007, 0.171218, -0.423698
-0.845356, 0.217462, -0.434933
-0.646313, 0.276417, -0.440984
-0.760967, 0.271730, -0.445019
-0.148308, 0.126547, -0.179735
-0.485147, 0.141598, -0.374696
-0.070739, 0.173211, -0.147886
-0.213455, 0.161510, -0.218239
1.258903, -0.917691, -0.184295
1.208657, -0.933557, -0.194147
1.180718, -0.884114, -0.137696
1.028535, -0.903178, -0.110276
0.848548, -0.928465, -0.018693
0.892531, -0.946153, -0.057025
0.952795, -0.890150, -0.029524
0.259469, -0.854799, 0.097668
1.551461, 0.785169, -0.215747
1.343378, 0.828692, -0.137918
1.575357, 0.838043, -0.249850
1.519275, 0.903727, -0.250318
1.376207, 0.811199, -0.118173
1.272157, 0.797016, -0.091109
1.534596, 0.859365, -0.212459
1.439507, 0.866971, -0.162124
3.149893, 0.696561, -0.918409
3.111202, 0.691640, -0.785304
3.178527, 0.750784, -0.884947
3.143716, 0.775686, -0.828402
3.233821, 0.708967, -0.853548
3.158753, 0.664855, -0.736069
3.190149, 0.752934, -0.843768
3.171460, 0.728724, -0.719163
1.018097, 0.652611, -0.040213
0.873435, 0.701343, -0.006796
1.102391, 0.751984, -0.044333
0.814650, 0.761285, -0.008410
0.994024, 0.689761, -0.010274
0.716917, 0.700378, 0.036203
1.109842, 0.755885, -0.039390
0.526355, 0.831253, 0.098342
-0.202071, -0.123251, -0.889762
-0.237645, -0.085491, -0.885285
-0.211082, -0.036315, -0.894952
0.130639, -0.012508, -0.881649
-0.352596, -0.186121, -0.866665
-0.359694, -0.168058, -0.855338
-0.662343, -0.113043, -0.821019
-0.413635, -0.152559, -0.782141
0.962799, 0.664135, -0.112580
0.811453, 0.649617, -0.073538
1.043133, 0.746754, -0.148016
0.897216, 0.707721, -0.090693
0.969368, 0.620250, -0.088896
0.705554, 0.671989, -0.021250
1.081538, 0.744031, -0.126519
0.908668, 0.771770, -0.072667
0.856882, -0.956079, -0.279683
0.579754, -0.981543, -0.166599
0.652424, -0.922858, -0.158100
0.566725, -0.889896, -0.092668
1.138551, -0.905050, -0.302671
0.735750, -0.949167, -0.185425
0.963742, -0.868142, -0.199197
0.789216, -0.887584, -0.152579
0.394459, -0.357461, -0.933403
0.127514, -0.384325, -0.928982
0.411391, -0.343737, -0.839976
0.283022, -0.266525, -0.708819
0.484824, -0.392339, -0.942116
0.459248, -0.384561, -0.851281
0.498152, -0.301750, -0.895704
0.435003, -0.261964, -0.883583
0.760444, 0.474697, -0.101680
0.548991, 0.529543, -0.032606
0.782298, 0.563060, -0.137915
0.537185, 0.540448, -0.043447
0.977913, 0.443544, -0.151605
0.710930, 0.455745, -0.079559
0.810273, 0.603497, -0.110138
0.647709, 0.594229, -0.044921
0.507865, -0.841303, -0.120759
0.271470, -0.878473, -0.107008
0.587433, -0.770464, -0.152584
0.433670, -0.803302, -0.098796
0.622258, -0.836412, -0.124837
0.377034, -0.812105, -0.050393
0.590406, -0.762397, -0.102801
0.522496, -0.751949, -0.087722
1.010189, -0.939472, -0.417411
0.841338, -0.954159, -0.330764
0.846040, -0.897563, -0.302115
0.619228, -0.895412, -0.206601
1.196643, -0.937141, -0.426955
1.122569, -0.947349, -0.413955
1.053858, -0.874964, -0.310327
0.931866, -0.902115, -0.271674
2.256867, -0.731075, -0.992504
2.218555, -0.672709, -0.948033
2.190955, -0.609758, -0.958939
2.280481, -0.644749, -0.930113
2.445196, -0.668035, -0.981772
2.476409, -0.697533, -0.954485
2.486817, -0.648488, -0.973849
2.520810, -0.634773, -0.941631
-0.769720, -0.719992, -0.235137
-0.705448, -0.745625, -0.259227
-0.645179, -0.653344, -0.186201
-0.670202, -0.666849, -0.240323
-0.934003, -0.601089, -0.097748
-0.798905, -0.743219, -0.226011
-0.985481, -0.459671, -0.398408
-0.841597, -0.623122, -0.218416
0.587372, 0.274571, -0.141029
0.575095, 0.280724, -0.105367
0.643182, 0.374964, -0.163317
0.607173, 0.395560, -0.129236
0.753391, 0.283126, -0.163711
0.650288, 0.264410, -0.122921
0.747358, 0.334477, -0.166848
0.541793, 0.422230, -0.078112
0.468802, -0.649328, -0.152537
0.344639, -0.675009, -0.143747
0.468443, -0.594416, -0.154710
0.307346, -0.611646, -0.104748
0.541276, -0.682616, -0.121878
0.398583, -0.716341, -0.110304
0.584771, -0.599550, -0.152596
0.352460, -0.614531, -0.094493
0.597982, -0.836297, -0.257996
0.430306, -0.858070, -0.206494
0.593732, -0.773213, -0.242264
0.458084, -0.777034, -0.219023
0.635837, -0.843860, -0.223939
0.450458, -0.819224, -0.170686
0.732132, -0.779116, -0.209491
0.548214, -0.753804, -0.184207
1.875276, -0.546335, -0.957674
1.972201, -0.549045, -0.937148
1.882886, -0.519560, -0.936456
1.927598, -0.520298, -0.926164
2.000792, -0.569708, -0.971308
2.148226, -0.561112, -0.933648
2.146024, -0.522676, -0.961372
2.193012, -0.489338, -0.937549
0.826303, -0.871987, -0.404198
0.659370, -0.887914, -0.319024
0.835660, -0.842097, -0.343881
0.664239, -0.855910, -0.275308
1.096939, -0.898328, -0.468654
0.927760, -0.919860, -0.443545
0.919632, -0.861007, -0.348289
0.870695, -0.859464, -0.306887
1.776326, -0.711480, -0.916371
1.800468, -0.703653, -0.892052
1.728331, -0.618635, -0.886457
1.755498, -0.616942, -0.848198
2.032026, -0.681323, -0.931026
1.917602, -0.675899, -0.889559
2.091324, -0.628971, -0.897703
2.040414, -0.615072, -0.863889
0.800683, -0.938748, 0.000677
0.310828, -0.924258, 0.085283
0.537098, -0.907813, 0.082002
-0.065347, -0.820250, 0.099657
0.228008, -0.931812, 0.113284
-0.468487, -0.881042, -0.109649
-0.120437, -0.869954, 0.094572
-0.508334, -0.843752, -0.101298
0.497299, 0.121755, -0.183084
0.340935, 0.058840, -0.159105
0.455738, 0.220161, -0.197915
0.327152, 0.154196, -0.157279
0.570913, 0.086633, -0.155181
0.392713, 0.081322, -0.140876
0.532920, 0.165491, -0.148009
0.495634, 0.161778, -0.152496
0.290414, -0.540287, -0.191056
0.221598, -0.501026, -0.166797
0.315316, -0.467519, -0.197043
0.199760, -0.415448, -0.174683
0.318630, -0.505045, -0.190269
0.272302, -0.521147, -0.169255
0.395375, -0.440844, -0.205870
0.309795, -0.423247, -0.132322
0.374934, -0.616227, -0.262560
0.302553, -0.657976, -0.224701
0.130990, -0.549219, -0.212369
0.386530, -0.567400, -0.234569
0.513215, -0.639829, -0.231862
0.350255, -0.673336, -0.232155
0.458464, -0.603147, -0.241982
0.428005, -0.579475, -0.235338
1.489239, -0.477226, -0.953468
1.521301, -0.485892, -0.899931
1.505907, -0.402889, -0.956149
1.414126, -0.408826, -0.889553
1.690940, -0.473451, -0.955166
1.595569, -0.483487, -0.910512
1.678993, -0.389922, -0.939553
1.759085, -0.385930, -0.908976
0.409734, -0.748402, -0.330009
0.467862, -0.801443, -0.323779
0.575242, -0.714384, -0.339456
0.516180, -0.682305, -0.304449
0.666570, -0.786775, -0.304759
0.545528, -0.769800, -0.317399
0.604339, -0.681335, -0.316498
0.566568, -0.759501, -0.280279
1.408985, -0.590350, -0.889239
1.394549, -0.596503, -0.831953
1.351088, -0.528630, -0.877040
1.350379, -0.525073, -0.839627
1.697973, -0.571151, -0.873531
1.645552, -0.601615, -0.868935
1.691368, -0.539702, -0.875449
1.554238, -0.509421, -0.822014
0.595000, -0.856501, -0.445289
0.645890, -0.840198, -0.416368
0.782758, -0.790905, -0.437849
0.653045, -0.792782, -0.377831
0.944391, -0.841531, -0.498011
0.836014, -0.849658, -0.444074
0.822444, -0.828836, -0.438975
0.761329, -0.830463, -0.399673
1.385456, -0.732763, -0.870349
1.390089, -0.736140, -0.825865
1.312532, -0.636368, -0.797116
1.353246, -0.664742, -0.789038
1.467516, -0.687445, -0.832288
1.573434, -0.698247, -0.826575
1.672600, -0.637992, -0.814855
1.566411, -0.650940, -0.809602
-0.826321, -0.270411, -0.531178
-0.871125, -0.262093, -0.533176
-0.864536, -0.113070, -0.547224
-0.906870, -0.176913, -0.526747
-0.270094, -0.303831, -0.311844
-0.174078, -0.347439, -0.254952
-0.091715, -0.280142, -0.213108
-0.114078, -0.281903, -0.213184
-0.725904, -0.399750, -0.491338
-0.779571, -0.394551, -0.483197
-0.538027, -0.317762, -0.427154
-0.820466, -0.365044, -0.527701
-0.148572, -0.484186, -0.274232
-0.281569, -0.426765, -0.334133
-0.084673, -0.425212, -0.237109
-0.392449, -0.354457, -0.379079
1.142173, -0.363585, -0.883625
1.130446, -0.365705, -0.835553
1.131275, -0.329711, -0.862037
1.120785, -0.305404, -0.800487
1.361302, -0.345017, -0.919611
1.339007, -0.382920, -0.897644
1.257659, -0.280160, -0.895614
1.250710, -0.303388, -0.881777
-0.305321, -0.588353, -0.362901
-0.677747, -0.605362, -0.448873
-0.688326, -0.519505, -0.482490
-0.696020, -0.462055, -0.484147
0.249204, -0.646183, -0.272689
0.107941, -0.590385, -0.228198
-0.032359, -0.554303, -0.254144
0.069812, -0.516666, -0.213123
1.059264, -0.506796, -0.783969
0.934604, -0.471531, -0.698172
1.098878, -0.430977, -0.777926
0.841100, -0.453454, -0.627963
1.230897, -0.458131, -0.836162
1.324885, -0.507921, -0.824593
1.270528, -0.427759, -0.820989
1.165773, -0.424113, -0.783833
-0.199512, -0.663526, -0.353951
-0.125974, -0.686424, -0.325074
-0.067905, -0.661521, -0.312269
-0.560359, -0.622427, -0.441062
-0.049838, -0.720268, -0.317398
0.231110, -0.710783, -0.301243
0.401673, -0.681901, -0.331647
0.130173, -0.650556, -0.272846
0.964661, -0.581992, -0.699044
0.872719, -0.652493, -0.639133
1.008270, -0.536961, -0.711174
0.787645, -0.567577, -0.586013
1.050623, -0.610821, -0.738196
1.215861, -0.606252, -0.745521
1.189512, -0.570752, -0.775980
1.090895, -0.580452, -0.710423
-0.001806, -0.803332, -0.360696
-0.459808, -0.809443, -0.448606
-0.042661, -0.769257, -0.359821
-0.062404, -0.725557, -0.344180
0.342017, -0.833796, -0.423704
0.185287, -0.820681, -0.378256
0.659333, -0.776254, -0.455593
0.401442, -0.791506, -0.389736
0.730069, -0.767971, -0.625262
0.585472, -0.756095, -0.547146
0.848885, -0.699657, -0.624734
0.733835, -0.688546, -0.563924
0.948214, -0.769143, -0.719308
0.894008, -0.751016, -0.654912
1.039443, -0.701497, -0.718047
0.897965, -0.679623, -0.632334
-0.399251, 0.700844, -0.619528
-0.599460, 0.744301, -0.683612
-0.648157, 0.800618, -0.685638
-0.539429, 0.714597, -0.595531
0.308107, 0.547533, -0.376906
0.815706, 0.522261, -0.704358
0.795195, 0.580282, -0.693867
0.837624, 0.660455, -0.695286
-0.647574, 0.629458, -0.746058
-0.475518, 0.597456, -0.602364
-0.290810, 0.597983, -0.463015
-0.602841, 0.699857, -0.724536
0.257610, 0.430759, -0.365736
-0.269425, 0.450008, -0.394149
0.469494, 0.439838, -0.449444
-0.338818, 0.533982, -0.414454
-0.280178, 0.551478, -0.444427
-0.097317, 0.552441, -0.416096
-0.096978, 0.603751, -0.421699
-0.592851, 0.606355, -0.601267
0.440410, 0.416621, -0.453795
0.007461, 0.401284, -0.348872
-0.358694, 0.580842, -0.448230
0.688248, 0.502728, -0.597197
-0.478759, 0.483980, -0.610043
-0.505464, 0.428093, -0.615650
-0.706689, 0.584846, -0.771756
-0.510355, 0.522174, -0.645433
-0.029020, 0.266386, -0.337795
-0.095997, 0.254099, -0.347657
-0.565405, 0.488706, -0.558235
-0.629124, 0.472655, -0.584507
-0.147544, 0.449047, -0.477114
-0.396564, 0.449925, -0.537813
-0.162882, 0.501757, -0.477260
-0.428460, 0.565081, -0.604568
-0.281834, 0.360470, -0.445077
-0.128551, 0.277752, -0.377908
-0.223779, 0.398656, -0.406926
-0.074857, 0.400768, -0.366475
-0.302306, 0.381593, -0.704980
-0.160771, 0.382516, -0.787127
-0.392257, 0.426187, -0.698897
-0.273368, 0.423554, -0.743405
-0.487677, 0.330806, -0.617275
-0.477458, 0.279523, -0.603591
-0.533935, 0.387541, -0.616933
-0.589680, 0.442487, -0.710757
-0.243396, 0.303924, -0.527681
-0.186776, 0.297124, -0.489820
0.113857, 0.371868, -0.490592
-0.256043, 0.324251, -0.539777
0.318055, 0.190943, -0.505318
0.296905, 0.195143, -0.486931
0.344448, 0.329244, -0.478715
0.420689, 0.281905, -0.506638
-0.369691, 0.265411, -0.788540
-0.435803, 0.291149, -0.830938
-0.478878, 0.316794, -0.743098
-0.177991, 0.365008, -0.820967
-0.499587, 0.191332, -0.660946
-0.567189, 0.273121, -0.782081
-0.578257, 0.287637, -0.721866
-0.530937, 0.354513, -0.769113
-0.587523, 0.160020, -0.989232
0.098920, 0.152288, -0.502034
-0.425336, 0.268736, -1.007037
0.709591, 0.223726, -0.889473
-0.328789, 0.178324, -1.023981
0.151777, 0.168050, -0.504152
0.168538, 0.347255, -1.036247
0.086240, 0.228981, -0.493964
1.437872, 0.760728, -0.315256
1.250203, 0.775302, -0.240877
1.506726, 0.833264, -0.396819
1.411355, 0.814652, -0.326640
1.541031, 0.762875, -0.325528
1.467151, 0.800354, -0.281610
1.717247, 0.814196, -0.402050
1.496463, 0.810318, -0.327258
-0.235119, 0.021708, -0.821238
-0.257872, 0.045992, -0.847601
-0.152338, 0.118574, -0.827184
-0.418145, 0.059069, -0.817884
-0.596740, -0.112494, -0.732464
-0.779201, -0.001217, -0.802497
-0.528649, 0.031824, -0.790831
-0.729392, -0.008558, -0.763394
0.516452, 0.828971, -0.817418
0.600391, 0.823286, -0.887974
0.391358, 0.871204, -0.875920
0.556058, 0.865966, -0.837394
0.021923, 0.756130, -0.443896
-0.291815, 0.838006, -0.732107
-0.254812, 0.916627, -0.582524
0.459089, 0.927235, -0.972311
0.447077, 0.660061, -0.792778
0.594958, 0.704226, -0.838241
0.521129, 0.729890, -0.773091
0.511144, 0.735961, -0.807473
0.407065, 0.619204, -0.562408
-0.105249, 0.772614, -0.813967
0.178280, 0.727309, -0.484829
0.484348, 0.741892, -0.600106
0.685856, 0.615198, -0.873683
0.644438, 0.695214, -0.820757
0.535409, 0.760366, -0.870888
0.478696, 0.740561, -0.832303
-0.159031, 0.653143, -0.456485
-0.307076, 0.754603, -0.666553
-0.230845, 0.749639, -0.506381
-0.288428, 0.781705, -0.695710
0.585689, 0.503550, -0.764288
0.374237, 0.542874, -0.688371
0.421802, 0.603504, -0.738925
0.546712, 0.646551, -0.839610
0.248304, 0.497196, -0.527083
0.090375, 0.548206, -0.531809
-0.122291, 0.692137, -0.815500
0.188962, 0.566628, -0.506492
0.538574, 0.559550, -0.943319
-0.285154, 0.652084, -1.014344
0.202845, 0.668365, -1.011057
0.256371, 0.649914, -1.006616
-0.169545, 0.703151, -0.819203
-0.325599, 0.624902, -0.685016
0.518771, 0.497872, -0.622479
0.618640, 0.545750, -0.697138
0.481807, 0.466505, -0.923560
0.267599, 0.440056, -0.638122
0.539498, 0.519778, -0.873783
0.245472, 0.520522, -0.619363
-0.189142, 0.482020, -0.786576
0.535003, 0.455599, -0.863227
-0.073779, 0.598435, -0.852120
0.355992, 0.448049, -0.578597
-0.620064, 0.509210, -0.970881
-0.578284, 0.558422, -0.976661
0.387134, 0.525472, -0.841629
0.013641, 0.534650, -1.010541
-0.465736, 0.543231, -0.994043
-0.375360, 0.497492, -1.021821
-0.431740, 0.618173, -1.006800
-0.103122, 0.484531, -0.491813
0.456783, 0.375321, -0.843802
0.458608, 0.330651, -0.855550
0.308187, 0.387070, -0.654318
0.029727, 0.386317, -0.650251
0.523489, 0.346079, -0.819044
0.330472, 0.266478, -0.607884
0.531138, 0.403710, -0.832871
0.265022, 0.335601, -0.565026
-0.571942, 0.231621, -0.008605
0.304455, 0.364888, -0.797761
-0.511300, 0.331439, 0.034098
0.228992, 0.383021, -0.801517
-0.824502, 0.370128, -0.967417
-0.516832, 0.360020, -0.993345
-0.608075, 0.461878, -0.986901
-0.378742, 0.499467, -1.022828
0.121359, 0.178374, -0.589037
0.312717, 0.210392, -0.661870
0.418116, 0.274886, -0.758312
-0.000505, 0.276662, -0.647761
0.469809, 0.245892, -0.910355
0.480540, 0.241032, -0.851987
0.152160, 0.238580, -0.547080
0.483157, 0.237217, -0.730811
0.622353, -0.060384, 0.165070
-0.569661, 0.055446, -0.022683
-0.558894, 0.137791, -0.012139
-0.571285, 0.186282, -0.013052
-0.497473, 0.140990, 0.086342
-0.995630, 0.261304, -0.428437
0.275398, 0.326861, -0.831490
0.277040, 0.305012, -0.925204
0.920234, 0.802355, -0.178013
0.668539, 0.808458, -0.085032
1.082599, 0.857752, -0.241897
0.834693, 0.853881, -0.174576
0.984246, 0.797507, -0.162662
0.800339, 0.811616, -0.106597
1.131788, 0.861099, -0.235537
0.970439, 0.871435, -0.160479
0.425766, -0.063152, -0.793691
0.058275, -0.042044, -0.939258
0.327169, 0.007351, -0.674343
0.425596, 0.029720, -0.843095
0.524732, -0.048724, -0.887056
0.517351, -0.071109, -0.878116
0.355719, -0.006017, -0.647512
0.510138, -0.031711, -0.815926
2.354057, 0.580951, -0.929945
2.386754, 0.614307, -0.887266
2.387470, 0.665412, -0.945943
2.342759, 0.710494, -0.931333
2.417277, 0.600354, -0.907984
2.570225, 0.636101, -0.879976
2.554549, 0.673913, -0.904802
2.553956, 0.676554, -0.891183
0.668783, -0.298462, 0.142487
-0.585612, -0.242645, 0.002412
1.568537, -0.232251, -0.012162
-0.793233, -0.122259, -0.017571
-0.763503, -0.200733, -0.039529
-0.790757, -0.108179, -0.912855
0.266121, 0.017240, -0.950710
0.051192, 0.000309, -0.990880
1.046527, 0.655018, -0.206019
0.919167, 0.650679, -0.157557
0.983432, 0.686411, -0.210715
0.958745, 0.722126, -0.181657
1.142331, 0.646983, -0.222409
1.107930, 0.644005, -0.186013
1.311684, 0.688409, -0.277380
1.070512, 0.726617, -0.183631
0.298397, -0.187092, -0.711964
0.404656, -0.199105, -0.778871
0.384606, -0.113638, -0.787435
0.379009, -0.113921, -0.753388
0.002688, -0.202238, -0.787725
0.468245, -0.203305, -0.933452
-0.047316, -0.042125, -0.811293
0.036242, -0.063857, -0.782208
-0.441563, 0.801936, -0.124375
0.060707, 0.757222, 0.166298
-0.073096, 0.817191, 0.036953
-0.479106, 0.826917, -0.137792
-0.511485, 0.837042, -0.001258
0.206063, 0.844033, -0.957720
-0.519854, 0.879080, -0.131726
-0.317606, 0.853292, -0.118918
-0.457998, 0.798711, -0.075856
-0.374945, 0.764819, -0.090779
1.178712, 0.894700, 0.064880
0.623397, 0.888177, 0.164882
-0.500513, 0.841132, -0.023129
-0.424169, 0.842896, 0.033591
-0.509593, 0.818668, -0.070745
-0.505795, 0.889215, 0.007326
-0.592843, 0.680068, -0.109184
-0.753083, 0.715360, -0.130081
-0.768603, 0.720729, -0.120333
-0.642486, 0.735717, -0.127121
0.128755, 0.660745, -0.619497
-0.307149, 0.733932, -0.947756
0.319349, 0.765763, -0.946114
0.193571, 0.798837, -0.971103
-0.726684, 0.651446, -0.058668
0.283893, 0.604786, 0.186466
1.143106, 0.684451, 0.073977
0.286496, 0.723354, 0.198024
0.044179, 0.751910, -0.984866
0.358350, 0.644017, -0.712521
0.382951, 0.707300, -0.747246
-0.094959, 0.824822, -0.965925
-0.661513, 0.506320, -0.141976
-0.727955, 0.519749, -0.143657
-0.680721, 0.618952, -0.135978
-0.728197, 0.594075, -0.139973
-0.799785, 0.605505, -0.021611
-0.589430, 0.606069, 0.033313
-0.898291, 0.635840, -0.129532
0.302917, 0.589190, -0.759099
0.166233, 0.376309, 0.187497
1.311941, 0.502426, 0.042032
1.327940, 0.564362, 0.042770
0.617106, 0.517190, 0.151279
-0.308536, 0.432736, 0.011390
-0.727063, 0.576457, -0.050277
-0.507893, 0.596074, 0.022753
0.358259, 0.584764, -0.756316
-0.672284, 0.399401, -0.171698
-0.805968, 0.391521, -0.240888
-0.713132, 0.473595, -0.167110
-0.785556, 0.469112, -0.241187
-0.567737, 0.484290, 0.048362
-0.809183, 0.438031, -0.015758
-0.930388, 0.518639, -0.087540
-0.609849, 0.552592, 0.049543
2.605102, 0.334673, -0.148219
0.763980, 0.295952, 0.128901
1.462113, 0.389194, 0.029631
0.848034, 0.391240, 0.110604
-0.322544, 0.309523, 0.031456
-0.437978, 0.307477, -0.017884
-0.305018, 0.387570, 0.034666
-0.359207, 0.511957, 0.122988
-0.728567, 0.197507, -0.207753
-0.719933, 0.235778, -0.207011
-0.856802, 0.336164, -0.219392
-0.751279, 0.300977, -0.246497
-0.895048, 0.280375, -0.142857
-0.821955, 0.354793, 0.028377
-0.803982, 0.472494, 0.055457
-0.797026, 0.453268, 0.053174
3.299328, 0.106269, -0.221628
3.081789, 0.104691, -0.154484
3.283983, 0.227437, -0.156385
2.832322, 0.257275, -0.145827
1.611762, 0.137610, -0.017579
-0.251545, 0.108444, 0.135327
1.474531, 0.264035, 0.022914
-0.405028, 0.213244, 0.028755
-0.743828, 0.067918, -0.268934
-0.776229, 0.009718, -0.342815
-0.788908, 0.119322, -0.314555
-0.805893, 0.153986, -0.336635
0.067082, 0.223458, -0.735557
-0.839939, 0.237962, -0.016713
0.232422, 0.294853, -0.807662
-0.910795, 0.268541, -0.147309
0.555598, 0.643588, -0.140181
0.547863, 0.649392, -0.103596
0.583117, 0.729014, -0.159475
0.432207, 0.709428, -0.093385
0.665709, 0.689677, -0.110903
0.557720, 0.665698, -0.067851
0.736171, 0.726068, -0.138102
0.482934, 0.742502, -0.041241
-0.759383, -0.415637, -0.304928
-0.702229, -0.446563, -0.303951
-0.882763, -0.280882, -0.319907
-0.691621, -0.322477, -0.300880
-0.956521, -0.316348, -0.257727
-0.944339, -0.241885, -0.757723
-0.957182, -0.266595, -0.257286
-0.965338, -0.278714, -0.272364
2.009482, 0.447953, -0.889918
1.953475, 0.499869, -0.876608
1.888069, 0.524231, -0.902203
1.861796, 0.522268, -0.870814
2.128202, 0.467974, -0.904332
2.108428, 0.468988, -0.857155
2.148930, 0.539876, -0.918809
2.097152, 0.558539, -0.881968
3.276554, -0.430118, -0.187111
1.354522, -0.506358, 0.031056
3.263521, -0.376145, -0.185051
3.126199, -0.348525, -0.148167
1.677923, -0.453425, -0.059562
0.453626, -0.474589, 0.182387
1.422589, -0.437394, 0.022272
-0.402265, -0.361510, 0.038076
0.829589, 0.479293, -0.219045
0.778328, 0.488496, -0.188142
0.760367, 0.521012, -0.217632
0.800602, 0.513540, -0.202040
0.935737, 0.430587, -0.213616
0.846113, 0.448926, -0.169993
0.921002, 0.569428, -0.190879
0.752388, 0.558638, -0.156145
-0.700879, -0.561987, -0.196978
-0.591660, -0.610605, -0.131832
-0.778138, -0.469858, -0.239121
-0.785940, -0.450011, -0.270261
-0.621726, -0.403871, -0.880535
-0.857285, -0.576711, -0.205694
-0.917310, -0.434936, -0.216740
-0.968323, -0.269814, -0.592242
1.487458, 0.776149, -0.059763
1.110506, 0.845811, 0.051813
1.704143, 0.887546, -0.133221
1.498232, 0.897338, -0.074655
-0.040276, 0.712962, 0.051155
0.035519, 0.762216, 0.137178
0.104767, 0.826700, 0.174602
0.225192, 0.846044, 0.186966
2.741658, 0.741577, -0.201819
2.573790, 0.778842, -0.189881
2.709752, 0.783994, -0.196809
2.649080, 0.834476, -0.196381
2.264535, 0.756163, -0.169269
1.766792, 0.749827, -0.094667
2.338413, 0.832854, -0.170212
1.828330, 0.812684, -0.111075
0.764438, 0.677753, 0.097782
0.574106, 0.699213, 0.127338
0.616008, 0.782553, 0.132194
0.172421, 0.698859, 0.172300
-0.385194, 0.586957, -0.111685
-0.255526, 0.613204, -0.080505
0.303160, 0.730952, 0.172958
0.183322, 0.714193, 0.175406
2.739413, 0.631912, -0.170684
2.697936, 0.629325, -0.184246
2.829355, 0.681630, -0.180257
2.710898, 0.644556, -0.181303
2.494499, 0.571751, -0.166393
2.381637, 0.595735, -0.154125
2.521586, 0.666727, -0.167177
2.226875, 0.660449, -0.159243
0.315117, 0.432442, 0.146974
0.323328, 0.459489, 0.142350
-0.099822, 0.495693, 0.048030
0.249599, 0.565625, 0.142243
-0.542907, 0.515215, -0.167667
-0.626459, 0.545837, -0.181025
-0.167058, 0.531404, -0.022160
-0.348927, 0.542517, -0.140275
3.126445, 0.427430, -0.265613
2.968834, 0.390088, -0.190858
3.177812, 0.461178, -0.316799
2.977459, 0.468204, -0.204189
2.661695, 0.479635, -0.167195
2.620569, 0.446023, -0.172596
2.952059, 0.528028, -0.181179
2.662034, 0.558822, -0.170873
-0.253492, 0.277082, -0.041991
-0.268777, 0.345648, -0.068898
0.042150, 0.376546, 0.134783
-0.180225, 0.436925, -0.022961
-0.602621, 0.365742, -0.196275
-0.554852, 0.358755, -0.197814
-0.601305, 0.444066, -0.194452
-0.668105, 0.430340, -0.222570
3.282488, 0.245373, -0.529185
3.250571, 0.255377, -0.404802
3.236606, 0.326462, -0.313430
3.220631, 0.344294, -0.379392
3.274286, 0.253144, -0.384472
3.160590, 0.249660, -0.167649
3.256658, 0.353404, -0.322583
3.206648, 0.363037, -0.243150
-0.427112, 0.139757, -0.165218
-0.481531, 0.197695, -0.211842
-0.369577, 0.234934, -0.144290
-0.543891, 0.286876, -0.233255
-0.690118, 0.152712, -0.253184
-0.698648, 0.198459, -0.282147
-0.687583, 0.241346, -0.247421
-0.633414, 0.306273, -0.287746
0.372337, 0.476409, -0.165432
0.319233, 0.408690, -0.134166
0.371880, 0.486116, -0.169830
0.433419, 0.554702, -0.152966
0.580622, 0.450285, -0.165150
0.444329, 0.500924, -0.121246
0.604698, 0.569750, -0.160793
0.458726, 0.574438, -0.122227
-0.080169, -0.610462, 0.101223
-0.365459, -0.656955, -0.092174
-0.342367, -0.519118, -0.088889
-0.474497, -0.517502, -0.138084
-0.383469, -0.595154, -0.074036
-0.633995, -0.605203, -0.205146
-0.485562, -0.504335, -0.117103
-0.597283, -0.512488, -0.210490
1.494491, 0.334189, -0.883602
1.542017, 0.351006, -0.840721
1.455888, 0.425458, -0.872890
1.415339, 0.432447, -0.837122
1.751952, 0.335586, -0.874996
1.669078, 0.331406, -0.839337
1.648373, 0.393762, -0.889236
1.780553, 0.397853, -0.875446
3.241041, -0.532746, -0.409012
3.217076, -0.493997, -0.397398
3.241044, -0.476222, -0.368673
3.168194, -0.466048, -0.225405
3.246988, -0.520206, -0.252894
3.159497, -0.540334, -0.181818
3.212324, -0.491914, -0.184738
3.210298, -0.463499, -0.234880
0.460472, 0.244431, -0.220852
0.367222, 0.255007, -0.187474
0.620804, 0.335257, -0.232988
0.461346, 0.313451, -0.204219
0.688322, 0.295555, -0.243721
0.672569, 0.310566, -0.217209
0.761541, 0.388319, -0.249023
0.628905, 0.352531, -0.210631
0.739265, -0.809629, 0.060250
0.457942, -0.829261, 0.109046
0.166497, -0.700734, 0.150912
0.308045, -0.720221, 0.147547
-0.396588, -0.776085, -0.027337
-0.383793, -0.804442, -0.054022
-0.375717, -0.684668, -0.017283
-0.429867, -0.682915, -0.041862
1.691882, 0.799638, -0.172432
1.709079, 0.816970, -0.203799
1.984095, 0.847249, -0.293847
1.844901, 0.870810, -0.254908
1.503297, 0.787179, -0.089210
1.404155, 0.795004, -0.076455
1.631771, 0.884551, -0.145031
1.731573, 0.916354, -0.206605
3.124757, 0.672104, -0.465534
2.966218, 0.723403, -0.325489
3.144382, 0.776082, -0.502116
3.059710, 0.730251, -0.371218
2.916517, 0.704126, -0.247988
2.795844, 0.716344, -0.216968
3.119184, 0.764645, -0.390019
2.963940, 0.782414, -0.271231
1.131221, 0.665202, 0.003189
1.118064, 0.700805, 0.001938
1.517303, 0.767054, -0.139062
1.145931, 0.779835, 0.000467
0.889226, 0.644908, 0.052244
0.578545, 0.718664, 0.112572
0.768134, 0.778553, 0.080254
1.089067, 0.801771, 0.016097
3.156028, 0.513875, -0.429156
3.124624, 0.501659, -0.380350
3.183807, 0.627331, -0.597866
3.155280, 0.621691, -0.459943
3.144337, 0.548291, -0.330874
3.037672, 0.567997, -0.275648
3.197409, 0.627439, -0.422292
3.144526, 0.614975, -0.372459
0.802828, 0.469770, 0.041655
0.666054, 0.515388, 0.067764
1.023389, 0.559021, 0.003655
0.918995, 0.565002, 0.017332
0.310931, 0.452242, 0.131703
0.079746, 0.479286, 0.108843
0.312129, 0.533777, 0.132011
0.221237, 0.549472, 0.121264
3.235886, 0.442213, -0.723878
3.210918, 0.412614, -0.621756
3.208983, 0.500284, -0.703150
3.211012, 0.452064, -0.504734
3.248204, 0.392272, -0.476849
3.202200, 0.424862, -0.394732
3.246073, 0.493165, -0.639782
3.197024, 0.462666, -0.384681
0.514846, 0.282496, 0.087841
0.319341, 0.269857, 0.111936
0.199392, 0.425359, 0.106299
0.301676, 0.388156, 0.112386
0.233366, 0.296333, 0.116714
-0.369809, 0.361022, -0.174741
-0.015242, 0.335766, 0.096100
-0.064236, 0.355046, 0.047720
-0.837839, 0.380921, -0.444074
-0.702256, 0.331976, -0.446529
-0.481090, 0.409461, -0.380937
-0.869893, 0.488561, -0.436753
0.119748, 0.269899, -0.114955
-0.065234, 0.224957, -0.130650
0.062020, 0.314596, -0.107503
-0.345992, 0.340466, -0.317076
0.664037, -0.799744, 0.045046
0.806884, -0.829539, -0.006155
0.769444, -0.749192, 0.031712
0.483350, -0.773343, 0.081623
0.434750, -0.781321, 0.113003
0.263703, -0.790045, 0.113529
0.297542, -0.742312, 0.126948
0.123282, -0.716971, 0.122358
1.069486, 0.181424, -0.752106
1.081668, 0.190250, -0.708180
1.064937, 0.256238, -0.732620
0.992341, 0.254404, -0.659326
1.374115, 0.239694, -0.868788
1.208485, 0.185195, -0.771683
1.362935, 0.261097, -0.869055
1.308928, 0.283094, -0.815308
3.195556, -0.584263, -0.750338
3.172399, -0.624889, -0.491493
3.212894, -0.523442, -0.670462
3.179503, -0.579294, -0.617293
3.228349, -0.627202, -0.580530
3.203897, -0.648232, -0.414525
3.226843, -0.566263, -0.569013
3.203379, -0.541764, -0.561783
-0.550724, 0.187609, -0.415801
-0.717429, 0.212684, -0.489215
-0.648544, 0.230941, -0.465891
-0.532932, 0.242625, -0.402228
-0.130790, 0.068101, -0.183117
0.047891, 0.110441, -0.111305
-0.037661, 0.148442, -0.151077
0.080201, 0.173763, -0.099317
1.821307, -0.922961, -0.319452
1.575285, -0.918664, -0.258941
1.653669, -0.896528, -0.254354
1.454946, -0.900157, -0.230651
1.176756, -0.913567, -0.117690
0.968877, -0.935118, -0.039954
0.982683, -0.867582, -0.011653
1.048985, -0.883968, -0.069659
1.767850, 0.760864, -0.299599
1.563087, 0.771561, -0.196729
1.878391, 0.824553, -0.320530
1.657262, 0.841995, -0.256400
1.784401, 0.828123, -0.260900
1.602099, 0.839391, -0.212209
1.781983, 0.839046, -0.251324
1.721717, 0.838272, -0.266550
3.092968, 0.691383, -0.726067
3.116425, 0.719017, -0.644046
3.140587, 0.732772, -0.705494
3.068540, 0.805366, -0.737957
3.167622, 0.698696, -0.652878
3.125626, 0.698998, -0.553436
3.151467, 0.777505, -0.662564
3.152883, 0.782882, -0.629029
1.393234, 0.674606, -0.146432
1.148996, 0.658942, -0.067345
1.375437, 0.711639, -0.139428
1.201398, 0.777254, -0.076184
1.382198, 0.684956, -0.116873
1.188524, 0.721474, -0.055251
1.471301, 0.716718, -0.146972
1.099978, 0.732823, -0.025322
3.157062, 0.552816, -0.803567
3.156167, 0.551911, -0.765597
3.176521, 0.635211, -0.822616
3.137188, 0.592248, -0.806757
3.184355, 0.522347, -0.818061
3.167227, 0.572444, -0.702166
3.192013, 0.614990, -0.754839
3.161862, 0.606224, -0.749873
1.056345, 0.482063, -0.046324
0.587947, 0.470600, 0.050811
1.033107, 0.573905, -0.033884
0.710288, 0.567013, 0.029396
0.757077, 0.523762, 0.021395
0.516611, 0.534548, 0.072776
0.877195, 0.589603, 0.008097
0.553438, 0.567192, 0.078178
1.157277, -0.951955, -0.350527
1.032482, -0.933815, -0.255978
1.046093, -0.876547, -0.231661
0.628656, -0.883187, -0.060948
1.171092, -0.908572, -0.283601
1.089427, -0.940624, -0.283565
1.067384, -0.863195, -0.181122
0.953483, -0.924492, -0.193984
-0.739094, -0.074298, -0.884160
-0.974582, -0.071449, -0.790015
0.146379, 0.066945, -0.989680
-0.930747, -0.028414, -0.855065
0.303084, -0.032513, -0.938809
-0.458805, -0.071242, -0.997894
-0.800267, -0.042029, -0.908512
-0.956433, -0.053033, -0.949200
2.672407, 0.618372, -0.882639
2.734161, 0.625104, -0.817749
2.714173, 0.748710, -0.906353
2.620500, 0.694676, -0.871336
2.844445, 0.662215, -0.864878
2.760028, 0.656794, -0.827476
2.846977, 0.719065, -0.850532
2.755011, 0.703541, -0.833157
-0.005485, -0.134543, -0.888233
-0.142029, -0.130189, -0.902771
-0.164426, -0.143137, -0.730716
-0.242975, -0.065427, -0.846261
-0.441145, -0.180475, -0.834540
-0.373852, -0.217495, -0.732854
-0.336630, -0.189883, -0.716978
-0.597273, -0.171776, -0.784799
1.284662, 0.655538, -0.235280
1.137223, 0.634199, -0.175193
1.270956, 0.706881, -0.239207
1.199197, 0.741849, -0.188182
1.406992, 0.629925, -0.251963
1.237906, 0.664343, -0.178895
1.405749, 0.666720, -0.227258
1.203515, 0.738327, -0.183915
-0.164935, -0.306613, -0.879922
0.396224, -0.401678, -0.721452
0.044927, -0.262616, -0.882491
0.047636, -0.344550, -0.634553
-0.249639, -0.385854, -0.853387
-0.405710, -0.394058, -0.881459
-0.521292, -0.314303, -0.839874
-0.311261, -0.203535, -0.883020
1.052541, 0.488185, -0.143904
0.723938, 0.458230, -0.042436
1.027213, 0.582370, -0.138385
0.901190, 0.572756, -0.090616
1.026977, 0.448451, -0.110129
0.648158, 0.510664, -0.018773
1.034989, 0.546562, -0.115736
0.915225, 0.559992, -0.066447
0.771737, -0.821265, -0.128279
0.625700, -0.830781, -0.079673
0.750193, -0.780401, -0.121438
0.559909, -0.820369, -0.068663
0.960555, -0.858739, -0.200124
0.787501, -0.878473, -0.133890
1.035115, -0.775799, -0.178479
0.764124, -0.777172, -0.099174
1.247281, -0.913118, -0.404301
1.073344, -0.925106, -0.335163
1.251966, -0.884888, -0.380984
1.034679, -0.872624, -0.266095
1.557052, -0.917186, -0.447108
1.261772, -0.912696, -0.382125
1.320632, -0.856155, -0.332797
1.137759, -0.899227, -0.323986
2.695920, -0.719745, -0.958495
2.630887, -0.697417, -0.935175
2.698535, -0.612812, -0.966560
2.654665, -0.639086, -0.930819
2.845602, -0.698627, -0.955330
2.803424, -0.733847, -0.913677
2.862276, -0.677425, -0.924915
2.807798, -0.668564, -0.868974
-0.483360, -0.448059, 0.023056
-0.729171, -0.365809, -0.027476
-0.795926, -0.267555, -0.037306
-0.540212, -0.330949, -0.014149
-0.761770, -0.351330, -0.015845
0.100430, -0.178545, -0.985878
-0.811226, -0.289026, -0.027830
-0.604387, -0.118081, -0.937190
2.265369, 0.495568, -0.900062
2.215976, 0.460702, -0.881277
2.296857, 0.534802, -0.903400
2.239137, 0.577396, -0.894512
2.597182, 0.519207, -0.884174
2.473588, 0.507576, -0.854577
2.608971, 0.580679, -0.908232
2.516820, 0.551932, -0.848815
0.266617, -0.412209, -0.801732
0.298974, -0.354155, -0.788076
0.408323, -0.269682, -0.866157
0.401111, -0.322710, -0.922472
0.414594, -0.357427, -0.964056
0.496059, -0.436193, -0.929053
0.446424, -0.287620, -0.964516
0.507317, -0.370517, -0.826929
1.034805, 0.450084, -0.216609
0.984155, 0.469255, -0.173715
1.154492, 0.509643, -0.234215
0.822603, 0.569751, -0.143236
1.214005, 0.426526, -0.220845
1.046304, 0.427770, -0.190332
1.191438, 0.548076, -0.219621
1.034716, 0.544383, -0.174409
0.262565, -0.558979, -0.776931
-0.313094, -0.578123, -0.940978
0.365816, -0.485275, -0.830616
-0.532804, -0.457380, -0.899104
0.372967, -0.668456, -0.865265
0.375980, -0.577459, -0.804313
0.427943, -0.506377, -0.871704
-0.002171, -0.535034, -0.645181
0.781947, 0.271582, -0.127263
0.627764, 0.313003, -0.068730
0.860906, 0.348929, -0.133285
0.599198, 0.347891, -0.059697
0.855732, 0.268879, -0.126009
0.733568, 0.319264, -0.072230
0.884964, 0.348065, -0.125551
0.712169, 0.365333, -0.073684
0.649767, -0.681467, -0.121914
0.372426, -0.672620, -0.034679
0.600700, -0.644658, -0.122100
0.484030, -0.635335, -0.093981
0.657295, -0.688670, -0.094134
0.436175, -0.694728, -0.025997
0.659507, -0.580513, -0.103610
0.453937, -0.611847, -0.031913
0.855157, -0.844660, -0.238410
0.545190, -0.824211, -0.160413
0.881233, -0.766294, -0.214133
0.686542, -0.744645, -0.175467
0.961722, -0.807389, -0.223395
0.820038, -0.810348, -0.167464
1.010968, -0.736236, -0.214876
0.752640, -0.784100, -0.151054
2.287803, -0.567913, -0.954739
2.351359, -0.582024, -0.925426
2.394422, -0.486308, -0.958000
2.333194, -0.503276, -0.922393
2.455521, -0.588466, -0.957259
2.456150, -0.573602, -0.911083
2.409901, -0.532941, -0.963345
2.442222, -0.503234, -0.931611
1.207029, -0.902941, -0.482645
1.156409, -0.921297, -0.446610
1.061648, -0.847581, -0.379051
1.041257, -0.880053, -0.363901
1.369863, -0.888238, -0.468884
1.223109, -0.925739, -0.472024
1.351943, -0.870255, -0.431087
1.177266, -0.857033, -0.375994
2.239856, -0.734342, -0.946159
2.139771, -0.717368, -0.910080
2.199424, -0.607671, -0.909713
2.139263, -0.627134, -0.873982
2.392519, -0.696695, -0.929341
2.410665, -0.734958, -0.906291
2.490846, -0.612753, -0.903306
2.418652, -0.669702, -0.876515
3.184291, -0.570221, -0.148098
2.761132, -0.587873, -0.142466
3.251011, -0.525231, -0.170484
1.595041, -0.574316, -0.051234
1.574130, -0.638403, -0.044854
-0.242305, -0.553758, 0.144529
1.336320, -0.524480, 0.037440
1.193913, -0.519732, 0.065485
1.869227, 0.351273, -0.899600
1.970333, 0.324968, -0.844616
1.895744, 0.402844, -0.906925
1.876601, 0.412745, -0.855765
2.073162, 0.367984, -0.879314
2.042742, 0.321361, -0.862598
2.205572, 0.433517, -0.891134
2.188224, 0.389436, -0.878365
-0.642277, -0.760869, -0.142531
-0.494424, -0.799517, -0.071799
-0.712558, -0.615586, -0.200406
-0.563912, -0.653007, -0.107901
-0.992886, -0.517856, -0.505342
-0.834220, -0.672631, -0.166422
-0.913818, -0.533715, -0.114446
-0.944004, -0.515495, -0.102203
0.783511, 0.236396, -0.223801
0.662699, 0.258344, -0.176530
0.886714, 0.342670, -0.245508
0.680392, 0.377174, -0.182374
0.938234, 0.318780, -0.238253
0.802925, 0.311116, -0.171648
0.919953, 0.411889, -0.197979
0.805564, 0.343429, -0.176989
-0.553620, -0.926893, -0.117615
-0.611908, -0.886158, -0.220231
-0.659964, -0.840951, -0.217666
-0.575615, -0.837668, -0.276363
-0.847130, -0.858164, -0.122096
-0.573377, -0.882488, -0.295258
-0.883923, -0.748868, -0.065783
-0.967767, -0.643528, -0.183378
0.514844, 0.062665, -0.110918
0.531214, 0.144749, -0.090522
0.644751, 0.227476, -0.160113
0.447694, 0.194776, -0.098787
0.691116, 0.070473, -0.110353
0.532355, 0.066455, -0.094253
0.716956, 0.158878, -0.128472
0.573823, 0.177738, -0.093042
0.414645, -0.519218, -0.145413
0.372233, -0.499876, -0.147751
0.483174, -0.430730, -0.175058
0.356963, -0.433587, -0.137783
0.627828, -0.491281, -0.155257
0.405438, -0.558838, -0.100398
0.483824, -0.487821, -0.131340
0.493757, -0.468235, -0.116659
0.576141, -0.634921, -0.211921
0.467127, -0.713470, -0.186491
0.593443, -0.622467, -0.212416
0.523187, -0.562963, -0.180150
0.712646, -0.690780, -0.203374
0.599427, -0.702007, -0.166605
0.748051, -0.608700, -0.201965
0.599144, -0.643384, -0.159791
1.875301, -0.442911, -0.949975
1.784301, -0.479347, -0.913494
1.832512, -0.374573, -0.931246
1.831915, -0.391646, -0.924294
2.012846, -0.432451, -0.954473
2.025265, -0.463751, -0.935535
2.134753, -0.379492, -0.962627
2.019117, -0.407863, -0.925814
0.742151, -0.810915, -0.328589
0.579068, -0.775602, -0.262378
0.848017, -0.755799, -0.296396
0.637582, -0.754414, -0.243450
0.941226, -0.764938, -0.295941
0.703974, -0.829464, -0.241395
0.962051, -0.748582, -0.284680
0.904566, -0.712802, -0.254960
1.766718, -0.577856, -0.887474
1.772332, -0.601812, -0.865390
1.864179, -0.500888, -0.884934
1.912799, -0.529721, -0.837106
2.008459, -0.583453, -0.892343
2.092070, -0.554992, -0.855380
1.992498, -0.508352, -0.891161
1.976705, -0.550379, -0.852045
1.106486, -0.877604, -0.535531
0.963996, -0.894033, -0.478981
0.976859, -0.803603, -0.420400
0.893313, -0.832995, -0.361487
1.155819, -0.868336, -0.495340
1.087183, -0.901006, -0.504610
1.114927, -0.825184, -0.435373
1.091106, -0.854288, -0.411758
1.730936, -0.719120, -0.876866
1.717794, -0.740339, -0.847970
1.796273, -0.630782, -0.834593
1.737819, -0.637950, -0.790343
1.961388, -0.686068, -0.857699
1.872109, -0.695803, -0.834112
2.055229, -0.650865, -0.843146
1.890612, -0.638839, -0.808009
3.247765, -0.640888, -0.361962
3.233237, -0.678880, -0.319051
3.241350, -0.570840, -0.499486
3.241513, -0.577428, -0.275079
3.270624, -0.670244, -0.274147
3.222269, -0.674840, -0.196558
3.262272, -0.617574, -0.249131
3.120322, -0.605188, -0.160794
1.483845, 0.235345, -0.885115
1.454776, 0.247816, -0.830763
1.453713, 0.308906, -0.863333
1.500631, 0.274915, -0.838079
1.740875, 0.196511, -0.878893
1.627851, 0.241040, -0.839615
1.628581, 0.293545, -0.876246
1.726223, 0.300797, -0.856624
0.915104, -0.924084, 0.022770
0.827733, -0.943565, 0.010742
0.677490, -0.866484, 0.065939
0.627289, -0.903828, 0.072444
-0.183989, -0.874963, 0.077693
0.417739, -0.934864, 0.105544
0.306053, -0.859554, 0.125491
-0.398716, -0.853604, -0.072665
0.412729, 0.106877, -0.219388
0.516707, 0.138345, -0.219800
0.485477, 0.172443, -0.229397
0.419949, 0.155175, -0.196944
0.623340, 0.099919, -0.228422
0.654959, 0.133363, -0.201819
0.737143, 0.191507, -0.254298
0.652502, 0.153128, -0.192263
0.315982, -0.363342, -0.208416
-0.077504, -0.344775, -0.192476
0.100565, -0.269479, -0.145898
0.167043, -0.250471, -0.147144
0.364307, -0.363630, -0.167597
0.294227, -0.333607, -0.118230
0.354665, -0.322132, -0.148932
0.252882, -0.280582, -0.147855
0.183720, -0.502433, -0.216326
0.434436, -0.488119, -0.239291
0.474574, -0.449357, -0.261333
0.416557, -0.429256, -0.227086
0.565535, -0.522327, -0.232657
0.450461, -0.505506, -0.229428
0.579621, -0.396714, -0.229427
0.553932, -0.402211, -0.204325
1.494382, -0.340739, -0.942636
1.488281, -0.342409, -0.921969
1.616592, -0.315783, -0.968986
1.565119, -0.299087, -0.917571
1.684071, -0.363990, -0.947298
1.638823, -0.354558, -0.918999
1.739927, -0.311999, -0.964441
1.776458, -0.296713, -0.927280
0.463023, -0.647225, -0.317081
0.368104, -0.657721, -0.278094
0.395907, -0.538887, -0.282759
0.368123, -0.566253, -0.273931
0.643196, -0.654369, -0.280827
0.602674, -0.615320, -0.287484
0.764698, -0.551448, -0.290873
0.617302, -0.571715, -0.277709
1.400302, -0.463976, -0.874081
1.511900, -0.464263, -0.828222
1.401303, -0.404111, -0.874242
1.402507, -0.421736, -0.810436
1.726038, -0.449289, -0.854009
1.640824, -0.462252, -0.826302
1.660318, -0.426958, -0.866667
1.578215, -0.403800, -0.835690
0.511622, -0.752322, -0.385729
0.598466, -0.725344, -0.358786
0.503417, -0.678287, -0.358872
0.594026, -0.656184, -0.351844
0.793746, -0.720424, -0.379675
0.808161, -0.782827, -0.383182
0.898827, -0.705455, -0.372274
0.720451, -0.699178, -0.328271
1.274633, -0.627502, -0.804471
1.446556, -0.578884, -0.780695
1.406696, -0.572644, -0.790638
1.409258, -0.525860, -0.755523
1.559761, -0.596111, -0.832183
1.591829, -0.581297, -0.758134
1.514689, -0.564145, -0.810562
1.583599, -0.554589, -0.785315
0.782275, -0.830053, -0.507949
0.902609, -0.871530, -0.543990
0.780315, -0.765715, -0.460108
0.678262, -0.767655, -0.432485
1.037147, -0.840426, -0.604818
1.031057, -0.858853, -0.585501
0.970354, -0.762625, -0.499408
0.934305, -0.807821, -0.462050
1.241517, -0.749030, -0.791436
1.191263, -0.773067, -0.775806
1.375683, -0.655321, -0.748896
1.305333, -0.670723, -0.719626
1.496526, -0.701786, -0.799946
1.499541, -0.726564, -0.769062
1.396800, -0.675557, -0.769447
1.382346, -0.660674, -0.723174
3.204368, -0.696068, -0.840080
3.170968, -0.761939, -0.586899
3.203225, -0.660859, -0.753417
3.171109, -0.696357, -0.511774
3.229393, -0.804408, -0.653013
3.199531, -0.782797, -0.454293
3.231209, -0.725046, -0.571002
3.182224, -0.716527, -0.491521
1.121434, 0.100476, -0.775131
0.990841, 0.062732, -0.672330
1.080532, 0.152876, -0.727791
1.186659, 0.138243, -0.778473
1.260258, 0.081897, -0.839152
1.315868, 0.097907, -0.823192
1.309119, 0.159925, -0.859397
1.324768, 0.171374, -0.822552
-0.840411, -0.048978, -0.541338
-0.914495, -0.020117, -0.456439
-0.676375, -0.018747, -0.444035
-0.848327, 0.004812, -0.516084
-0.590421, -0.174442, -0.414363
-0.263940, -0.149055, -0.277384
0.024147, -0.108285, -0.144209
-0.059162, -0.156566, -0.176487
-0.659084, -0.229455, -0.474945
-0.690898, -0.288567, -0.474813
-0.346086, -0.245310, -0.355262
-0.759703, -0.203327, -0.538652
-0.202597, -0.311361, -0.294285
-0.055951, -0.313239, -0.209653
0.007908, -0.257006, -0.196344
-0.012346, -0.261242, -0.202889
1.121222, -0.276902, -0.855043
1.206797, -0.226901, -0.862965
1.225877, -0.166486, -0.924195
1.143235, -0.222174, -0.823932
1.293031, -0.233558, -0.902482
1.391276, -0.217855, -0.906701
1.354841, -0.172591, -0.920130
1.361490, -0.196970, -0.880377
-0.594235, -0.395314, -0.476362
-0.308596, -0.449929, -0.360866
-0.359626, -0.323602, -0.389674
-0.757870, -0.309169, -0.531873
-0.015094, -0.433151, -0.247676
0.103733, -0.507467, -0.222928
0.283251, -0.398174, -0.244224
-0.127075, -0.376129, -0.275029
1.031897, -0.383797, -0.754368
1.058072, -0.393963, -0.716397
0.990682, -0.316327, -0.707540
1.154265, -0.299664, -0.771465
1.383284, -0.385607, -0.876770
1.260017, -0.390814, -0.806127
1.394607, -0.312262, -0.876922
1.255826, -0.295718, -0.783649
-0.459339, -0.566505, -0.421085
-0.411013, -0.581818, -0.392692
-0.225695, -0.483977, -0.349570
-0.611643, -0.478721, -0.485180
0.190384, -0.573076, -0.273980
-0.063319, -0.609954, -0.278289
0.289042, -0.546382, -0.290835
0.050485, -0.535224, -0.258551
0.810625, -0.505466, -0.596860
0.736560, -0.523267, -0.564010
0.750646, -0.432851, -0.565535
0.893065, -0.451003, -0.611042
1.255584, -0.471136, -0.757536
1.147591, -0.500803, -0.719414
1.103611, -0.440559, -0.704988
1.188677, -0.465750, -0.724759
-0.283991, -0.661012, -0.399919
-0.305215, -0.677627, -0.393341
0.072001, -0.603623, -0.308658
-0.285306, -0.594737, -0.390213
0.362101, -0.721458, -0.373119
0.174484, -0.684783, -0.313248
0.365272, -0.666655, -0.355301
0.544715, -0.641878, -0.377526
0.547043, -0.658141, -0.508265
0.815507, -0.660233, -0.585253
0.852659, -0.600495, -0.592632
0.617087, -0.565485, -0.491349
0.897128, -0.607115, -0.616016
0.934992, -0.651549, -0.630894
0.964829, -0.571595, -0.651957
1.078794, -0.581607, -0.653321
0.714845, -0.766745, -0.581469
0.596958, -0.780163, -0.517256
0.357384, -0.686266, -0.445507
0.510860, -0.694784, -0.465674
0.921843, -0.734532, -0.633716
0.873295, -0.748809, -0.602115
0.895484, -0.727067, -0.613592
0.708733, -0.697727, -0.528634
-0.012187, -0.778675, -0.383945
0.240595, -0.771701, -0.396758
0.151653, -0.704139, -0.356133
0.068356, -0.710418, -0.343267
0.748062, -0.784982, -0.521744
0.475065, -0.805866, -0.436648
0.775145, -0.748598, -0.511562
0.422100, -0.767882, -0.408691
-0.711291, 0.607893, -0.709962
-0.240313, 0.551043, -0.438497
-0.362839, 0.605079, -0.539708
-0.352094, 0.642321, -0.523562
0.011395, 0.391423, -0.345990
0.303532, 0.409357, -0.384667
-0.098584, 0.537786, -0.356239
-0.518025, 0.582169, -0.553025
-0.364099, 0.467749, -0.539034
-0.584664, 0.419430, -0.627003
-0.409898, 0.545451, -0.633624
-0.522829, 0.566165, -0.720349
-0.804665, 0.448767, -0.644476
0.216088, 0.238079, -0.366840
0.337471, 0.320871, -0.402262
-0.330231, 0.414150, -0.434752
-0.508488, 0.423408, -0.584851
-0.394799, 0.460381, -0.545417
-0.293197, 0.509442, -0.534462
-0.692872, 0.528754, -0.670623
0.288350, 0.279629, -0.406165
-0.616894, 0.464779, -0.625728
-0.469759, 0.486180, -0.543011
0.162708, 0.325205, -0.363159
-0.454538, 0.354655, -0.674796
-0.509099, 0.327133, -0.651957
-0.407984, 0.357261, -0.567783
-0.384195, 0.449296, -0.673587
-0.776693, 0.334436, -0.640447
-0.417367, 0.259835, -0.560947
-0.251771, 0.219553, -0.391705
-0.405661, 0.319123, -0.557045
0.259264, 0.233149, -0.459118
0.212961, 0.174930, -0.452096
0.279202, 0.286599, -0.456927
0.124482, 0.294860, -0.416702
0.315272, 0.220775, -0.469790
0.032426, 0.143101, -0.380702
-0.263493, 0.302817, -0.437915
0.005898, 0.232103, -0.363396
-0.441651, 0.231438, -0.785423
-0.338573, 0.276708, -0.777842
-0.322745, 0.344895, -0.773228
-0.466349, 0.300716, -0.723143
-0.635007, 0.189008, -0.666952
-0.591032, 0.215661, -0.724056
-0.523149, 0.222965, -0.629183
-0.847888, 0.318001, -0.746659
-0.247107, 0.136707, -0.578016
-0.247879, 0.138201, -0.561789
-0.262676, 0.182098, -0.571817
-0.118916, 0.175671, -0.479920
-0.323139, 0.116446, -0.603258
0.271126, 0.062187, -0.476481
-0.204076, 0.138714, -0.503238
0.298912, 0.082327, -0.494552
1.636168, 0.718880, -0.404576
1.546265, 0.761279, -0.369717
1.696364, 0.784135, -0.440988
1.637069, 0.773813, -0.411286
1.747624, 0.736140, -0.414390
1.663553, 0.726498, -0.376567
1.800808, 0.757167, -0.441196
1.810812, 0.795221, -0.437559
-0.143494, 0.005481, -0.872075
-0.364700, -0.048437, -0.803587
-0.344142, 0.052712, -0.786448
-0.145521, 0.056837, -0.804904
-0.493172, -0.193886, -0.606977
-0.614716, -0.134645, -0.718663
-0.504316, -0.114963, -0.591239
-0.603737, -0.066606, -0.653879
0.496029, 0.741000, -0.950657
0.537473, 0.592278, -0.645423
0.368144, 0.739149, -0.533904
0.513997, 0.778999, -0.949192
0.653609, 0.577920, -0.766506
-0.287003, 0.698326, -0.527548
-0.083972, 0.718196, -0.448202
-0.285253, 0.775742, -0.544605
0.557816, 0.489821, -0.684061
0.430330, 0.579688, -0.785077
0.445611, 0.612049, -0.836362
0.448754, 0.667941, -0.913389
-0.373365, 0.601328, -0.655398
-0.090257, 0.720469, -0.907831
0.547131, 0.554852, -0.659052
-0.308194, 0.714719, -0.796575
-0.056405, 0.661244, -1.026662
0.583709, 0.563906, -0.922724
0.630396, 0.583613, -0.881727
0.445430, 0.658574, -0.967437
-0.282520, 0.680204, -0.804174
-0.107979, 0.727251, -0.884652
0.588506, 0.536532, -0.675746
0.655091, 0.569043, -0.767784
0.366048, 0.449838, -0.715946
0.361308, 0.431016, -0.709525
0.623264, 0.467010, -0.860195
0.341335, 0.476162, -0.691997
-0.293145, 0.509101, -0.653736
-0.211396, 0.540377, -0.782429
-0.195805, 0.615238, -0.809005
-0.027088, 0.605408, -0.830369
-0.379634, 0.501265, -0.985405
0.160889, 0.483034, -1.007166
0.295421, 0.551146, -0.981131
0.152047, 0.571141, -1.032945
-0.408612, 0.524647, -1.016194
-0.316623, 0.522153, -0.667132
-0.100230, 0.449565, -0.522484
-0.194350, 0.497523, -0.522807
0.506448, 0.335314, -0.924270
0.489689, 0.341136, -0.888588
0.496957, 0.385450, -0.893897
0.163106, 0.366656, -0.631698
0.102436, 0.265600, -0.528656
0.243183, 0.263024, -0.555690
-0.170115, 0.437018, -0.848050
0.211320, 0.362881, -0.542315
0.315463, 0.341079, -0.862231
0.261775, 0.353197, -0.959905
-0.432951, 0.465402, -0.975932
-0.662513, 0.455203, -0.954313
0.707096, 0.286955, -0.881883
-0.005377, 0.368945, -1.034304
-0.425711, 0.464214, -0.997905
0.444543, 0.332917, -0.610993
0.412818, 0.245984, -0.936417
0.441580, 0.222128, -0.849961
0.438067, 0.285770, -0.817250
0.077587, 0.207896, -0.602079
0.270338, 0.129943, -0.588879
-0.054796, 0.128362, -0.556376
0.560760, 0.270877, -0.806858
0.154429, 0.219120, -0.540338
-0.671699, 0.033063, -0.043785
-0.266665, 0.248478, -0.959283
0.124224, 0.308938, -0.991532
-0.082336, 0.299416, -1.001777
-0.349742, 0.201273, -0.975899
-0.048926, 0.208008, -1.034557
-0.829746, 0.339608, -0.967953
-0.741934, 0.293590, -0.948080
1.154792, 0.778034, -0.254294
1.039683, 0.776012, -0.195901
1.330085, 0.842422, -0.358481
1.162819, 0.834817, -0.277769
1.422539, 0.783771, -0.339734
1.167224, 0.747742, -0.225237
1.484046, 0.806468, -0.377572
1.243628, 0.805599, -0.282295
0.402489, -0.046537, -0.792701
0.405286, -0.037945, -0.793705
0.297092, -0.016133, -0.675404
0.413305, -0.005183, -0.786670
-0.033558, 0.011548, -0.851763
-0.030583, -0.070488, -0.607485
-0.159498, 0.057181, -0.704699
0.256097, -0.009966, -0.605323
2.205700, 0.591151, -0.871176
2.277044, 0.640200, -0.842105
2.172736, 0.666150, -0.878383
2.169466, 0.662030, -0.860918
2.522567, 0.635948, -0.852740
2.414882, 0.656504, -0.838345
2.413091, 0.661700, -0.868651
2.395155, 0.670605, -0.862428
0.292201, -0.083228, -0.871300
0.153737, -0.034568, -0.952105
-0.468026, 0.019254, -0.916755
0.306040, -0.018629, -0.829609
-0.031368, -0.069590, -0.987726
-0.937685, -0.070394, -0.881742
-0.944991, -0.057175, -0.900134
-0.948482, -0.000860, -0.828649
1.248288, 0.566712, -0.301029
1.084486, 0.590629, -0.235421
1.283490, 0.685667, -0.329248
1.344287, 0.702075, -0.333355
1.441585, 0.601424, -0.349573
1.394217, 0.587102, -0.292553
1.511048, 0.691215, -0.399212
1.412611, 0.661954, -0.335024
0.299425, -0.239336, -0.962863
0.286564, -0.230716, -0.780818
0.362264, -0.120590, -0.813464
0.331797, -0.154771, -0.722647
-0.140368, -0.201102, -0.748395
0.027487, -0.108959, -0.837524
-0.128421, -0.109565, -0.638001
-0.168649, -0.147048, -0.689872
-0.001601, 0.729533, 0.141322
0.105268, 0.778872, 0.191116
0.656057, 0.900685, 0.155540
0.198969, 0.854174, 0.201166
0.406882, 0.799683, -0.758177
-0.504072, 0.855675, 0.003895
-0.594706, 0.867573, -0.105264
-0.539447, 0.872577, -0.122163
-0.435683, 0.638131, -0.095395
-0.376824, 0.588952, -0.084779
-0.532854, 0.710096, -0.070447
-0.368452, 0.659469, -0.077667
-0.489491, 0.722834, 0.018320
-0.687625, 0.759652, 0.022791
-0.777526, 0.768076, -0.072781
-0.531137, 0.788903, -0.011190
-0.260394, 0.562363, 0.013309
-0.071521, 0.598385, 0.098197
0.606884, 0.752046, 0.162437
-0.020532, 0.627738, 0.132803
0.389011, 0.646039, -0.737118
-0.420086, 0.719273, 0.060375
0.423024, 0.721082, -0.781258
-0.688268, 0.745499, -0.047817
-0.892878, 0.535117, -0.081740
-0.804196, 0.571559, -0.132597
-0.804207, 0.637020, -0.126294
-0.585821, 0.555142, -0.128892
-0.834887, 0.536971, -0.035674
-0.570553, 0.594766, -0.913590
-0.622815, 0.640301, 0.005600
-0.346453, 0.703311, -0.945029
-0.453477, 0.431616, -0.056549
-0.763841, 0.523974, -0.061366
-0.589861, 0.623124, -0.058017
-0.192024, 0.495380, 0.063275
-0.739291, 0.523204, -0.043133
0.380238, 0.536803, -0.771880
0.347645, 0.611738, -0.857361
-0.761367, 0.651771, -0.834493
-0.565884, 0.373113, -0.138879
-0.667885, 0.348572, -0.155471
-0.470890, 0.427828, -0.121761
-0.820213, 0.434336, -0.193391
0.073474, 0.399474, -0.656799
-0.941822, 0.441430, -0.646983
-0.715957, 0.523901, -0.865193
-0.794889, 0.530437, -0.011076
1.220898, 0.327780, 0.048400
0.006808, 0.296406, 0.200846
-0.064989, 0.350413, 0.178004
0.656375, 0.365574, 0.150444
-0.327708, 0.244544, 0.034595
-0.520027, 0.371120, -0.056961
-0.514019, 0.437659, -0.055082
-0.511009, 0.554131, -0.933266
-0.637779, 0.188285, -0.153196
-0.779012, 0.178160, -0.209132
-0.711948, 0.300522, -0.155448
-0.669702, 0.245707, -0.169039
-0.678670, 0.373514, 0.021424
-0.886564, 0.286602, -0.099943
0.226461, 0.368235, -0.744596
-0.879758, 0.393068, -0.156151
2.923622, 0.180395, -0.154578
1.534322, 0.156391, -0.003325
2.665967, 0.219353, -0.145007
1.612928, 0.226422, -0.019072
-0.342759, 0.117538, 0.089537
-0.417383, 0.123453, 0.040801
-0.515400, 0.288613, -0.023808
-0.114364, 0.222490, 0.168905
-0.778870, 0.049677, -0.260119
-0.811809, 0.087577, -0.281897
-0.847073, 0.194709, -0.248915
-0.819368, 0.147052, -0.294885
0.150693, 0.214113, -0.933048
-0.750202, 0.206068, 0.010856
-0.887501, 0.153479, -0.191530
0.179958, 0.272778, -0.700769
3.243096, 0.001312, -0.165309
3.077002, -0.011000, -0.146748
3.279923, 0.074048, -0.178121
3.229322, 0.046953, -0.152139
1.706668, 0.027074, -0.055807
0.973764, -0.056266, 0.095522
1.546174, 0.068957, 0.002123
0.463582, 0.028120, 0.170245
0.611719, 0.798961, -0.138968
0.534928, 0.820523, -0.109419
0.729715, 0.830812, -0.221906
0.593320, 0.844648, -0.161568
0.689315, 0.789628, -0.131677
0.381385, 0.812959, -0.027405
0.791986, 0.830371, -0.169888
0.746248, 0.866713, -0.199521
-0.824576, -0.265421, -0.305683
-0.923263, -0.261371, -0.319292
-0.716844, -0.232264, -0.270173
-0.820083, -0.197495, -0.341146
-0.906543, -0.227115, -0.310059
-0.939309, -0.173322, -0.260995
-0.935076, -0.111492, -0.130528
-0.923458, -0.169993, -0.298043
1.891387, 0.628767, -0.928440
1.973281, 0.628679, -0.901835
1.838780, 0.693280, -0.944722
1.878325, 0.700672, -0.920158
2.043089, 0.633084, -0.916001
2.152601, 0.583186, -0.901120
2.139441, 0.662487, -0.936690
2.149205, 0.729109, -0.924715
3.206686, -0.280137, -0.166154
2.680443, -0.277841, -0.139531
3.197892, -0.196234, -0.159169
1.879552, -0.240046, -0.107622
1.826822, -0.305848, -0.095342
0.656837, -0.368370, 0.142020
0.731008, -0.216595, 0.140271
1.562188, -0.254428, -0.016768
0.818079, 0.639336, -0.240326
0.642264, 0.659799, -0.166000
0.845666, 0.718145, -0.243570
0.692073, 0.695042, -0.170743
0.869540, 0.630073, -0.207240
0.759412, 0.666922, -0.152974
1.063355, 0.699327, -0.247749
0.732047, 0.724475, -0.169178
-0.819671, -0.395114, -0.256698
-0.829834, -0.380303, -0.276878
-0.791481, -0.340684, -0.274887
-0.853310, -0.328652, -0.280296
-0.956871, -0.298040, -0.248156
-0.970290, -0.254497, -0.556299
-0.884815, -0.315542, -0.263506
-1.000064, -0.117453, -0.423579
1.781313, 0.490330, -0.823383
1.903377, 0.508215, -0.820486
1.963792, 0.544182, -0.854205
1.929427, 0.562245, -0.814626
2.136902, 0.512291, -0.859822
2.024517, 0.472274, -0.809414
2.162692, 0.518393, -0.834026
2.062057, 0.537053, -0.825603
2.721490, -0.448880, -0.149091
0.507765, -0.475005, 0.168397
1.517166, -0.445715, -0.023032
0.331665, -0.376082, 0.190308
-0.363708, -0.423786, 0.094255
-0.649269, -0.378376, -0.023726
0.731498, -0.404083, 0.131936
-0.851099, -0.262246, -0.043280
1.022765, 0.416165, -0.281741
0.982459, 0.440912, -0.262642
1.004542, 0.477896, -0.313899
0.938938, 0.521261, -0.278700
1.161816, 0.438033, -0.286683
1.016191, 0.454164, -0.239256
1.137985, 0.499502, -0.310270
0.949507, 0.571487, -0.241116
-0.486590, -0.572450, -0.028983
-0.822740, -0.552476, -0.192746
-0.720620, -0.479066, -0.179246
-0.624371, -0.489199, -0.147544
-0.988129, -0.396341, -0.486261
-0.709713, -0.384231, -0.854074
-0.891532, -0.452154, -0.165691
-0.980287, -0.312838, -0.472772
1.699822, 0.755640, -0.111569
1.664835, 0.816117, -0.104498
1.815916, 0.887330, -0.146826
1.626820, 0.839559, -0.089517
0.230273, 0.789985, 0.200307
0.039873, 0.732489, 0.150922
0.818984, 0.859686, 0.107191
0.703038, 0.935205, 0.133907
2.011599, 0.742854, -0.152055
1.797966, 0.760574, -0.116650
2.159200, 0.828780, -0.179856
2.375111, 0.827537, -0.210749
1.471687, 0.817010, -0.004774
1.738357, 0.790503, -0.097460
1.471802, 0.859461, -0.011409
1.643689, 0.847873, -0.064615
1.319962, 0.685372, -0.005399
0.679868, 0.656489, 0.117433
1.372356, 0.743312, -0.023157
1.048609, 0.729434, 0.050323
-0.100779, 0.555834, 0.047982
0.016391, 0.600266, 0.123824
0.292879, 0.697557, 0.173978
-0.298700, 0.642860, -0.053852
2.438867, 0.566685, -0.175831
2.419710, 0.585202, -0.184868
2.699690, 0.681446, -0.194975
2.381234, 0.669463, -0.189287
2.055827, 0.604902, -0.135252
1.253952, 0.589511, 0.047563
1.672303, 0.657366, -0.056943
1.344086, 0.716093, 0.024442
0.250234, 0.449177, 0.150795
0.673979, 0.433209, 0.099738
0.121418, 0.506966, 0.147443
0.362484, 0.516008, 0.152314
-0.078694, 0.438204, 0.102177
-0.434940, 0.501065, -0.147988
-0.398975, 0.554374, -0.118982
-0.459603, 0.523457, -0.147237
2.971372, 0.396861, -0.213108
2.479200, 0.471148, -0.172827
2.764464, 0.524396, -0.189760
2.656994, 0.497640, -0.197794
2.181153, 0.456494, -0.139988
1.504696, 0.476911, 0.018335
1.596438, 0.563175, -0.013252
1.790017, 0.522662, -0.082115
-0.042929, 0.302557, 0.118681
-0.135419, 0.323521, 0.066752
0.133777, 0.357185, 0.144137
-0.237772, 0.344492, -0.026061
-0.644589, 0.357220, -0.169954
-0.558143, 0.298318, -0.171760
-0.583653, 0.456654, -0.162676
-0.614235, 0.415784, -0.179376
3.177239, 0.278749, -0.298942
3.087444, 0.273087, -0.235990
3.197847, 0.299219, -0.336896
3.082504, 0.358562, -0.245337
2.682396, 0.329303, -0.156561
2.399259, 0.277526, -0.145173
2.943828, 0.349831, -0.164070
2.574220, 0.374547, -0.158961
-0.290943, 0.110309, -0.045891
-0.503290, 0.184458, -0.180418
0.061455, 0.197486, 0.118363
-0.523770, 0.203812, -0.193617
-0.523201, 0.140711, -0.153564
-0.668329, 0.184235, -0.208926
-0.439586, 0.211879, -0.139994
-0.610319, 0.231637, -0.209021
3.273920, 0.146548, -0.566522
3.265830, 0.118185, -0.394552
3.277605, 0.200408, -0.477191
3.228447, 0.218180, -0.369920
3.259136, 0.117913, -0.216478
3.185628, 0.125351, -0.175633
3.257322, 0.191163, -0.205420
3.232004, 0.207058, -0.180533
-0.147140, -0.041869, 0.018035
-0.580775, 0.039331, -0.222598
-0.422245, 0.057417, -0.150145
-0.628792, 0.126651, -0.263755
-0.696036, 0.039231, -0.281150
-0.723013, 0.010962, -0.331344
-0.717694, 0.073441, -0.261333
-0.741303, 0.083422, -0.327484
0.438434, 0.657164, -0.154329
0.220321, 0.594169, -0.108253
0.379415, 0.711723, -0.165118
0.321785, 0.744454, -0.146613
0.587830, 0.624817, -0.161657
0.422807, 0.665050, -0.105438
0.556856, 0.701848, -0.181031
0.372600, 0.707839, -0.107893
-0.098303, -0.485766, 0.114085
-0.453658, -0.496509, -0.131533
0.076799, -0.447813, 0.129504
-0.432718, -0.369439, -0.136277
-0.589959, -0.441578, -0.166285
-0.569696, -0.462866, -0.163816
-0.554876, -0.400047, -0.159342
-0.618114, -0.367902, -0.236054
1.459101, 0.467481, -0.890182
1.557887, 0.443479, -0.861458
1.440761, 0.523010, -0.896909
1.478691, 0.515778, -0.862226
1.782257, 0.489235, -0.888703
1.654160, 0.472048, -0.876810
1.729427, 0.564181, -0.907544
1.786722, 0.569743, -0.890314
3.256107, -0.343520, -0.455906
3.184379, -0.401231, -0.299821
3.293973, -0.266602, -0.448418
3.217191, -0.288518, -0.357523
3.221414, -0.405884, -0.214398
3.150443, -0.385770, -0.172974
3.208251, -0.344581, -0.194669
3.124836, -0.363828, -0.154618
0.544015, 0.457852, -0.236599
0.582412, 0.461104, -0.199748
0.584997, 0.535578, -0.233356
0.397701, 0.553240, -0.186749
0.746702, 0.482151, -0.227936
0.670125, 0.433575, -0.189551
0.660834, 0.528574, -0.218458
0.567890, 0.528127, -0.180138
-0.093399, -0.593712, 0.113771
0.012323, -0.619033, 0.118822
0.016360, -0.522088, 0.131903
-0.232534, -0.499653, 0.009076
-0.378732, -0.618297, -0.044028
-0.357503, -0.603909, -0.053261
-0.474728, -0.563185, -0.055151
-0.384639, -0.544418, -0.077419
1.564321, 0.342811, -0.804882
1.440214, 0.341007, -0.777851
1.546371, 0.420463, -0.818784
1.472708, 0.412324, -0.793158
1.756048, 0.339072, -0.825979
1.628127, 0.355718, -0.787834
1.733672, 0.450606, -0.818512
1.734757, 0.419117, -0.795266
3.142416, -0.537963, -0.257379
3.040302, -0.587059, -0.222550
3.167625, -0.484879, -0.239184
2.878200, -0.487309, -0.181034
3.003794, -0.552766, -0.155770
2.910907, -0.605378, -0.169495
3.007048, -0.515213, -0.159706
2.727953, -0.529299, -0.161199
0.696137, 0.277041, -0.289380
0.627486, 0.231254, -0.272665
0.667137, 0.371236, -0.284524
0.580854, 0.368016, -0.262632
0.875074, 0.246846, -0.296097
0.811600, 0.292010, -0.260968
0.834219, 0.393801, -0.306338
0.858964, 0.396905, -0.281910
1.166502, -0.818630, -0.025364
0.585694, -0.811584, 0.110167
0.370923, -0.688373, 0.162355
0.687948, -0.731647, 0.084476
0.162769, -0.741481, 0.158128
0.117467, -0.778439, 0.148355
-0.359687, -0.710714, 0.009167
-0.365867, -0.683049, -0.010241
1.954541, 0.805934, -0.225931
1.995756, 0.801887, -0.249432
2.104808, 0.830389, -0.264748
2.055425, 0.869330, -0.270357
1.911816, 0.769638, -0.198255
1.796017, 0.788449, -0.187025
1.912646, 0.851947, -0.204579
1.894021, 0.881704, -0.217418
2.853496, 0.715849, -0.301649
2.777693, 0.698051, -0.288696
2.995442, 0.722906, -0.384006
2.878088, 0.777654, -0.309828
2.818886, 0.727764, -0.264462
2.606740, 0.720031, -0.207638
2.864882, 0.762085, -0.262506
2.632007, 0.785285, -0.216306
1.681357, 0.654533, -0.164201
1.444771, 0.650697, -0.071938
1.726269, 0.721662, -0.184086
1.401405, 0.778518, -0.076572
1.423262, 0.693169, -0.056630
1.215109, 0.648194, -0.007135
1.200101, 0.750849, 0.012323
1.423745, 0.786386, -0.078996
3.050575, 0.555955, -0.360645
2.955507, 0.570631, -0.338718
3.057509, 0.588258, -0.333696
3.001775, 0.639110, -0.380381
2.954136, 0.583052, -0.247887
2.832981, 0.553040, -0.238369
2.928390, 0.618752, -0.265952
2.862274, 0.660795, -0.231180
1.188537, 0.499722, -0.016953
1.383860, 0.537658, -0.079643
1.277886, 0.581340, -0.043971
1.184585, 0.617213, -0.024045
0.990176, 0.471666, 0.022319
0.760122, 0.479605, 0.060882
0.708410, 0.616327, 0.085311
0.748505, 0.615774, 0.066864
3.191159, 0.378255, -0.466409
3.142243, 0.417861, -0.474186
3.151511, 0.436658, -0.406216
3.139596, 0.475611, -0.396522
3.170215, 0.364358, -0.319516
3.118067, 0.420824, -0.326694
3.136950, 0.442336, -0.322909
3.102721, 0.458971, -0.309237
0.712433, 0.343677, 0.060477
0.459470, 0.320377, 0.106104
0.996433, 0.389566, 0.008756
0.885847, 0.399399, 0.016342
0.194171, 0.256505, 0.124141
-0.048447, 0.277300, 0.079898
0.282008, 0.374856, 0.129769
0.007857, 0.373514, 0.114972
3.208050, 0.311977, -0.684428
3.188775, 0.303936, -0.612064
3.218340, 0.342092, -0.785485
3.188017, 0.377119, -0.654045
3.242081, 0.289043, -0.710434
3.236688, 0.249350, -0.451449
3.258752, 0.324585, -0.620556
3.214581, 0.349787, -0.394584
0.387166, 0.107154, 0.111470
0.280052, 0.161507, 0.109880
0.629589, 0.263095, 0.074116
0.314186, 0.208249, 0.107323
-0.045397, 0.136338, 0.049200
-0.033021, 0.155528, 0.048100
0.037773, 0.236081, 0.094755
-0.082972, 0.232194, 0.037121
-0.324169, 0.446439, -0.298865
-0.444703, 0.493984, -0.363398
-0.685873, 0.603029, -0.433224
-0.606342, 0.560869, -0.416708
0.075966, 0.430763, -0.113747
0.054893, 0.407164, -0.105580
0.255486, 0.470863, -0.139023
-0.192628, 0.525314, -0.225125
1.108568, -0.670407, -0.043516
0.582096, -0.676986, 0.080023
0.851586, -0.598281, 0.030717
0.654694, -0.633059, 0.060832
0.104165, -0.628877, 0.118973
0.143080, -0.660077, 0.117199
0.271547, -0.572758, 0.156475
-0.019252, -0.544208, 0.104841
1.194580, 0.312577, -0.789370
1.161584, 0.321923, -0.766783
1.235890, 0.378169, -0.814287
1.059830, 0.377450, -0.699904
1.286046, 0.337168, -0.826020
1.384736, 0.363528, -0.824732
1.284351, 0.384973, -0.833332
1.386425, 0.435904, -0.848839
3.231720, -0.446620, -0.688263
3.180375, -0.503921, -0.568044
3.206401, -0.426977, -0.710947
3.200302, -0.408123, -0.599560
3.249756, -0.482411, -0.604510
3.187647, -0.502708, -0.418729
3.247079, -0.402492, -0.589906
3.209828, -0.445074, -0.474859
-0.590229, 0.289270, -0.425963
-0.752728, 0.388056, -0.460835
-0.360540, 0.317128, -0.333968
-0.766165, 0.467328, -0.462792
0.025822, 0.218988, -0.122409
0.050905, 0.233770, -0.115000
0.079893, 0.333491, -0.131253
0.233518, 0.322927, -0.141706
1.228006, -0.807119, -0.083314
1.097797, -0.802741, -0.055883
1.264651, -0.776174, -0.086479
1.256420, -0.725896, -0.084843
1.050521, -0.814406, -0.034433
0.563210, -0.780988, 0.101118
1.096721, -0.748838, -0.028854
0.627408, -0.762444, 0.077439
0.976962, 0.178919, -0.632789
0.961031, 0.180082, -0.598877
1.116410, 0.300158, -0.710821
0.845527, 0.272371, -0.539158
1.326889, 0.207423, -0.792782
1.184156, 0.223195, -0.715303
1.377812, 0.273770, -0.806055
1.269986, 0.278033, -0.722734
3.150185, -0.638840, -0.506528
3.122777, -0.664935, -0.397178
3.149842, -0.541249, -0.506618
3.096359, -0.542556, -0.471456
3.170493, -0.645469, -0.472405
3.122571, -0.656409, -0.349629
3.176651, -0.582356, -0.333336
3.106667, -0.593934, -0.343827
-0.144499, 0.103324, -0.208576
-0.239152, 0.101925, -0.258209
-0.308985, 0.168179, -0.305079
-0.339785, 0.194846, -0.314319
0.254696, 0.121780, -0.194339
0.230862, 0.081735, -0.175779
0.261516, 0.126341, -0.193382
0.175328, 0.147490, -0.150738
1.883581, -0.890715, -0.285982
1.805946, -0.891511, -0.296920
1.783889, -0.836643, -0.244810
1.769147, -0.863742, -0.261186
1.610318, -0.931664, -0.186376
1.102839, -0.901478, -0.063557
1.321507, -0.862700, -0.084326
1.188000, -0.877738, -0.082691
2.069252, 0.777866, -0.338562
1.884715, 0.754071, -0.300550
2.246936, 0.803514, -0.378864
2.147848, 0.806419, -0.400220
1.977627, 0.755163, -0.267906
1.794426, 0.790701, -0.239915
2.022408, 0.841753, -0.308324
2.083400, 0.848164, -0.362037
3.015949, 0.677642, -0.602282
3.029234, 0.707275, -0.536018
3.062984, 0.798167, -0.706423
3.048830, 0.796494, -0.625278
3.073559, 0.664582, -0.524517
3.070253, 0.708065, -0.457631
3.103749, 0.761023, -0.482890
3.018564, 0.721773, -0.491162
1.628558, 0.608175, -0.197262
1.583827, 0.608901, -0.201995
1.712184, 0.697932, -0.227081
1.670089, 0.720893, -0.248528
1.678201, 0.639563, -0.185617
1.545785, 0.640347, -0.160096
1.691892, 0.686454, -0.214303
1.658282, 0.761048, -0.217525
3.108665, 0.574690, -0.626678
3.080266, 0.571663, -0.584299
3.108437, 0.646631, -0.644189
3.050915, 0.604008, -0.675604
3.140048, 0.558386, -0.599771
3.134895, 0.507427, -0.508120
3.157053, 0.582214, -0.566818
3.136938, 0.642982, -0.588813
1.377721, 0.527078, -0.118222
1.205343, 0.502964, -0.084985
1.326979, 0.571519, -0.109118
1.143980, 0.556343, -0.060948
1.013327, 0.467170, -0.004493
0.788620, 0.532758, 0.027159
1.181918, 0.584287, -0.042916
1.015019, 0.557210, -0.007378
3.164969, 0.413949, -0.875878
3.126872, 0.416017, -0.754043
3.146842, 0.487269, -0.885469
3.127837, 0.489629, -0.795697
3.196154, 0.434811, -0.821007
3.162777, 0.417090, -0.746533
3.170865, 0.481301, -0.802353
3.175921, 0.496763, -0.723211
1.014723, 0.345357, -0.051475
0.900892, 0.272534, -0.017714
0.938811, 0.386892, -0.029827
0.845053, 0.408976, -0.007596
0.682785, 0.307885, 0.052657
0.245456, 0.299549, 0.101159
0.654668, 0.367359, 0.053556
0.397854, 0.368847, 0.091138
0.837265, -0.826497, -0.095564
0.803442, -0.876157, -0.113094
0.952645, -0.803026, -0.140331
0.823424, -0.795677, -0.091083
1.071921, -0.808669, -0.151429
0.790049, -0.819689, -0.064112
0.797105, -0.754046, -0.062396
0.703279, -0.752980, -0.026227
1.576982, -0.887499, -0.418015
1.357724, -0.907898, -0.377091
1.550313, -0.872651, -0.379152
1.311777, -0.842011, -0.289696
1.545327, -0.898457, -0.360507
1.422710, -0.923610, -0.362829
1.408616, -0.838929, -0.266466
1.360684, -0.898539, -0.293080
2.962029, -0.708750, -0.921996
2.953629, -0.722410, -0.862733
2.951109, -0.645828, -0.926269
2.962149, -0.670738, -0.850854
3.015399, -0.690457, -0.892174
3.029982, -0.727010, -0.832272
2.982719, -0.635551, -0.871186
2.968035, -0.628191, -0.838181
0.140763, -0.005026, -1.031138
0.118692, -0.056786, -1.038095
-0.069311, 0.010930, -1.033438
0.612215, -0.003058, -0.957455
0.227314, 0.003047, -1.032327
0.531169, -0.080829, -0.713888
-0.329604, -0.043947, -1.023695
0.540851, -0.069825, -0.718135
2.668791, 0.628425, -0.801872
2.610242, 0.673930, -0.808765
2.621188, 0.709581, -0.862305
2.673319, 0.741527, -0.800672
2.824814, 0.670362, -0.768832
2.750969, 0.666737, -0.739057
2.838683, 0.783890, -0.794328
2.769735, 0.716970, -0.746736
-0.306538, -0.251380, -0.693330
0.012422, -0.084479, -0.880067
-0.339860, -0.133299, -0.734781
-0.375015, -0.193312, -0.713354
-0.404369, -0.314758, -0.560079
-0.653685, -0.341414, -0.649276
-0.530398, -0.272539, -0.616164
-0.569450, -0.171763, -0.766287
1.594712, 0.579076, -0.334225
1.440317, 0.611140, -0.290391
1.700278, 0.681152, -0.406563
1.544518, 0.681575, -0.332500
1.634116, 0.625074, -0.337592
1.526944, 0.591697, -0.268110
1.761959, 0.670309, -0.372063
1.533056, 0.665892, -0.310026
-0.727671, -0.289634, -0.912649
-0.940445, -0.350210, -0.893593
-0.333486, -0.150057, -0.965288
-0.943219, -0.129154, -0.870579
-0.679533, -0.272601, -0.915588
-0.950468, -0.317867, -0.950306
-0.096742, -0.114149, -0.979114
-0.969097, -0.222346, -0.928536
2.736677, 0.517427, -0.874256
2.657501, 0.503966, -0.818163
2.681253, 0.567820, -0.860092
2.634071, 0.588034, -0.839119
2.862743, 0.510317, -0.791264
2.847929, 0.502345, -0.750641
2.885089, 0.587518, -0.816088
2.783000, 0.622147, -0.832009
-0.124846, -0.299258, -0.876410
-0.141469, -0.387062, -0.900581
-0.284231, -0.245954, -0.868657
0.111746, -0.188492, -0.834019
-0.506842, -0.478294, -0.783255
-0.364746, -0.404843, -0.811338
-0.572281, -0.331859, -0.829962
-0.405783, -0.326943, -0.787084
1.261727, 0.472550, -0.211569
1.224386, 0.479511, -0.197108
1.294807, 0.585681, -0.245776
1.127670, 0.525315, -0.168013
1.418871, 0.502716, -0.236820
1.144999, 0.469965, -0.140437
1.319573, 0.577335, -0.193623
1.247574, 0.588395, -0.184336
-0.033603, -0.598600, -0.649053
-0.202022, -0.537967, -0.761618
-0.161838, -0.495619, -0.709507
-0.063717, -0.409978, -0.860690
-0.353543, -0.686864, -0.890300
-0.458452, -0.605824, -0.819466
-0.429096, -0.472874, -0.853449
-0.443853, -0.529310, -0.825827
1.055249, 0.296190, -0.156038
0.844928, 0.268372, -0.071107
1.018348, 0.352704, -0.145633
0.879546, 0.421527, -0.107907
1.079340, 0.322698, -0.128479
0.861112, 0.336091, -0.069496
1.072828, 0.432998, -0.115175
0.810390, 0.436586, -0.055681
0.829488, -0.683029, -0.119330
0.532434, -0.681767, -0.024573
0.744123, -0.597229, -0.094517
0.638892, -0.600375, -0.067340
0.891711, -0.679845, -0.110027
0.603218, -0.728684, -0.041713
0.944752, -0.614981, -0.101981
0.726246, -0.628458, -0.055302
1.008025, -0.796201, -0.231010
0.845507, -0.838902, -0.179836
1.258149, -0.704168, -0.267911
0.886509, -0.758127, -0.169037
1.280831, -0.780257, -0.280667
1.186437, -0.819235, -0.270479
1.244200, -0.736328, -0.243977
1.168550, -0.760585, -0.224561
2.713120, -0.556584, -0.921376
2.648935, -0.566543, -0.919820
2.737537, -0.489310, -0.918638
2.620682, -0.512527, -0.890765
2.793972, -0.579009, -0.942415
2.825741, -0.571226, -0.883506
2.792736, -0.542036, -0.908582
2.823990, -0.498566, -0.876667
1.594092, -0.876859, -0.492171
1.405754, -0.884947, -0.423200
1.455202, -0.807100, -0.411007
1.226661, -0.869000, -0.379299
1.868009, -0.882144, -0.570831
1.827136, -0.899216, -0.553618
1.726628, -0.837527, -0.479090
1.451888, -0.845086, -0.380297
2.645453, -0.686478, -0.903150
2.661493, -0.740346, -0.877061
2.628835, -0.652884, -0.865285
2.581469, -0.634980, -0.854324
2.710576, -0.730192, -0.874702
2.739380, -0.738736, -0.862698
2.828547, -0.660549, -0.839767
2.707719, -0.682073, -0.853113
-0.736568, -0.257012, 0.049060
-0.830072, -0.329623, 0.002072
0.073336, -0.145113, -0.950682
-0.652423, -0.142599, -0.934040
-0.777534, -0.231607, -0.910615
-0.025158, -0.233606, -1.027959
-0.956090, -0.165012, -0.953156
0.004310, -0.156689, -1.026186
2.359434, 0.487953, -0.842507
2.299186, 0.483047, -0.793957
2.292420, 0.536021, -0.859312
2.239545, 0.524641, -0.831093
2.565446, 0.529779, -0.832108
2.408096, 0.512034, -0.807205
2.450696, 0.576654, -0.846531
2.448527, 0.574731, -0.807880
0.328540, -0.375217, -0.976458
0.333521, -0.405510, -0.875179
0.357224, -0.295653, -0.918232
0.351300, -0.301245, -0.929722
-0.090926, -0.335324, -0.772422
0.378410, -0.341820, -0.969778
-0.136623, -0.245691, -0.711178
-0.100534, -0.247986, -0.665833
1.345757, 0.419821, -0.311821
1.304653, 0.434353, -0.293508
1.210519, 0.561951, -0.295718
1.140002, 0.539084, -0.236688
1.565808, 0.455423, -0.363344
1.357565, 0.468659, -0.278328
1.415511, 0.524632, -0.318755
1.366305, 0.493746, -0.296377
-0.504106, -0.554956, 0.057902
-0.767072, -0.490319, 0.006369
-0.356213, -0.500212, 0.123376
-0.340324, -0.464181, 0.121423
-0.742854, -0.476643, 0.003445
-0.100969, -0.379343, -0.981854
-0.706257, -0.424224, -0.007148
0.056380, -0.245961, -0.983194
2.260640, 0.369278, -0.890612
2.203905, 0.355704, -0.867716
2.351020, 0.418660, -0.907327
2.208852, 0.431889, -0.874696
2.580356, 0.369500, -0.869623
2.444795, 0.361093, -0.862136
2.481782, 0.459940, -0.873210
2.582547, 0.452735, -0.832150
0.179417, -0.537679, -0.789860
0.149452, -0.519786, -0.752422
0.309434, -0.527702, -0.793726
0.211672, -0.435161, -0.849595
0.357980, -0.581047, -0.947760
0.348564, -0.641585, -0.920125
-0.047964, -0.501092, -0.632353
0.397310, -0.535844, -0.914815
1.051479, 0.258006, -0.206463
0.888107, 0.335938, -0.178245
1.111303, 0.369665, -0.220867
0.901950, 0.412184, -0.174065
1.237121, 0.270688, -0.249887
1.196882, 0.301962, -0.218793
1.296115, 0.395131, -0.257250
1.076677, 0.390819, -0.183562
-0.950979, -0.714132, -0.106363
-0.959643, -0.738754, -0.142205
-0.309831, -0.683213, -0.941993
-0.045320, -0.678229, -0.730130
0.156542, -0.720444, -0.764411
0.159616, -0.739759, -0.741068
0.340893, -0.695060, -0.869713
0.232618, -0.689165, -0.736798
0.885268, 0.121847, -0.138935
0.578439, 0.076461, -0.062269
0.854528, 0.179967, -0.134342
0.648852, 0.210484, -0.072497
0.928026, 0.082151, -0.147829
0.872284, 0.121414, -0.105326
0.941376, 0.241228, -0.147614
0.822633, 0.204440, -0.089752
0.614572, -0.550719, -0.116901
0.493556, -0.565165, -0.071403
0.621037, -0.425383, -0.108349
0.407664, -0.454401, -0.035978
0.725334, -0.509295, -0.098489
0.635637, -0.553336, -0.077157
0.633077, -0.419723, -0.086183
0.625404, -0.430472, -0.062347
0.858662, -0.695625, -0.194614
0.692042, -0.670120, -0.152683
0.851991, -0.608979, -0.198713
0.742306, -0.603246, -0.145178
1.007603, -0.652429, -0.189770
0.806160, -0.671533, -0.143694
1.035798, -0.562458, -0.195300
0.840652, -0.613342, -0.159287
2.214544, -0.459327, -0.955291
2.342689, -0.434299, -0.900216
2.375938, -0.371216, -0.961759
2.249380, -0.389148, -0.925444
2.460638, -0.471608, -0.940585
2.494217, -0.444107, -0.920646
2.511652, -0.399915, -0.968510
2.454152, -0.373710, -0.907859
1.124893, -0.809761, -0.366546
0.890296, -0.801145, -0.257626
1.112223, -0.735226, -0.326607
0.930333, -0.766375, -0.264160
1.313186, -0.755612, -0.348411
1.130089, -0.814627, -0.328574
1.107426, -0.741711, -0.293531
1.062387, -0.723780, -0.244791
2.181974, -0.582930, -0.899359
2.308500, -0.549203, -0.861067
2.342831, -0.536553, -0.898591
2.148319, -0.517272, -0.854858
2.497910, -0.576914, -0.894026
2.463979, -0.582219, -0.848986
2.500474, -0.528294, -0.866990
2.489957, -0.502378, -0.828546
1.325494, -0.846150, -0.512911
1.299871, -0.879862, -0.516631
1.441541, -0.806459, -0.481271
1.089575, -0.816787, -0.377303
1.568856, -0.842001, -0.511616
1.439654, -0.865893, -0.465373
1.525805, -0.792758, -0.476699
1.423495, -0.837637, -0.439868
2.255238, -0.699513, -0.867286
2.087767, -0.742902, -0.885208
2.311996, -0.644351, -0.862197
2.227688, -0.618488, -0.814988
2.468525, -0.699247, -0.869951
2.333011, -0.734359, -0.852664
2.335631, -0.671446, -0.868534
2.371484, -0.664986, -0.831367
1.347392, -0.635534, 0.024919
1.695537, -0.648626, -0.075072
1.676925, -0.565899, -0.067886
1.556688, -0.585966, -0.047535
0.462393, -0.645630, 0.189350
-0.613174, -0.554002, -0.001610
0.214073, -0.530556, 0.192020
-0.500980, -0.483415, 0.005835
1.802689, 0.334116, -0.835330
1.916829, 0.368838, -0.777149
1.880615, 0.407965, -0.820184
1.763407, 0.408655, -0.808399
1.989967, 0.353613, -0.808958
2.099265, 0.343936, -0.797927
2.098036, 0.402631, -0.814158
2.139279, 0.433109, -0.798021
-0.800123, -0.671483, -0.122449
-0.468659, -0.784025, -0.025825
-0.801040, -0.625936, -0.152130
-0.509049, -0.681316, -0.066745
-0.890096, -0.594402, -0.036202
-0.915241, -0.599899, -0.049974
-0.994591, -0.487847, -0.301971
0.173692, -0.414457, -0.910334
1.083056, 0.262475, -0.303517
0.907650, 0.246545, -0.245779
1.005123, 0.313230, -0.313099
0.856653, 0.368003, -0.255977
1.092292, 0.248804, -0.302704
1.068425, 0.291777, -0.264896
1.147376, 0.339876, -0.277306
0.995004, 0.375640, -0.253716
3.211320, -0.682612, -0.149983
2.880074, -0.665262, -0.145611
3.276364, -0.638329, -0.160681
3.061929, -0.609170, -0.147460
1.086433, -0.796768, 0.056135
0.372474, -0.719352, 0.194837
1.378315, -0.731848, 0.024157
0.008456, -0.621677, 0.183569
2.007284, 0.210926, -0.890963
1.856220, 0.254989, -0.848895
1.836509, 0.299510, -0.896632
1.827479, 0.275631, -0.848352
2.182387, 0.227980, -0.901573
2.134042, 0.235585, -0.868664
2.080043, 0.269149, -0.906674
2.173966, 0.277115, -0.866583
-0.351568, -0.878910, -0.076119
-0.316389, -0.933982, -0.115599
-0.425283, -0.851923, -0.033694
-0.451511, -0.869335, -0.061132
-0.814381, -0.845758, -0.187171
-0.907808, -0.715944, -0.042245
-0.978594, -0.604346, -0.182547
-0.711648, -0.821858, -0.264118
0.891118, 0.105202, -0.221335
0.766934, 0.111371, -0.175009
0.828130, 0.187092, -0.207623
0.747674, 0.197911, -0.179616
0.940911, 0.132347, -0.209846
0.922186, 0.150306, -0.186462
0.996319, 0.157606, -0.230039
0.819558, 0.162621, -0.153156
0.422018, -0.341569, -0.128220
0.367409, -0.344472, -0.094019
0.466646, -0.262194, -0.120763
0.384714, -0.306537, -0.093896
0.629245, -0.332502, -0.138877
0.503935, -0.346560, -0.118794
0.498110, -0.306491, -0.118752
0.466787, -0.290379, -0.101725
0.564878, -0.541454, -0.209269
0.497414, -0.529010, -0.188128
0.746075, -0.412321, -0.215250
0.659888, -0.444570, -0.183489
0.773016, -0.532402, -0.192414
0.578557, -0.543967, -0.165408
0.788324, -0.470340, -0.205510
0.756957, -0.458538, -0.165929
1.902363, -0.323220, -0.968427
1.898103, -0.355822, -0.909004
1.962210, -0.287744, -0.960894
1.905427, -0.315075, -0.913679
2.103875, -0.336099, -0.954526
2.121961, -0.322721, -0.904673
2.051714, -0.308255, -0.969157
2.197309, -0.275406, -0.924479
0.839192, -0.645716, -0.269557
0.725880, -0.627910, -0.256145
0.737997, -0.562444, -0.261242
0.693165, -0.598164, -0.254982
0.811865, -0.664980, -0.256518
0.857703, -0.657833, -0.252554
0.936473, -0.547214, -0.250203
0.825831, -0.604672, -0.220949
1.923572, -0.443989, -0.866577
1.818809, -0.471767, -0.820127
1.863103, -0.404717, -0.869475
1.783764, -0.406421, -0.815601
2.173864, -0.467214, -0.902990
1.988799, -0.463952, -0.844562
1.998001, -0.421463, -0.886511
1.966244, -0.416245, -0.841678
0.921557, -0.753090, -0.387656
0.868361, -0.758850, -0.312857
1.005121, -0.724797, -0.374730
0.844566, -0.744299, -0.303057
1.105125, -0.776282, -0.392296
1.021163, -0.782625, -0.373193
1.148653, -0.702999, -0.387208
0.995921, -0.708765, -0.334079
1.797901, -0.555902, -0.821554
1.816889, -0.592596, -0.803355
1.887830, -0.501329, -0.810865
1.707797, -0.540841, -0.751295
2.040489, -0.587336, -0.823877
1.969988, -0.578416, -0.785007
2.020043, -0.510447, -0.817510
2.020352, -0.547669, -0.774229
1.275578, -0.847757, -0.599801
1.125797, -0.832749, -0.518950
1.166663, -0.771236, -0.511298
1.072060, -0.818496, -0.472653
1.350795, -0.817718, -0.564204
1.343975, -0.851237, -0.544023
1.349919, -0.782804, -0.533860
1.224688, -0.803584, -0.486848
1.648571, -0.696715, -0.779159
1.733918, -0.770461, -0.795100
1.721803, -0.668116, -0.767882
1.691773, -0.665628, -0.736899
1.950642, -0.717490, -0.818622
1.814834, -0.714742, -0.775351
1.940736, -0.659474, -0.783981
1.761729, -0.690342, -0.743394
3.206270, -0.690383, -0.288898
2.968989, -0.694266, -0.193828
3.183973, -0.597520, -0.255849
2.996224, -0.631352, -0.191890
2.976398, -0.668843, -0.158456
2.981871, -0.700962, -0.179121
3.039719, -0.650975, -0.173244
2.949594, -0.632462, -0.167904
1.413375, 0.235994, -0.798331
1.487048, 0.195321, -0.754723
1.520271, 0.259748, -0.808315
1.520314, 0.268215, -0.791439
1.638116, 0.227301, -0.825105
1.661218, 0.222419, -0.770357
1.730961, 0.311965, -0.805949
1.720299, 0.264081, -0.797231
1.217156, -0.915557, -0.087367
1.373940, -0.941200, -0.156854
1.043668, -0.896448, -0.003476
0.621855, -0.866289, 0.095465
0.773025, -0.943473, 0.057613
0.822889, -0.929388, 0.043086
0.452237, -0.831996, 0.141785
-0.206282, -0.818790, 0.076499
0.784517, 0.129101, -0.308990
0.537455, 0.067255, -0.253837
0.658698, 0.182774, -0.281428
0.621400, 0.202766, -0.270957
0.799878, 0.140410, -0.294694
0.773170, 0.104648, -0.238430
0.795571, 0.146990, -0.292128
0.799745, 0.169824, -0.281421
3.256768, -0.762912, -0.548082
3.225746, -0.750189, -0.394595
3.243817, -0.717592, -0.580212
3.229700, -0.725236, -0.299829
3.262161, -0.823685, -0.317052
3.239698, -0.773028, -0.348949
3.233926, -0.718729, -0.198697
3.208786, -0.736730, -0.198536
1.596746, 0.088657, -0.869848
1.488073, 0.128374, -0.838519
1.584720, 0.160218, -0.867121
1.487478, 0.138901, -0.850179
1.726498, 0.122176, -0.891222
1.784070, 0.104512, -0.865605
1.667944, 0.166269, -0.866746
1.676698, 0.178880, -0.836449
0.106790, -0.210347, -0.145599
0.015038, -0.187745, -0.137587
0.325781, -0.153411, -0.181537
0.085440, -0.165804, -0.123295
0.477522, -0.244766, -0.153867
0.278111, -0.219961, -0.108461
0.352984, -0.156903, -0.159204
0.305757, -0.121376, -0.145469
0.487015, -0.366338, -0.254512
0.402066, -0.374076, -0.234780
0.346401, -0.258534, -0.231300
0.391627, -0.308397, -0.215972
0.633612, -0.323398, -0.224841
0.496773, -0.338582, -0.212042
0.575590, -0.250798, -0.232616
0.511496, -0.249670, -0.166550
1.514170, -0.264112, -0.966677
1.455930, -0.234656, -0.889659
1.500676, -0.183910, -0.946623
1.561719, -0.209162, -0.899990
1.644903, -0.259484, -0.966949
1.783707, -0.247905, -0.908063
1.775623, -0.204735, -0.962618
1.717633, -0.175240, -0.905001
0.453664, -0.450352, -0.288598
0.358096, -0.503373, -0.264598
0.671769, -0.443657, -0.304074
0.291183, -0.420914, -0.239354
0.761464, -0.511190, -0.280110
0.677468, -0.481526, -0.272508
0.836531, -0.406471, -0.288928
0.639882, -0.431982, -0.257085
1.489422, -0.367285, -0.864506
1.507950, -0.354282, -0.815220
1.529578, -0.275431, -0.861074
1.438356, -0.304726, -0.819555
1.661271, -0.329998, -0.857124
1.614375, -0.374477, -0.825737
1.723698, -0.315984, -0.871224
1.615617, -0.282801, -0.839290
0.683655, -0.641178, -0.375357
0.525521, -0.602458, -0.333809
0.768591, -0.576321, -0.370813
0.574670, -0.576680, -0.329727
0.913409, -0.633928, -0.362989
0.735775, -0.632892, -0.337012
0.881759, -0.530951, -0.344079
0.835831, -0.533537, -0.306340
1.351849, -0.491640, -0.782075
1.310506, -0.476464, -0.747786
1.385314, -0.399995, -0.786628
1.435110, -0.429001, -0.757681
1.541873, -0.474980, -0.792121
1.487576, -0.495134, -0.754381
1.630091, -0.445405, -0.802775
1.495338, -0.420646, -0.774865
0.863045, -0.707323, -0.463025
0.767898, -0.724259, -0.429585
0.712642, -0.649460, -0.423878
0.746633, -0.640006, -0.412619
0.993132, -0.739340, -0.495771
0.879239, -0.758558, -0.432523
0.959544, -0.674137, -0.438846
0.939494, -0.648309, -0.392010
1.241433, -0.630203, -0.716455
1.309012, -0.639350, -0.705059
1.248894, -0.587689, -0.727728
1.158251, -0.601871, -0.681775
1.471952, -0.631040, -0.757440
1.367701, -0.603847, -0.700248
1.432618, -0.578531, -0.747627
1.510105, -0.547482, -0.678537
1.256948, -0.751555, -0.731486
1.031661, -0.798838, -0.679165
1.271297, -0.687270, -0.684419
1.101493, -0.714922, -0.659003
1.480806, -0.764802, -0.776424
1.280464, -0.747518, -0.701931
1.444313, -0.685887, -0.705306
1.422737, -0.718826, -0.669966
0.998677, -0.796401, -0.594576
0.888558, -0.798734, -0.520879
0.787082, -0.771828, -0.507625
0.900207, -0.747929, -0.519193
1.251016, -0.785413, -0.629875
1.050261, -0.804275, -0.565237
1.121845, -0.749929, -0.589199
1.064735, -0.777904, -0.538195
3.151429, -0.758020, -0.542184
3.090212, -0.760594, -0.516787
3.132948, -0.713344, -0.488312
3.129881, -0.699870, -0.443797
3.171799, -0.781014, -0.363545
3.120085, -0.789509, -0.374141
3.161185, -0.729799, -0.431240
3.144193, -0.718431, -0.374404
1.025092, 0.107207, -0.657107
0.875787, 0.076368, -0.566717
1.023919, 0.169032, -0.655098
1.047777, 0.171311, -0.646362
1.270346, 0.122546, -0.777299
1.340342, 0.105435, -0.755471
1.333350, 0.166155, -0.781443
1.132363, 0.148692, -0.680579
-0.489166, -0.156518, -0.402589
-0.716394, -0.141461, -0.501415
-0.409641, -0.092575, -0.370812
-0.829342, 0.020107, -0.543572
0.104111, -0.215923, -0.170397
-0.269749, -0.145405, -0.297644
-0.259985, -0.124488, -0.299669
0.018182, -0.093303, -0.161534
1.250524, -0.157689, -0.901172
1.224275, -0.147684, -0.863504
1.158238, -0.088232, -0.866977
1.127960, -0.074026, -0.799196
1.421710, -0.106375, -0.947232
1.414382, -0.137984, -0.896842
1.364067, -0.090971, -0.916031
1.405831, -0.083288, -0.913141
-0.218711, -0.327631, -0.322136
-0.526396, -0.253925, -0.432250
-0.201021, -0.213664, -0.299537
-0.458153, -0.242394, -0.402486
0.003264, -0.342413, -0.238774
0.046794, -0.339833, -0.200914
0.167780, -0.289682, -0.210253
-0.217102, -0.225359, -0.299417
1.010148, -0.237499, -0.710975
0.970245, -0.259671, -0.682343
1.228032, -0.172861, -0.832886
1.047249, -0.221388, -0.708507
1.291221, -0.244385, -0.832213
1.304892, -0.269375, -0.816658
1.410157, -0.192282, -0.877881
1.256965, -0.175409, -0.785439
-0.447818, -0.439133, -0.433674
-0.501537, -0.411006, -0.447127
-0.083498, -0.383473, -0.283904
-0.520262, -0.351019, -0.457329
0.011112, -0.474517, -0.263581
0.004193, -0.426468, -0.258798
0.190941, -0.415675, -0.253473
0.260754, -0.373723, -0.250903
0.832147, -0.369036, -0.607654
0.757418, -0.408200, -0.541770
0.800185, -0.352534, -0.575708
0.947409, -0.322411, -0.628927
1.292147, -0.374489, -0.764366
1.252648, -0.383765, -0.715659
1.212958, -0.316482, -0.740715
1.146147, -0.311472, -0.698889
-0.048675, -0.583058, -0.313577
-0.441844, -0.554244, -0.422784
-0.055658, -0.520404, -0.309309
-0.357516, -0.485034, -0.406111
0.194412, -0.549847, -0.303525
0.084004, -0.565076, -0.287192
0.264830, -0.533090, -0.301645
0.318756, -0.547170, -0.300108
0.673729, -0.523134, -0.515962
0.744295, -0.536383, -0.517139
0.786531, -0.442319, -0.542956
0.465503, -0.480111, -0.421815
0.898824, -0.535170, -0.598736
1.055833, -0.504964, -0.628855
1.141353, -0.432017, -0.681884
1.017986, -0.474882, -0.628436
0.677360, -0.666605, -0.519975
0.218194, -0.621680, -0.394056
0.592486, -0.603321, -0.478261
0.279980, -0.621349, -0.394065
0.848373, -0.652680, -0.567962
0.652984, -0.656761, -0.481567
0.831571, -0.601130, -0.541482
0.811715, -0.580451, -0.525438
0.239989, -0.661693, -0.362742
0.052653, -0.679657, -0.337225
-0.143282, -0.632362, -0.384709
-0.055508, -0.587966, -0.334597
0.726212, -0.697495, -0.473142
0.372100, -0.715696, -0.387696
0.453363, -0.642227, -0.395546
0.549773, -0.663657, -0.405404
0.597520, -0.792573, -0.507191
0.360268, -0.786328, -0.445339
0.279551, -0.725684, -0.420853
0.408351, -0.723572, -0.420476
0.950810, -0.808550, -0.650422
0.612045, -0.796375, -0.500713
0.688058, -0.733920, -0.511114
0.695994, -0.764564, -0.500178
-0.646504, 0.464154, -0.652324
-0.385676, 0.487552, -0.566112
-0.397640, 0.519315, -0.576581
-0.483897, 0.558815, -0.698072
0.315300, 0.260940, -0.407536
-0.756697, 0.499164, -0.649028
-0.126814, 0.372872, -0.364225
-0.644309, 0.476577, -0.620316
-0.380019, 0.345508, -0.669928
-0.363837, 0.207531, -0.524755
-0.392154, 0.376899, -0.572918
-0.401303, 0.325082, -0.571815
0.458944, 0.071729, -0.489111
-0.622126, 0.272927, -0.649687
-0.625821, 0.314406, -0.606230
-0.490413, 0.360238, -0.585568
-0.270731, 0.239890, -0.524730
-0.041304, 0.162996, -0.423061
-0.294657, 0.347301, -0.511513
-0.407623, 0.361855, -0.609423
-0.321280, 0.203423, -0.455836
-0.465478, 0.237962, -0.549500
-0.396176, 0.312914, -0.516982
-0.253546, 0.270201, -0.405414
-0.437976, 0.115363, -0.624971
-0.521533, 0.251064, -0.740069
-0.330406, 0.298035, -0.702120
-0.405614, 0.325043, -0.748769
-0.413095, 0.077686, -0.573156
-0.489111, 0.137542, -0.595790
-0.837883, 0.266058, -0.643346
-0.633623, 0.187163, -0.626111
0.022007, 0.067176, -0.445246
-0.221059, 0.051532, -0.508838
-0.309211, 0.181433, -0.575070
0.048665, 0.129710, -0.417412
0.221670, 0.024672, -0.438223
0.489256, 0.012496, -0.542641
0.218506, 0.129609, -0.430933
0.502057, 0.054321, -0.542541
1.838012, 0.707388, -0.492480
1.786016, 0.710090, -0.458525
1.901491, 0.742910, -0.546753
1.944640, 0.782594, -0.546946
2.085426, 0.707738, -0.476209
1.902847, 0.694677, -0.476706
2.015116, 0.729787, -0.513405
1.915419, 0.750030, -0.480104
-0.565997, -0.139807, -0.774648
-0.595578, -0.078506, -0.762562
-0.498195, -0.027522, -0.706234
-0.333544, 0.023252, -0.774329
0.232773, -0.283375, -0.469604
-0.526034, -0.191903, -0.617710
-0.351419, -0.150312, -0.529814
-0.244617, -0.122780, -0.482576
0.587028, 0.543104, -0.934327
0.631891, 0.518521, -0.779732
0.613230, 0.590217, -0.754302
0.622183, 0.544360, -0.767806
-0.155455, 0.721261, -0.889973
-0.395702, 0.606260, -0.641347
-0.178565, 0.584579, -0.533649
0.669563, 0.560474, -0.820318
0.583757, 0.463995, -0.941184
0.381258, 0.477813, -0.972667
0.418826, 0.514202, -0.920905
0.593131, 0.471210, -0.924202
-0.236251, 0.471626, -0.552646
-0.223338, 0.520132, -0.745387
-0.362944, 0.574109, -0.705839
-0.208349, 0.562460, -0.767570
-0.296609, 0.500893, -1.009534
0.412850, 0.517917, -0.999926
0.383106, 0.542327, -1.013616
0.556069, 0.516386, -0.914990
-0.062589, 0.428169, -0.481294
-0.308624, 0.443685, -0.556687
-0.296407, 0.520241, -0.559704
0.540071, 0.424564, -0.676807
0.551825, 0.319028, -0.894469
0.401182, 0.365738, -0.916545
0.403545, 0.450208, -0.937520
0.454367, 0.458705, -0.937542
-0.128316, 0.394887, -0.829177
0.617358, 0.278037, -0.806994
0.605069, 0.359871, -0.901949
-0.243748, 0.446581, -0.730162
0.337168, 0.348574, -0.826243
0.245420, 0.412203, -1.028233
0.329570, 0.418076, -0.906474
-0.240439, 0.471849, -1.017548
-0.140575, 0.338379, -0.506482
-0.259745, 0.303763, -0.626248
-0.041177, 0.379968, -0.495434
-0.252000, 0.376070, -0.528448
0.410996, 0.256407, -0.967283
0.334683, 0.259983, -0.976913
0.331751, 0.305345, -1.001287
0.159363, 0.258042, -0.639692
-0.183839, 0.258014, -0.732890
0.468121, 0.232966, -0.957581
-0.181447, 0.324469, -0.719750
0.520001, 0.224277, -0.716064
0.298045, 0.247403, -0.939569
-0.075393, 0.197313, -1.002504
-0.610052, 0.324864, -0.974850
0.322884, 0.304651, -0.930989
-0.790711, 0.217818, -0.965110
0.519564, 0.248716, -1.003994
0.699685, 0.259512, -0.879554
0.630214, 0.235585, -0.776007
1.270501, 0.751234, -0.346947
1.296500, 0.731568, -0.334250
1.376345, 0.772074, -0.408880
1.415282, 0.794022, -0.395401
1.510727, 0.757592, -0.420955
1.376999, 0.767828, -0.354051
1.493682, 0.786341, -0.429176
1.511227, 0.802098, -0.402466
0.363813, -0.025517, -0.863388
0.299009, -0.070745, -0.683677
0.361087, -0.033493, -0.767475
0.357604, -0.032030, -0.738276
-0.002848, -0.021943, -0.806425
0.129957, -0.059065, -0.579287
-0.162336, 0.071753, -0.800235
-0.119125, 0.046262, -0.717810
2.122217, 0.594347, -0.799232
2.191404, 0.661706, -0.805516
2.148612, 0.708354, -0.840880
2.289804, 0.699593, -0.829958
2.483594, 0.648979, -0.792023
2.457147, 0.661773, -0.767522
2.352723, 0.700096, -0.847909
2.432312, 0.728837, -0.828631
0.292023, -0.074991, -0.974445
-0.873272, -0.127066, -0.944829
-0.900507, 0.043374, -0.791540
-0.843430, -0.049751, -0.954327
0.587957, -0.058278, -0.884328
0.577058, -0.089032, -0.869669
0.498458, 0.024653, -1.000557
0.249931, -0.032344, -0.570506
1.458868, 0.593552, -0.401758
1.442820, 0.583815, -0.375648
1.625731, 0.665461, -0.471113
1.482718, 0.659829, -0.418126
1.685128, 0.583661, -0.440994
1.610711, 0.561493, -0.408456
1.727539, 0.607996, -0.451970
1.655952, 0.619137, -0.417250
0.357173, -0.158665, -0.881720
0.343629, -0.165063, -0.786818
0.163903, -0.145639, -1.023029
0.194869, -0.125171, -1.018760
-0.082680, -0.134122, -0.787812
-0.122297, -0.217982, -0.648897
-0.155502, -0.099856, -0.691037
-0.143846, -0.119445, -0.726247
-0.349441, 0.601143, -0.054796
-0.534100, 0.620484, -0.090304
-0.228968, 0.660517, -0.012319
-0.054458, 0.617481, 0.087100
0.352394, 0.680373, -0.680380
-0.589112, 0.748748, 0.043279
-0.587857, 0.775791, 0.025822
-0.748288, 0.755263, -0.091684
-0.266945, 0.468539, -0.019313
-0.875774, 0.580181, -0.092031
-0.619959, 0.591543, -0.093731
-0.358761, 0.560740, -0.082208
0.323863, 0.565284, -0.665997
0.215273, 0.549722, -0.630689
-0.706916, 0.658657, -0.865337
0.261719, 0.609349, -0.662913
-0.093022, 0.444267, 0.151917
-0.819259, 0.572937, -0.058810
-0.267357, 0.479361, 0.007567
-0.152500, 0.491802, 0.087979
0.372501, 0.551975, -0.750449
-0.412036, 0.569119, 0.084603
0.373725, 0.609820, -0.720158
-0.634761, 0.638934, -0.009572
-0.512547, 0.291382, -0.110240
-0.711279, 0.417658, -0.130831
-0.377233, 0.410096, -0.076827
-0.748442, 0.447196, -0.137054
0.129764, 0.409904, -0.653012
-0.817311, 0.413382, -0.039423
-0.475938, 0.544841, 0.084168
-0.636989, 0.575231, 0.059938
-0.097121, 0.231433, 0.163840
-0.016396, 0.273467, 0.187321
0.889252, 0.335107, 0.101399
0.466111, 0.358954, 0.174717
0.369145, 0.459167, -0.875818
-0.481051, 0.528135, 0.102453
-0.686371, 0.447881, -0.049250
0.295922, 0.509140, -0.767353
-0.863426, 0.263375, -0.137938
-0.797703, 0.262811, -0.171447
-0.750594, 0.293007, -0.137486
-0.718378, 0.316902, -0.147137
-0.670477, 0.299341, 0.001453
-0.740990, 0.313600, -0.016453
0.043376, 0.390654, -0.714369
0.216894, 0.394277, -0.883205
1.552575, 0.162890, -0.009838
1.417879, 0.200177, 0.017922
1.371657, 0.201564, 0.028166
-0.197505, 0.163736, 0.131220
-0.494359, 0.149116, -0.020369
0.239215, 0.347837, -0.771171
-0.416519, 0.364744, 0.105085
-0.567868, 0.326702, -0.043068
-0.890001, 0.088565, -0.197925
-0.750881, 0.022107, -0.208587
-0.635365, 0.120540, -0.147287
-0.672621, 0.095022, -0.181534
-0.900717, 0.103151, -0.137638
-0.913028, 0.269141, 0.046985
0.050092, 0.299484, -0.705031
-0.983074, 0.310290, -0.503805
1.810922, -0.015460, -0.088228
1.338500, -0.048508, 0.040617
1.727550, 0.125623, -0.058594
1.340283, 0.059166, 0.033180
1.262713, -0.000508, 0.051511
-0.149133, -0.037944, 0.151439
-0.212696, 0.045938, 0.137550
-0.564737, 0.074079, -0.035924
0.893930, 0.776365, -0.279316
0.768599, 0.750828, -0.213176
0.998543, 0.841354, -0.293300
0.855467, 0.862522, -0.260340
1.035900, 0.753795, -0.261402
0.911658, 0.787340, -0.200251
1.153339, 0.829825, -0.320631
0.902172, 0.803688, -0.230493
-0.609578, -0.298951, -0.176610
-0.688642, -0.241992, -0.215373
-0.733432, -0.202562, -0.210768
-0.691982, -0.181683, -0.207283
-0.923610, -0.199059, -0.246279
-0.941702, -0.210610, -0.185025
0.215732, 0.001303, -0.935032
-0.933577, -0.124531, -0.028319
1.967185, 0.606447, -0.875025
1.831348, 0.660382, -0.834762
1.945805, 0.677396, -0.896172
1.860556, 0.680645, -0.861160
2.174353, 0.624355, -0.879262
2.031377, 0.653087, -0.839114
2.083297, 0.675117, -0.894385
2.136624, 0.678892, -0.863656
1.504084, -0.359143, -0.005811
1.596842, -0.324718, -0.039529
1.697145, -0.201720, -0.067501
2.173016, -0.291503, -0.132892
-0.542402, -0.283180, -0.036412
-0.472505, -0.302499, -0.022024
0.453340, -0.256197, 0.177095
-0.826969, -0.149607, -0.075136
0.985402, 0.635420, -0.301142
0.912000, 0.635943, -0.253423
1.022675, 0.650910, -0.296326
0.995870, 0.694921, -0.289643
1.100845, 0.624283, -0.301565
1.063418, 0.653660, -0.246276
1.158690, 0.684572, -0.340728
1.023898, 0.669222, -0.274059
-0.837165, -0.382819, -0.212414
-0.676886, -0.465385, -0.184105
-0.571806, -0.325035, -0.141236
-0.562831, -0.371578, -0.133011
0.233460, -0.248661, -0.839584
-0.122107, -0.204759, -0.947655
0.264143, -0.127073, -0.737955
-0.969043, -0.215682, -0.131594
1.744971, 0.466128, -0.765820
1.818678, 0.529138, -0.761423
1.916712, 0.533972, -0.797922
1.693857, 0.565937, -0.744852
1.913114, 0.485306, -0.778701
1.862739, 0.503622, -0.728168
2.015816, 0.526025, -0.775283
1.902835, 0.582343, -0.755033
0.633138, -0.479760, 0.143521
1.053529, -0.502929, 0.076640
0.520746, -0.407565, 0.162933
0.284338, -0.426379, 0.190690
-0.687401, -0.369119, -0.043076
-0.840529, -0.327418, -0.069036
-0.855531, -0.219085, -0.031428
-0.829726, -0.213690, 0.017939
1.163434, 0.462094, -0.365693
1.121302, 0.409489, -0.315377
1.181946, 0.466654, -0.382796
1.135936, 0.534346, -0.362130
1.365296, 0.423173, -0.384943
1.214472, 0.399084, -0.338490
1.267018, 0.489559, -0.386213
1.213012, 0.482610, -0.328046
-0.411557, -0.616593, 0.027046
-0.807491, -0.535925, -0.161736
-0.538063, -0.499493, -0.067075
-0.808136, -0.470016, -0.182310
-0.877671, -0.487285, -0.125122
-0.878950, -0.491516, -0.139609
0.325669, -0.298161, -0.864847
-0.982467, -0.244147, -0.583507
1.806397, 0.785437, -0.126893
1.874125, 0.818875, -0.146685
2.048369, 0.871496, -0.178549
2.005880, 0.846057, -0.190628
0.762950, 0.818531, 0.131462
1.322427, 0.790010, 0.007468
1.802232, 0.855957, -0.124506
0.971637, 0.900986, 0.076680
0.875969, 0.618429, 0.089696
0.852356, 0.685324, 0.092793
1.512977, 0.725284, -0.037700
1.574694, 0.734567, -0.069186
0.162684, 0.640174, 0.190622
0.526384, 0.637158, 0.149861
-0.120361, 0.617767, 0.014972
0.516637, 0.723869, 0.160021
2.120660, 0.640833, -0.162667
1.630646, 0.638780, -0.057543
2.373431, 0.709971, -0.187558
1.839686, 0.709192, -0.128620
1.459214, 0.594903, 0.012797
0.989963, 0.662084, 0.085076
1.673625, 0.666165, -0.066901
1.389503, 0.745686, 0.007127
1.327792, 0.492533, -0.007707
0.673918, 0.514885, 0.107402
1.140021, 0.595165, 0.037907
0.437567, 0.563844, 0.151599
0.001146, 0.397755, 0.164846
-0.307495, 0.482686, -0.079160
-0.235352, 0.495287, -0.019225
-0.327514, 0.517810, -0.091696
2.291531, 0.488634, -0.147136
1.983876, 0.426537, -0.131766
2.459787, 0.551134, -0.179675
2.234530, 0.549877, -0.155072
2.121279, 0.439061, -0.140165
0.978168, 0.448004, 0.088423
1.356534, 0.550998, 0.036246
1.817165, 0.553818, -0.095817
0.283850, 0.315654, 0.159269
0.525315, 0.264352, 0.132464
0.853997, 0.412753, 0.066147
0.274129, 0.378716, 0.152718
-0.285240, 0.247173, -0.018599
-0.486093, 0.315238, -0.139187
-0.081087, 0.385109, 0.103843
-0.461399, 0.428682, -0.136187
2.994595, 0.274524, -0.202591
2.879695, 0.269712, -0.202315
2.974714, 0.356337, -0.198227
2.801193, 0.393803, -0.194022
2.280044, 0.318795, -0.145790
1.859070, 0.318637, -0.093383
2.439206, 0.367719, -0.166115
1.405040, 0.406015, 0.027239
-0.035307, 0.111183, 0.092487
0.281654, 0.139057, 0.141726
-0.063862, 0.210512, 0.093647
0.018369, 0.241089, 0.119710
-0.473148, 0.169148, -0.126891
-0.610024, 0.131437, -0.157104
-0.198074, 0.229319, 0.020464
-0.626127, 0.222460, -0.168937
3.163703, 0.131115, -0.248345
3.133595, 0.156834, -0.239489
3.124827, 0.178900, -0.199309
3.079211, 0.220412, -0.228598
2.898155, 0.128948, -0.155979
2.821975, 0.117862, -0.162028
2.846278, 0.227282, -0.154643
2.555429, 0.229359, -0.149643
-0.372267, -0.030743, -0.099488
-0.238027, -0.017027, -0.032146
-0.323277, 0.065639, -0.046937
-0.102906, 0.051867, 0.041826
-0.677411, -0.009230, -0.210186
-0.713274, 0.034048, -0.256529
-0.510109, 0.059439, -0.156173
-0.670277, 0.137603, -0.217387
3.298476, 0.004394, -0.443552
3.207160, -0.014599, -0.249146
3.282858, 0.078799, -0.590420
3.202300, 0.064157, -0.221545
3.267145, -0.010851, -0.224277
3.249001, 0.038311, -0.222461
3.249769, 0.066381, -0.252230
3.250017, 0.070429, -0.210909
0.476205, 0.777861, -0.191100
0.412402, 0.769339, -0.153231
0.592217, 0.884161, -0.249215
0.488748, 0.870852, -0.203559
0.591906, 0.769526, -0.207765
0.414852, 0.764424, -0.149722
0.723267, 0.843488, -0.258286
0.440450, 0.834816, -0.160980
-0.125121, -0.356420, 0.080181
-0.190620, -0.352472, 0.018614
-0.306076, -0.256292, -0.059099
-0.327025, -0.225451, -0.086264
-0.539946, -0.271681, -0.169787
-0.669226, -0.281094, -0.286013
-0.501065, -0.231083, -0.168775
-0.537341, -0.240476, -0.183304
1.597683, 0.606184, -0.917092
1.486418, 0.605745, -0.872074
1.457548, 0.684723, -0.921994
1.505500, 0.671490, -0.886209
1.659636, 0.578963, -0.918979
1.616540, 0.651683, -0.886164
1.749362, 0.716571, -0.932623
1.643605, 0.661657, -0.895214
3.302596, -0.251689, -0.400203
3.214884, -0.261268, -0.323228
3.304759, -0.198999, -0.465620
3.215810, -0.210691, -0.271187
3.244763, -0.287099, -0.268469
3.141297, -0.287744, -0.152879
3.220201, -0.224198, -0.239151
3.192024, -0.206935, -0.221161
0.475105, 0.567879, -0.221177
0.454991, 0.602452, -0.197546
0.628778, 0.664113, -0.240437
0.508838, 0.702288, -0.208396
0.704139, 0.606798, -0.217753
0.589775, 0.632022, -0.190331
0.640051, 0.677038, -0.222616
0.571632, 0.686284, -0.186832
0.352365, -0.536324, 0.158062
0.300602, -0.507521, 0.152123
0.328186, -0.401079, 0.144034
0.062825, -0.440810, 0.140749
-0.452735, -0.493874, -0.078976
-0.487795, -0.416885, -0.115581
-0.319829, -0.325886, -0.024185
-0.453430, -0.377496, -0.114549
1.420278, 0.498491, -0.808781
1.545031, 0.512098, -0.807879
1.435593, 0.560126, -0.846887
1.388606, 0.538984, -0.779148
1.642980, 0.507759, -0.833717
1.730551, 0.487512, -0.813969
1.632202, 0.561324, -0.859080
1.621170, 0.535436, -0.799758
3.080396, -0.433166, -0.202531
2.946923, -0.404801, -0.181332
3.065949, -0.352954, -0.186713
3.082386, -0.342796, -0.212522
2.681337, -0.423928, -0.146531
2.427485, -0.466759, -0.140277
2.950670, -0.374732, -0.158119
3.005834, -0.317239, -0.169185
0.787251, 0.476030, -0.289730
0.756318, 0.437361, -0.281274
0.738033, 0.486748, -0.300773
0.509000, 0.516068, -0.232994
0.972762, 0.417161, -0.312172
0.843260, 0.427120, -0.273829
0.881819, 0.528799, -0.293799
0.826613, 0.552179, -0.271299
1.037234, -0.697355, 0.023134
0.093144, -0.661251, 0.141031
0.572803, -0.591177, 0.125072
0.594798, -0.620222, 0.116461
-0.364454, -0.567243, -0.022306
-0.349157, -0.610158, -0.025975
-0.426683, -0.553997, -0.012227
-0.136867, -0.545498, 0.107795
1.420859, 0.385753, -0.731102
1.310166, 0.341517, -0.690732
1.345526, 0.457519, -0.734816
1.312073, 0.458661, -0.710783
1.576705, 0.368667, -0.751166
1.524750, 0.352029, -0.724969
1.671176, 0.455264, -0.762717
1.508946, 0.463257, -0.714175
2.917593, -0.553343, -0.201492
2.660396, -0.552250, -0.185247
2.705355, -0.544377, -0.178469
2.573917, -0.498359, -0.178271
2.662814, -0.579451, -0.168533
1.220541, -0.642379, 0.042781
2.618374, -0.539710, -0.163824
1.931854, -0.549085, -0.119998
0.749987, 0.226659, -0.339686
0.826557, 0.262536, -0.337952
0.787928, 0.352007, -0.360885
0.699433, 0.318605, -0.319335
1.087958, 0.277574, -0.389516
0.952717, 0.295581, -0.331876
1.063454, 0.326603, -0.372544
0.998994, 0.388059, -0.341428
1.379018, -0.815092, -0.044295
1.202515, -0.782077, -0.009812
1.285675, -0.722383, -0.016247
0.843537, -0.764916, 0.057346
-0.205794, -0.730829, 0.089420
0.150228, -0.754456, 0.161458
-0.253477, -0.670461, 0.060949
-0.157402, -0.696512, 0.100461
2.298231, 0.760297, -0.260827
2.150831, 0.761611, -0.266053
2.472424, 0.840506, -0.317310
2.373650, 0.840642, -0.294210
1.958116, 0.781007, -0.187482
2.039319, 0.773802, -0.218159
2.273456, 0.819369, -0.246644
1.994107, 0.841069, -0.221542
2.667983, 0.748023, -0.276204
2.585975, 0.720672, -0.253494
2.822769, 0.775725, -0.325080
2.653617, 0.774211, -0.285948
2.390306, 0.733489, -0.205161
2.496051, 0.723665, -0.231739
2.695853, 0.767581, -0.257736
2.462449, 0.797573, -0.211468
1.892622, 0.643185, -0.204980
1.697421, 0.675049, -0.146770
1.896129, 0.694923, -0.203517
1.898145, 0.682423, -0.214249
1.411695, 0.605357, -0.022510
1.371730, 0.637359, -0.035620
1.588155, 0.750999, -0.097016
1.416831, 0.766489, -0.051291
2.808738, 0.551115, -0.261816
2.779581, 0.552189, -0.296451
2.798747, 0.627090, -0.262713
2.770080, 0.625114, -0.281817
2.801002, 0.552118, -0.242954
2.590744, 0.562600, -0.217842
2.741584, 0.648180, -0.229261
2.637627, 0.664844, -0.207144
1.548553, 0.497166, -0.094306
1.305740, 0.474841, -0.045126
1.579008, 0.536668, -0.100692
1.478840, 0.591469, -0.083958
1.200168, 0.532481, -0.003814
0.813436, 0.500885, 0.066974
0.916015, 0.558704, 0.057929
0.710022, 0.584765, 0.092124
3.038234, 0.409166, -0.367603
2.986860, 0.380775, -0.310650
3.019784, 0.458723, -0.343894
2.934572, 0.462004, -0.288066
3.016245, 0.443334, -0.276947
2.935110, 0.427559, -0.240391
2.935108, 0.511007, -0.242450
2.859193, 0.520825, -0.232779
1.244616, 0.287256, -0.046650
1.061489, 0.302932, -0.004582
1.317637, 0.436546, -0.059548
1.057373, 0.433264, -0.001389
0.382109, 0.305652, 0.140425
0.336599, 0.293412, 0.136696
0.750284, 0.430353, 0.069216
0.778564, 0.385412, 0.051318
3.174456, 0.262470, -0.428733
3.117942, 0.271169, -0.422370
3.152197, 0.349117, -0.464565
3.094666, 0.323851, -0.429406
3.185805, 0.291324, -0.348325
3.088682, 0.295973, -0.301396
3.188609, 0.322575, -0.363106
3.106066, 0.336614, -0.308435
0.738965, 0.170625, 0.086202
0.783872, 0.143986, 0.055765
1.035917, 0.232129, -0.008813
0.864510, 0.265286, 0.030696
0.648380, 0.142587, 0.100503
0.312417, 0.167283, 0.122690
0.287958, 0.192468, 0.129904
0.139759, 0.168016, 0.114447
3.210907, 0.129325, -0.693229
3.202734, 0.154776, -0.650750
3.204906, 0.239349, -0.679899
3.185074, 0.212497, -0.556838
3.250504, 0.143992, -0.518770
3.243015, 0.159680, -0.507375
3.245969, 0.215892, -0.531792
3.232669, 0.213643, -0.399965
0.188154, 0.005076, 0.121543
0.014863, 0.008711, 0.046935
0.560179, 0.070539, 0.090341
0.136200, 0.066814, 0.089811
-0.107924, -0.004009, 0.030338
-0.226021, -0.024457, -0.059750
-0.166812, 0.066219, 0.005309
-0.277151, 0.030079, -0.079825
-0.767948, 0.723071, -0.444343
-0.443778, 0.638854, -0.355040
-0.272868, 0.697805, -0.303398
-0.797939, 0.739890, -0.427479
0.227543, 0.616042, -0.117487
0.100792, 0.571977, -0.107129
0.010373, 0.670857, -0.173004
0.119693, 0.667647, -0.116778
0.856781, -0.526876, 0.033000
0.567077, -0.546274, 0.074575
0.864975, -0.407749, 0.037722
0.370552, -0.438511, 0.113759
0.368979, -0.549802, 0.139874
-0.180905, -0.437384, 0.028690
0.210512, -0.421748, 0.132070
-0.090166, -0.413400, 0.100727
1.113147, 0.428196, -0.778833
1.173744, 0.473861, -0.764758
1.249328, 0.501377, -0.849532
1.148372, 0.512312, -0.761787
1.345917, 0.456426, -0.860413
1.381795, 0.482332, -0.834433
1.273603, 0.559951, -0.854135
1.394910, 0.576577, -0.846510
3.227825, -0.336425, -0.753920
3.194618, -0.341897, -0.573528
3.237326, -0.276240, -0.668257
3.212752, -0.312048, -0.622891
3.252800, -0.334791, -0.637929
3.238878, -0.368554, -0.551081
3.271013, -0.291862, -0.510557
3.205049, -0.323766, -0.452517
-0.261761, 0.451064, -0.282912
-0.160099, 0.408648, -0.218087
-0.588775, 0.528842, -0.428299
-0.167597, 0.510341, -0.219776
0.399895, 0.465334, -0.194740
0.330847, 0.435298, -0.169449
-0.047673, 0.456864, -0.129669
0.272822, 0.494032, -0.145965
1.209379, -0.645115, -0.039968
1.172278, -0.703793, -0.059811
1.147975, -0.631524, -0.021026
1.070784, -0.625072, -0.020216
0.962209, -0.691976, 0.018875
0.550575, -0.709293, 0.109041
0.801084, -0.597356, 0.060945
0.605271, -0.616521, 0.094836
1.180431, 0.306416, -0.744137
1.029647, 0.367934, -0.628452
1.044429, 0.366766, -0.675115
0.968922, 0.374056, -0.613258
1.329452, 0.366026, -0.771438
1.279676, 0.371518, -0.755575
1.219146, 0.402816, -0.757558
1.289193, 0.391290, -0.736780
3.137436, -0.507964, -0.533487
3.084391, -0.521843, -0.380592
3.143092, -0.407834, -0.427455
3.092385, -0.447340, -0.454483
3.170165, -0.518176, -0.467237
3.094772, -0.546246, -0.261851
3.147459, -0.430528, -0.387648
3.071350, -0.492392, -0.263974
-0.495852, 0.275343, -0.412814
-0.216542, 0.265934, -0.266771
-0.406838, 0.369544, -0.378716
-0.466604, 0.401263, -0.393730
0.168642, 0.209277, -0.163537
0.137105, 0.238498, -0.141418
0.369325, 0.315011, -0.217524
0.509549, 0.368522, -0.245489
1.804230, -0.812142, -0.240774
1.437280, -0.779506, -0.129291
1.647992, -0.762921, -0.191493
1.417075, -0.720018, -0.109110
1.369010, -0.824967, -0.086799
1.290879, -0.829941, -0.089881
1.126934, -0.771256, -0.013943
1.352615, -0.776934, -0.085238
0.971119, 0.210283, -0.583199
1.000092, 0.243736, -0.583263
0.921913, 0.244297, -0.556794
0.686482, 0.240774, -0.440160
1.160218, 0.202931, -0.673285
1.240425, 0.209960, -0.671312
1.116897, 0.263098, -0.664621
1.185381, 0.289810, -0.643690
3.020483, -0.652192, -0.380528
3.006660, -0.657221, -0.355806
3.063551, -0.593174, -0.375521
2.976306, -0.639363, -0.286180
3.058430, -0.676972, -0.304338
2.940318, -0.667493, -0.241415
3.076948, -0.594849, -0.267363
2.975145, -0.639801, -0.238618
-0.242176, 0.112438, -0.290492
-0.147614, 0.123641, -0.227996
-0.155317, 0.174584, -0.247644
-0.459084, 0.209966, -0.404698
0.679143, 0.118920, -0.326380
0.328376, 0.110998, -0.228504
0.397728, 0.171678, -0.256346
0.521487, 0.150446, -0.272249
2.046804, -0.915982, -0.295103
1.852907, -0.903379, -0.260074
1.905573, -0.861466, -0.253869
1.910012, -0.825552, -0.256476
1.998060, -0.909300, -0.267663
1.703444, -0.895846, -0.209428
1.774665, -0.863377, -0.188999
1.462724, -0.859381, -0.109224
2.338695, 0.734191, -0.379865
2.184742, 0.714329, -0.373296
2.431420, 0.800198, -0.441884
2.397800, 0.826893, -0.408933
2.133039, 0.765753, -0.280776
2.076658, 0.793540, -0.291891
2.345119, 0.834207, -0.321194
2.233698, 0.835936, -0.334635
2.989965, 0.718023, -0.493190
2.941926, 0.704434, -0.462426
3.023066, 0.785223, -0.554793
2.907103, 0.781798, -0.533160
2.972908, 0.683061, -0.384709
2.888840, 0.714511, -0.361946
3.023118, 0.728156, -0.460725
2.951134, 0.724926, -0.450954
1.992672, 0.590142, -0.309994
1.875376, 0.641697, -0.279715
1.995252, 0.671424, -0.290457
1.970081, 0.691816, -0.329870
1.966600, 0.592493, -0.260547
1.741714, 0.611055, -0.220672
1.983488, 0.669182, -0.268108
1.751112, 0.762126, -0.222435
3.004988, 0.549357, -0.605543
3.022205, 0.552364, -0.492847
3.004485, 0.622856, -0.597687
2.967347, 0.645209, -0.554820
3.049411, 0.567548, -0.507346
3.037201, 0.550219, -0.436267
3.065095, 0.626227, -0.478849
2.997817, 0.624746, -0.465833
1.700975, 0.454930, -0.223262
1.464612, 0.492080, -0.132667
1.635553, 0.595091, -0.216909
1.532737, 0.537529, -0.175391
1.607086, 0.503908, -0.164173
1.445801, 0.489359, -0.116436
1.575248, 0.605458, -0.164023
1.345831, 0.578370, -0.082595
3.087852, 0.396068, -0.691046
3.097898, 0.443628, -0.590369
3.056069, 0.478779, -0.682520
3.072315, 0.460736, -0.544539
3.124753, 0.395989, -0.613853
3.132926, 0.431601, -0.512890
3.144251, 0.472475, -0.540887
3.114046, 0.446796, -0.582514
1.342995, 0.296577, -0.110479
1.077421, 0.327704, -0.045918
1.294485, 0.427670, -0.114233
1.227480, 0.414378, -0.103564
1.179376, 0.351762, -0.053908
0.898853, 0.302732, 0.018880
1.175595, 0.440078, -0.042659
1.095636, 0.395878, -0.044076
3.133841, 0.270844, -0.901147
3.109154, 0.311332, -0.812580
3.110621, 0.321004, -0.854387
3.138267, 0.379935, -0.742492
3.201821, 0.303520, -0.819294
3.156074, 0.291421, -0.698508
3.168965, 0.320136, -0.771891
3.165978, 0.332200, -0.753839
1.035980, 0.114181, -0.054100
0.772057, 0.138939, 0.028427
0.914210, 0.264673, -0.015342
0.801615, 0.197818, 0.008115
0.882088, 0.144557, 0.009286
0.514164, 0.180503, 0.087966
0.824868, 0.191803, 0.032966
0.347031, 0.183027, 0.100238
0.864645, -0.697106, -0.084671
0.696976, -0.674217, -0.036165
0.823114, -0.583485, -0.053698
0.740591, -0.636153, -0.041668
0.810444, -0.661964, -0.049862
0.628413, -0.695164, -0.010212
0.762351, -0.632591, -0.027250
0.655135, -0.607145, -0.004638
1.360619, -0.819620, -0.280723
1.211508, -0.812694, -0.254193
1.292590, -0.742384, -0.210178
1.126984, -0.726838, -0.160870
1.389382, -0.819200, -0.250119
1.238966, -0.828367, -0.215753
1.303380, -0.778668, -0.219248
1.195915, -0.725655, -0.165048
2.960631, -0.586742, -0.872916
2.899424, -0.567786, -0.877561
2.927331, -0.530683, -0.905190
2.960791, -0.513936, -0.793040
3.058908, -0.618410, -0.828544
3.027674, -0.589414, -0.767114
3.036143, -0.549901, -0.875758
3.020877, -0.508443, -0.808921
1.949363, -0.891125, -0.546105
1.708463, -0.888562, -0.485191
1.783082, -0.837904, -0.416867
1.556133, -0.845439, -0.359842
1.885339, -0.893386, -0.496419
1.756916, -0.890871, -0.438403
1.806207, -0.860157, -0.395106
1.604995, -0.862898, -0.353565
2.908026, -0.746314, -0.814480
2.826891, -0.710712, -0.793446
2.922110, -0.632571, -0.777008
2.836465, -0.655704, -0.785472
2.963701, -0.741721, -0.830334
2.945152, -0.707050, -0.705610
3.000333, -0.659464, -0.748458
2.970659, -0.680484, -0.704477
0.622989, -0.043814, -0.905745
-0.224515, -0.085747, -0.636503
0.587078, -0.050186, -0.776794
0.200347, 0.004207, -0.548237
0.126469, -0.172384, -0.506247
-0.364637, -0.207094, -0.619535
-0.278462, -0.066461, -0.586218
0.342193, -0.168986, -0.532472
2.536542, 0.618568, -0.752042
2.508249, 0.632515, -0.761394
2.529561, 0.707879, -0.823578
2.557486, 0.708837, -0.777410
2.746472, 0.663910, -0.681215
2.695647, 0.699194, -0.681972
2.759911, 0.767822, -0.758342
2.659932, 0.721524, -0.711125
-0.355239, -0.257940, -0.739237
-0.466020, -0.266989, -0.828615
-0.521161, -0.205554, -0.754561
-0.320736, -0.150201, -0.723644
-0.037532, -0.384446, -0.474373
-0.289799, -0.364183, -0.520778
-0.050206, -0.289498, -0.461031
-0.558268, -0.178158, -0.726815
1.784199, 0.550248, -0.450182
1.787613, 0.604692, -0.417944
1.828928, 0.605480, -0.458976
1.740034, 0.641906, -0.400212
1.949169, 0.545954, -0.410123
1.784637, 0.623609, -0.375919
1.960993, 0.627297, -0.425131
1.818166, 0.631241, -0.422647
-0.434638, -0.272056, -1.005297
0.329115, -0.243464, -1.012823
0.306306, -0.084006, -1.023733
0.511705, -0.128561, -0.988362
-0.013886, -0.200394, -1.031187
0.095735, -0.245365, -0.575314
-0.086820, -0.154690, -1.034488
0.618126, -0.141445, -0.837906
2.649768, 0.529671, -0.774475
2.637616, 0.535825, -0.746244
2.661036, 0.605248, -0.817664
2.517474, 0.552050, -0.774857
2.814906, 0.540647, -0.743846
2.667159, 0.501529, -0.726085
2.746355, 0.578497, -0.776139
2.797287, 0.634425, -0.699790
-0.373523, -0.385401, -0.676142
-0.188833, -0.341472, -0.844914
-0.373791, -0.323329, -0.873994
-0.359480, -0.284027, -0.709305
-0.591760, -0.589019, -0.597720
-0.642915, -0.555299, -0.709920
-0.501841, -0.378603, -0.794315
-0.630550, -0.367781, -0.787030
1.524563, 0.474754, -0.340694
1.441628, 0.460072, -0.306874
1.618972, 0.534010, -0.356517
1.504752, 0.519893, -0.293523
1.613250, 0.484563, -0.318072
1.504709, 0.426441, -0.276964
1.679618, 0.524417, -0.322733
1.548480, 0.567745, -0.283585
-0.339769, -0.386721, -0.968695
-0.919112, -0.454830, -0.872930
0.063639, -0.233233, -0.968414
-0.904605, -0.406572, -0.888262
-0.200976, -0.319928, -0.975175
-0.947032, -0.465205, -0.899747
-0.077660, -0.263577, -0.976146
-0.909040, -0.405371, -0.873560
2.758441, 0.416418, -0.840787
2.699952, 0.401505, -0.820243
2.728036, 0.457970, -0.853036
2.723631, 0.474829, -0.815510
2.798777, 0.390407, -0.835636
2.854408, 0.431919, -0.760099
2.857022, 0.456203, -0.802945
2.825243, 0.481565, -0.784030
-0.358900, -0.514367, -0.805534
-0.262840, -0.557734, -0.781859
-0.029623, -0.384486, -0.812545
0.105993, -0.505476, -0.643309
-0.515528, -0.622169, -0.709618
-0.481074, -0.638507, -0.759257
-0.480362, -0.513941, -0.782889
-0.404136, -0.519042, -0.834178
1.288192, 0.305994, -0.234637
1.216962, 0.271469, -0.197850
1.321753, 0.389768, -0.226420
1.122692, 0.408600, -0.182756
1.329947, 0.348070, -0.201026
1.238535, 0.304443, -0.165156
1.390617, 0.386339, -0.209178
1.198254, 0.393326, -0.175107
0.415926, -0.841545, -0.839920
-0.238111, -0.773502, -0.714417
-0.264941, -0.677089, -0.773008
-0.062245, -0.656717, -0.643798
-0.342590, -0.719740, -0.847904
-0.101165, -0.776280, -0.661889
-0.333384, -0.612275, -0.843804
-0.237581, -0.677081, -0.825928
0.964246, 0.139500, -0.108016
0.882682, 0.146425, -0.102276
1.009696, 0.220384, -0.125571
0.788033, 0.211083, -0.070147
1.043792, 0.158645, -0.128514
0.868227, 0.156099, -0.054047
1.048643, 0.252583, -0.118092
0.841849, 0.185135, -0.056331
0.966089, -0.491177, -0.124536
0.745247, -0.513009, -0.075114
0.807570, -0.442267, -0.085902
0.638321, -0.419639, -0.056394
0.977169, -0.522106, -0.120137
0.763163, -0.539693, -0.072785
0.914790, -0.445481, -0.071839
0.646861, -0.500447, -0.032580
1.261829, -0.651180, -0.244971
0.905140, -0.703233, -0.152917
1.156270, -0.586034, -0.202230
0.979345, -0.615244, -0.150362
1.319478, -0.669927, -0.261100
1.163795, -0.695045, -0.203688
1.346676, -0.576472, -0.237356
1.108089, -0.603669, -0.178996
2.619801, -0.467611, -0.946179
2.659773, -0.435337, -0.873903
2.735228, -0.391987, -0.934252
2.589386, -0.407111, -0.888054
2.770604, -0.479488, -0.908380
2.815752, -0.483526, -0.846260
2.773052, -0.401273, -0.925114
2.872344, -0.406129, -0.851673
1.431946, -0.760564, -0.368444
1.337047, -0.799417, -0.354909
1.487026, -0.680147, -0.360816
1.324713, -0.750973, -0.299893
1.604014, -0.802027, -0.410247
1.466021, -0.765011, -0.336079
1.619711, -0.723106, -0.373008
1.335821, -0.707612, -0.283946
2.683017, -0.602400, -0.865675
2.702150, -0.575697, -0.821938
2.693869, -0.528388, -0.854313
2.685821, -0.538541, -0.799373
2.712367, -0.610866, -0.848081
2.764756, -0.569384, -0.780057
2.769117, -0.509665, -0.851329
2.714284, -0.555033, -0.789355
1.796889, -0.838865, -0.566599
1.631850, -0.891353, -0.540254
1.737908, -0.771026, -0.489544
1.675124, -0.813665, -0.466222
2.001457, -0.829990, -0.583138
1.819120, -0.853204, -0.532688
1.923391, -0.797377, -0.498276
1.829246, -0.794869, -0.490279
2.597005, -0.741349, -0.852108
2.619631, -0.763908, -0.818352
2.652717, -0.674651, -0.799211
2.555696, -0.653270, -0.756527
2.789502, -0.724101, -0.793124
2.708120, -0.744556, -0.792429
2.684920, -0.648331, -0.776523
2.744516, -0.647951, -0.715055
-0.963263, -0.154320, 0.034798
-0.803894, -0.269442, -0.928549
-0.828420, -0.236992, -0.938776
-0.043295, -0.135149, -0.993219
0.566345, -0.196842, -0.785910
-0.601733, -0.253213, -0.976897
0.578763, -0.111850, -0.819678
0.589390, -0.121414, -0.823990
2.173927, 0.466044, -0.759717
2.158246, 0.509619, -0.741881
2.140495, 0.574201, -0.809609
2.247396, 0.550838, -0.762497
2.331469, 0.524297, -0.780372
2.329615, 0.507095, -0.745661
2.340909, 0.542672, -0.788441
2.273555, 0.542958, -0.740071
0.308449, -0.416745, -0.949218
0.303050, -0.340064, -0.946572
0.065525, -0.341379, -1.011351
0.406465, -0.274753, -0.981636
0.304067, -0.389200, -1.009424
-0.100469, -0.365034, -0.748499
-0.115896, -0.266252, -0.840587
-0.085866, -0.237544, -0.760733
1.371105, 0.433472, -0.372082
1.266132, 0.440269, -0.323262
1.445423, 0.498567, -0.407753
1.431649, 0.477296, -0.374005
1.721182, 0.438846, -0.444599
1.497577, 0.428617, -0.368985
1.751373, 0.500035, -0.451390
1.664031, 0.524134, -0.404573
0.095886, -0.309624, -0.955943
-1.002345, -0.293569, -0.218808
0.039639, -0.273409, -0.980324
-0.640058, -0.396325, -0.925230
-0.778576, -0.485837, -0.903907
-0.808874, -0.488566, -0.919585
-0.899643, -0.360389, -0.902963
-0.829803, -0.381778, -0.942596
2.217281, 0.331029, -0.828185
2.182012, 0.387672, -0.794819
2.321759, 0.434784, -0.844534
2.295836, 0.453225, -0.801324
2.456228, 0.383596, -0.818689
2.376815, 0.378713, -0.774539
2.462508, 0.432635, -0.807740
2.448217, 0.409250, -0.781684
0.352753, -0.574790, -0.841274
0.344139, -0.568612, -0.826740
0.366073, -0.520902, -0.945171
0.379447, -0.527474, -0.855033
0.452938, -0.584876, -0.860568
0.368629, -0.617731, -0.760789
0.187617, -0.505593, -0.655884
0.360294, -0.490908, -0.970847
1.222637, 0.257055, -0.288936
1.109443, 0.308914, -0.250604
1.386214, 0.346879, -0.333393
1.213787, 0.415424, -0.256694
1.417412, 0.250818, -0.328573
1.380548, 0.310564, -0.296146
1.433206, 0.335171, -0.323924
1.416807, 0.351362, -0.303219
0.748800, -0.790533, 0.124047
-0.626410, -0.689610, 0.005396
-0.135309, -0.618775, 0.178563
-0.583921, -0.560664, 0.027614
-0.632140, -0.555928, -0.876561
-0.925492, -0.424813, 0.036786
-0.817329, -0.386152, 0.051913
-0.617243, -0.478162, -0.918249
2.364886, 0.228469, -0.884341
2.218987, 0.210880, -0.872559
2.354048, 0.326407, -0.885490
2.329088, 0.281827, -0.857176
2.450256, 0.241246, -0.869507
2.430300, 0.263072, -0.844056
2.604431, 0.288739, -0.867999
2.565988, 0.312298, -0.818291
-0.988554, -0.708540, -0.220440
0.092450, -0.711157, -0.751534
0.281802, -0.638539, -0.786568
0.230696, -0.633163, -0.755204
0.239050, -0.725170, -0.818064
0.321499, -0.775701, -0.924312
0.348258, -0.635792, -0.858096
0.342715, -0.672449, -0.914011
1.018805, 0.080878, -0.202039
0.841900, 0.096629, -0.157124
1.109432, 0.185608, -0.217515
1.027161, 0.172428, -0.186518
1.291442, 0.161844, -0.266336
1.098588, 0.125296, -0.192937
1.238493, 0.173205, -0.239403
1.096904, 0.173185, -0.182893
0.661712, -0.406940, -0.100189
0.578697, -0.401836, -0.078112
0.608417, -0.332117, -0.102683
0.465316, -0.331847, -0.037269
0.760360, -0.381577, -0.093571
0.539357, -0.398763, -0.050731
0.762236, -0.259272, -0.087771
0.351717, -0.325427, 0.006513
0.951450, -0.558825, -0.195545
0.697826, -0.542643, -0.125191
0.904267, -0.456543, -0.188032
0.737895, -0.419178, -0.120338
1.068007, -0.553763, -0.195795
0.947995, -0.488399, -0.149165
1.013701, -0.408348, -0.157504
0.873915, -0.455517, -0.147492
2.329143, -0.325288, -0.967474
2.273905, -0.346161, -0.919601
2.402904, -0.303831, -0.957785
2.376041, -0.274754, -0.900736
2.469988, -0.341874, -0.944542
2.545317, -0.362456, -0.924298
2.489860, -0.301210, -0.941480
2.432845, -0.288899, -0.906961
1.094579, -0.682260, -0.282465
1.026756, -0.645288, -0.236080
1.156022, -0.588848, -0.288813
0.977278, -0.564700, -0.205433
1.321526, -0.647018, -0.310690
1.135829, -0.673918, -0.239661
1.220504, -0.596789, -0.272911
1.189885, -0.620666, -0.250374
2.387155, -0.461585, -0.889072
2.280257, -0.465494, -0.851537
2.328511, -0.430069, -0.893877
2.295598, -0.386126, -0.840902
2.490504, -0.478267, -0.885265
2.496603, -0.489529, -0.851337
2.424213, -0.377288, -0.861044
2.530456, -0.428915, -0.831123
1.272451, -0.772077, -0.420836
1.167665, -0.760823, -0.383221
1.268480, -0.701211, -0.380697
1.254146, -0.697580, -0.350228
1.424344, -0.728066, -0.406862
1.493807, -0.789993, -0.429151
1.422611, -0.706101, -0.389567
1.390797, -0.689205, -0.352081
2.131316, -0.601980, -0.831134
2.165820, -0.586895, -0.801198
2.260338, -0.532089, -0.818892
2.104565, -0.531185, -0.786992
2.476224, -0.600271, -0.835490
2.407005, -0.573146, -0.797857
2.452812, -0.506948, -0.813724
2.434243, -0.553645, -0.788762
1.535611, -0.843613, -0.603082
1.595760, -0.854874, -0.574067
1.542843, -0.783720, -0.518484
1.471085, -0.790210, -0.488758
1.658335, -0.830258, -0.578222
1.580088, -0.824907, -0.528281
1.813831, -0.743685, -0.570638
1.538687, -0.784416, -0.497994
2.222274, -0.687055, -0.826440
2.195063, -0.714102, -0.808535
2.182372, -0.628018, -0.791626
1.996474, -0.682471, -0.774893
2.376164, -0.718756, -0.814292
2.237363, -0.750748, -0.824917
2.399935, -0.636160, -0.768393
2.230739, -0.649084, -0.764221
-0.281199, -0.583420, 0.116171
0.711473, -0.650139, 0.131658
1.420488, -0.553017, 0.008387
0.147537, -0.514039, 0.184646
-0.789676, -0.502070, -0.018895
-1.002546, -0.337447, -0.232282
-0.726008, -0.414879, -0.054367
-0.986920, -0.286527, -0.157895
1.827339, 0.340040, -0.757138
1.830618, 0.389334, -0.734922
1.797632, 0.418307, -0.744680
1.675508, 0.402364, -0.717378
2.122154, 0.376353, -0.778223
1.960799, 0.391683, -0.723030
2.098418, 0.447066, -0.776623
1.910255, 0.422454, -0.745329
-0.674048, -0.688821, -0.109484
-0.408003, -0.738708, 0.026320
-0.644262, -0.676421, -0.096017
-0.782533, -0.630998, -0.128871
-0.784216, -0.674704, -0.095868
0.063921, -0.592972, -0.929954
-0.923328, -0.458599, -0.753922
-0.526363, -0.491493, -0.903136
1.075685, 0.229531, -0.349842
1.099707, 0.247751, -0.347026
1.130428, 0.372589, -0.379945
1.058432, 0.319414, -0.339755
1.256260, 0.284834, -0.361078
1.228765, 0.264053, -0.345909
1.374177, 0.375837, -0.391345
1.233422, 0.344996, -0.346515
2.361573, -0.674246, -0.143491
0.801781, -0.772316, 0.104714
1.585882, -0.709148, -0.050575
1.151570, -0.733993, 0.049450
-0.453677, -0.655448, 0.070476
-0.212931, -0.707979, 0.155068
-0.610989, -0.559665, 0.010827
-0.600171, -0.591640, 0.009061
1.865619, 0.215575, -0.831333
1.917803, 0.208291, -0.790137
1.817819, 0.272165, -0.834855
1.797469, 0.311657, -0.788525
2.102856, 0.213773, -0.816802
2.150551, 0.224182, -0.802206
2.038845, 0.302323, -0.827049
2.034161, 0.279550, -0.802520
-0.513312, -0.885012, -0.047123
-0.569914, -0.910163, -0.102175
-0.736780, -0.815751, -0.197933
-0.684328, -0.804489, -0.169183
-0.813559, -0.830355, -0.090978
-0.760593, -0.849756, -0.214356
-0.870392, -0.647802, -0.023958
-0.816532, -0.815578, -0.098134
0.916611, 0.110185, -0.270050
0.862006, 0.084724, -0.247032
1.040329, 0.164272, -0.295149
0.925823, 0.209160, -0.261035
1.168098, 0.149141, -0.311742
0.949720, 0.122721, -0.237327
1.187188, 0.193891, -0.318972
0.955262, 0.164125, -0.240103
3.277923, -0.822759, -0.327087
3.061821, -0.804875, -0.154085
3.240243, -0.741718, -0.158242
3.174589, -0.765165, -0.161106
3.262568, -0.812927, -0.170022
1.902269, -0.890440, -0.122661
3.298877, -0.737472, -0.154900
1.992096, -0.805095, -0.132256
1.974327, 0.093638, -0.881821
1.820221, 0.129197, -0.840188
1.987422, 0.143903, -0.882360
1.815429, 0.173630, -0.859681
2.104211, 0.126015, -0.873135
2.056616, 0.130326, -0.852922
2.172746, 0.165698, -0.902622
2.006071, 0.196641, -0.853098
0.467355, -0.219148, -0.108877
0.212775, -0.203221, -0.048471
0.398267, -0.138697, -0.092756
0.379980, -0.163316, -0.082877
0.612012, -0.191503, -0.113691
0.451260, -0.206481, -0.096336
0.623154, -0.122161, -0.102699
0.541730, -0.113550, -0.087503
0.713491, -0.385237, -0.219571
0.572928, -0.403028, -0.170235
0.724751, -0.247901, -0.191225
0.548292, -0.256266, -0.165376
0.831591, -0.391574, -0.202861
0.660690, -0.332387, -0.156130
0.803454, -0.261088, -0.197580
0.719812, -0.269623, -0.178920
2.028545, -0.243220, -0.951583
1.871103, -0.212161, -0.921322
1.865257, -0.190563, -0.966239
1.954265, -0.173616, -0.895523
2.172024, -0.247478, -0.971857
2.128633, -0.221613, -0.926916
2.120084, -0.174826, -0.957792
2.080676, -0.183076, -0.921315
0.886286, -0.480546, -0.256042
0.740593, -0.538461, -0.231372
0.826362, -0.413700, -0.270443
0.790897, -0.426254, -0.236823
1.017879, -0.476152, -0.248959
0.927048, -0.493704, -0.226084
1.029555, -0.396294, -0.267233
0.885102, -0.459017, -0.237566
1.877014, -0.353475, -0.860132
1.902728, -0.339423, -0.826153
1.848671, -0.271767, -0.876965
1.900113, -0.318567, -0.830652
2.143824, -0.351661, -0.894886
2.020309, -0.339762, -0.840170
2.197968, -0.289125, -0.890400
2.155248, -0.283618, -0.859354
0.893511, -0.636292, -0.341268
0.884807, -0.617057, -0.309063
1.018814, -0.582685, -0.342707
0.888118, -0.578491, -0.298886
1.142214, -0.646769, -0.352730
1.088985, -0.665779, -0.332575
1.156993, -0.524184, -0.337062
1.080655, -0.592296, -0.303396
1.741463, -0.502378, -0.793627
1.640923, -0.503384, -0.748760
1.848189, -0.389708, -0.811428
1.707901, -0.440215, -0.744814
2.095825, -0.458018, -0.830526
2.052670, -0.490402, -0.795944
2.010324, -0.435729, -0.806984
2.008200, -0.430118, -0.781710
1.160821, -0.747988, -0.477772
1.091954, -0.753216, -0.447264
1.152576, -0.672377, -0.437704
1.023918, -0.674933, -0.395293
1.209234, -0.707839, -0.442686
1.201939, -0.727037, -0.425712
1.369033, -0.653211, -0.456332
1.252622, -0.694215, -0.425621
1.781921, -0.630664, -0.774128
1.661956, -0.633689, -0.697022
1.710058, -0.548155, -0.714924
1.611179, -0.540346, -0.680985
1.959183, -0.617740, -0.779614
1.819207, -0.597629, -0.715085
1.913452, -0.532146, -0.757739
1.914984, -0.559982, -0.711277
1.641029, -0.768591, -0.746471
1.602313, -0.757768, -0.715824
1.608912, -0.691688, -0.695817
1.569826, -0.702550, -0.658240
1.838877, -0.716622, -0.732481
1.814627, -0.778113, -0.758547
1.841985, -0.680663, -0.717902
1.620229, -0.698162, -0.655608
1.296353, -0.827090, -0.635952
1.391966, -0.842689, -0.637163
1.336443, -0.751343, -0.590412
1.187820, -0.741721, -0.522124
1.528332, -0.833278, -0.651335
1.561451, -0.827785, -0.610600
1.599120, -0.767608, -0.611839
1.314593, -0.767413, -0.523464
3.010856, -0.714316, -0.220850
2.934174, -0.717892, -0.219597
2.910173, -0.653198, -0.205437
2.588310, -0.631228, -0.166554
2.845242, -0.694440, -0.166759
2.568140, -0.722492, -0.164467
2.633509, -0.646228, -0.159201
1.301386, -0.751141, 0.025393
1.402609, 0.214643, -0.715868
1.264281, 0.252087, -0.662583
1.368281, 0.293956, -0.734813
1.346729, 0.281476, -0.695107
1.575359, 0.244270, -0.743402
1.575945, 0.213306, -0.704267
1.571557, 0.311586, -0.748285
1.618110, 0.294641, -0.707702
1.576476, -0.945070, -0.142750
1.591575, -0.944362, -0.162653
1.219365, -0.884175, -0.038658
1.396278, -0.847595, -0.080999
1.045495, -0.927044, 0.006772
0.693178, -0.901775, 0.083533
0.232636, -0.863997, 0.151917
0.543687, -0.827439, 0.134515
0.847999, 0.092989, -0.355718
0.660581, 0.122509, -0.306743
0.814981, 0.179003, -0.361761
0.793703, 0.190787, -0.322874
1.102481, 0.143324, -0.377883
0.949301, 0.088652, -0.309186
1.058438, 0.162285, -0.384972
0.896205, 0.187635, -0.327097
3.181805, -0.778287, -0.297794
3.139917, -0.773597, -0.292447
3.213261, -0.733274, -0.330068
3.145912, -0.776554, -0.236812
3.093579, -0.798852, -0.172000
2.717919, -0.840432, -0.156522
3.003062, -0.785694, -0.164597
2.619226, -0.749532, -0.152691
1.507809, 0.103413, -0.814745
1.424256, 0.073424, -0.752187
1.511295, 0.167727, -0.799705
1.353226, 0.176843, -0.747616
1.684849, 0.103954, -0.822834
1.531654, 0.088512, -0.760040
1.685092, 0.186051, -0.820101
1.618966, 0.182399, -0.777750
0.429943, -0.228091, -0.225576
0.197911, -0.229169, -0.178506
0.458418, -0.134572, -0.231160
0.372773, -0.113655, -0.205724
0.599872, -0.214081, -0.235729
0.483361, -0.227235, -0.167752
0.635165, -0.159843, -0.225792
0.472829, -0.132262, -0.191880
1.581015, -0.130735, -0.936131
1.601040, -0.153952, -0.900262
1.627925, -0.063913, -0.970214
1.543788, -0.068310, -0.898358
1.655538, -0.107172, -0.954727
1.775793, -0.151298, -0.921484
1.738193, -0.095484, -0.950890
1.709118, -0.096812, -0.932184
0.371651, -0.369019, -0.265537
0.610231, -0.345830, -0.271199
0.645195, -0.249753, -0.270606
0.555912, -0.270411, -0.268024
0.776025, -0.321457, -0.289158
0.637240, -0.334893, -0.246096
0.683895, -0.254712, -0.270986
0.722891, -0.297358, -0.252572
1.502792, -0.264259, -0.860628
1.460871, -0.255705, -0.835735
1.467237, -0.177660, -0.879187
1.413823, -0.182690, -0.811301
1.658744, -0.253691, -0.872451
1.681625, -0.258838, -0.822804
1.703146, -0.191223, -0.867149
1.719064, -0.183717, -0.823268
0.675096, -0.457468, -0.358502
0.673621, -0.468433, -0.330994
0.829172, -0.404345, -0.365999
0.687080, -0.407761, -0.315728
0.909638, -0.495558, -0.342482
0.736190, -0.467537, -0.322110
0.942728, -0.408682, -0.364378
0.845297, -0.385131, -0.318960
1.426277, -0.380066, -0.782979
1.438032, -0.352323, -0.758276
1.359095, -0.287932, -0.790386
1.274625, -0.331738, -0.720885
1.556030, -0.363712, -0.809216
1.661674, -0.364849, -0.760797
1.553590, -0.282807, -0.806063
1.480125, -0.336234, -0.744062
0.710473, -0.583473, -0.404794
0.845978, -0.580347, -0.399556
0.766924, -0.545039, -0.403524
0.848154, -0.564451, -0.408054
1.038696, -0.561488, -0.432762
0.948857, -0.618425, -0.377438
0.992153, -0.559349, -0.423604
1.035928, -0.528389, -0.398970
1.309098, -0.514018, -0.719691
1.305524, -0.527708, -0.678563
1.353795, -0.422092, -0.714886
1.166308, -0.457182, -0.654047
1.492672, -0.497617, -0.725540
1.454677, -0.511674, -0.676377
1.510255, -0.430095, -0.708154
1.480869, -0.420571, -0.702670
1.171760, -0.651149, -0.674836
1.140098, -0.649396, -0.636277
1.102157, -0.599456, -0.627172
1.084468, -0.574083, -0.608485
1.370684, -0.661659, -0.681360
1.374734, -0.620611, -0.644736
1.361663, -0.565938, -0.642141
1.356641, -0.580336, -0.606743
1.019956, -0.715303, -0.556686
0.828883, -0.681742, -0.467610
0.960737, -0.665637, -0.504443
0.828428, -0.640783, -0.453297
1.126100, -0.711088, -0.545104
1.005224, -0.676720, -0.489604
1.124988, -0.626392, -0.527508
1.020989, -0.636679, -0.464253
0.987052, -0.804469, -0.642123
1.059630, -0.780942, -0.644675
1.164741, -0.708354, -0.646850
1.069086, -0.765128, -0.613676
1.224857, -0.768108, -0.668514
1.295727, -0.770682, -0.632081
1.205648, -0.718777, -0.627664
1.278877, -0.759055, -0.637917
3.065552, -0.741897, -0.467127
3.030962, -0.795411, -0.441166
3.058514, -0.713962, -0.363585
3.017707, -0.727134, -0.374052
3.113937, -0.812071, -0.362544
3.072456, -0.828509, -0.279824
3.077424, -0.743616, -0.304739
2.945024, -0.777816, -0.246320
0.999604, 0.059264, -0.610807
0.876378, 0.060891, -0.537457
0.756588, 0.127007, -0.487611
0.714528, 0.144271, -0.455639
1.212632, 0.102340, -0.676293
1.080066, 0.118675, -0.620512
1.155491, 0.151358, -0.680519
1.140249, 0.132169, -0.634864
-0.587953, -0.095640, -0.461423
-0.675697, -0.102557, -0.489561
-0.521288, -0.066472, -0.434630
-0.676202, -0.058183, -0.478470
0.224025, -0.214906, -0.224295
-0.090041, -0.179684, -0.238319
0.379684, -0.144524, -0.253529
0.086445, -0.132353, -0.184405
1.181813, -0.159814, -0.788064
1.079092, -0.167735, -0.712037
1.163740, -0.087516, -0.782074
1.123634, -0.096562, -0.741247
1.285334, -0.145472, -0.845839
1.270925, -0.161887, -0.784293
1.313393, -0.070442, -0.824785
1.302906, -0.065613, -0.811982
-0.127321, -0.322788, -0.293507
-0.453476, -0.307224, -0.436567
-0.077211, -0.273881, -0.283686
-0.233365, -0.246464, -0.330943
0.128374, -0.332195, -0.236276
0.094749, -0.321232, -0.224668
0.286673, -0.242654, -0.257398
0.220964, -0.258493, -0.234417
1.111562, -0.271417, -0.714777
0.730927, -0.294372, -0.521682
0.989951, -0.220973, -0.646363
1.039607, -0.213501, -0.658876
1.304659, -0.257665, -0.751748
1.168647, -0.270593, -0.709651
1.322728, -0.208592, -0.775837
1.069617, -0.235349, -0.656665
-0.141029, -0.405383, -0.330762
-0.006044, -0.420017, -0.285506
0.096821, -0.378815, -0.272235
-0.125116, -0.387025, -0.317435
0.285561, -0.468261, -0.295558
0.551203, -0.457452, -0.343737
0.641065, -0.418668, -0.373654
0.381450, -0.414316, -0.306786
0.840862, -0.403828, -0.564404
0.654794, -0.406950, -0.474757
0.872421, -0.336096, -0.577429
0.665411, -0.353373, -0.465000
1.226935, -0.409917, -0.701054
1.070845, -0.377998, -0.612398
1.059897, -0.324661, -0.644483
1.161201, -0.333972, -0.640368
0.575194, -0.505333, -0.451395
0.461130, -0.564588, -0.419736
0.396941, -0.499320, -0.404974
0.549206, -0.460716, -0.426804
0.996172, -0.538707, -0.595217
0.814768, -0.556512, -0.519001
0.909574, -0.494131, -0.550441
0.928177, -0.485176, -0.551397
0.330832, -0.541098, -0.345375
-0.036986, -0.533784, -0.314674
0.239047, -0.512553, -0.322673
-0.010507, -0.499132, -0.315295
0.412410, -0.560453, -0.370817
0.429314, -0.559653, -0.359276
0.481524, -0.525400, -0.382534
0.224566, -0.521246, -0.305503
0.365852, -0.650991, -0.409293
0.119580, -0.641159, -0.354619
0.147299, -0.618621, -0.366025
0.168219, -0.609905, -0.348585
0.799916, -0.664748, -0.509185
0.423955, -0.688986, -0.405922
0.631137, -0.595554, -0.455899
0.508871, -0.625626, -0.412738
0.074638, 0.216243, -0.411688
-0.158456, 0.261156, -0.435597
-0.148460, 0.310499, -0.426347
-0.433632, 0.379192, -0.560180
-0.415577, 0.238914, -0.529533
-0.023555, 0.167716, -0.361375
-0.637857, 0.407562, -0.630899
0.168381, 0.189410, -0.368317
-0.316235, 0.048012, -0.503150
-0.451748, 0.163164, -0.646681
-0.302661, 0.181174, -0.505193
-0.397363, 0.167600, -0.590706
0.570813, -0.058550, -0.579872
-0.225500, -0.001476, -0.433812
-0.658649, 0.193128, -0.640795
-0.550318, 0.203257, -0.614083
-0.368284, 0.098339, -0.602083
0.012530, 0.052111, -0.421769
-0.180854, 0.117709, -0.464405
-0.151082, 0.136140, -0.423876
0.275020, 0.012465, -0.431598
-0.047915, 0.036630, -0.409645
0.053835, 0.085733, -0.419945
0.002583, 0.100525, -0.379171
2.044014, 0.671600, -0.578491
2.077915, 0.698965, -0.560842
2.169247, 0.711090, -0.597404
2.088462, 0.762843, -0.629475
2.192378, 0.668098, -0.536615
2.127246, 0.694330, -0.523095
2.231146, 0.728325, -0.604336
2.218679, 0.769199, -0.580030
-0.557786, -0.183339, -0.685061
-0.310300, -0.070736, -0.737319
-0.495389, -0.107010, -0.635208
-0.500060, -0.081059, -0.622487
-0.277776, -0.166509, -0.523733
0.070474, -0.247080, -0.452032
0.420871, -0.188811, -0.522671
-0.524489, -0.100375, -0.633817
0.042627, 0.546973, -1.027090
0.652837, 0.399535, -0.890014
0.522616, 0.520183, -0.945003
0.651548, 0.433696, -0.892376
-0.179784, 0.427534, -0.639114
-0.117319, 0.538410, -0.793081
0.002977, 0.451954, -0.522451
-0.367688, 0.531416, -0.612293
0.320512, 0.402021, -0.994388
0.316271, 0.406547, -0.976718
0.593310, 0.362291, -0.849083
0.474671, 0.437103, -0.968415
-0.073061, 0.405070, -0.805811
-0.287409, 0.325360, -0.670123
-0.255164, 0.448259, -0.669087
-0.049208, 0.452175, -0.798567
0.218546, 0.365666, -1.022165
0.445115, 0.364928, -0.985797
-0.319603, 0.455349, -1.003668
0.478808, 0.458376, -0.986385
0.309426, 0.322197, -0.544928
-0.140761, 0.327192, -0.529966
0.020963, 0.371194, -0.499646
-0.187518, 0.416462, -0.631328
0.395848, 0.228673, -0.770421
0.321034, 0.283601, -1.003671
0.108157, 0.297783, -1.014314
0.114629, 0.274203, -1.016551
0.357132, 0.136230, -0.608617
0.549964, 0.235275, -0.918383
0.017048, 0.248132, -0.525984
-0.115948, 0.332268, -0.807383
0.298126, 0.256323, -0.953911
0.569022, 0.224490, -0.943548
0.338284, 0.290096, -0.931237
-0.455278, 0.290647, -0.989161
0.679504, 0.212863, -0.835096
0.691105, 0.201587, -0.847846
0.590814, 0.258080, -0.967861
-0.291330, 0.272543, -0.660605
1.541674, 0.670825, -0.454675
1.422989, 0.700489, -0.394994
1.673182, 0.769009, -0.545710
1.486443, 0.780361, -0.460187
1.711147, 0.730676, -0.492802
1.613650, 0.693440, -0.462416
1.751361, 0.741823, -0.507028
1.615317, 0.747599, -0.463693
0.174076, -0.078319, -0.586524
0.083141, -0.074317, -1.021210
0.339948, -0.028601, -0.770480
0.337759, 0.006451, -0.742588
-0.108913, -0.060698, -0.608772
-0.088877, -0.023958, -0.778117
-0.169949, 0.061569, -0.671539
-0.146519, 0.060480, -0.767743
2.034325, 0.605377, -0.754466
1.940143, 0.651687, -0.715620
2.237622, 0.682097, -0.787033
2.087491, 0.699389, -0.754880
2.399366, 0.664289, -0.757433
2.272222, 0.630164, -0.733477
2.275927, 0.678923, -0.759821
2.182085, 0.686786, -0.745483
0.273215, -0.043980, -0.738805
-0.166350, -0.086067, -0.987058
-0.832647, -0.073640, -0.952879
-0.074340, -0.024761, -0.993626
0.357636, -0.106973, -0.609001
0.050076, -0.101146, -0.558520
-0.037079, -0.016325, -0.542716
0.080450, -0.050865, -0.531312
1.702592, 0.547806, -0.513181
1.663747, 0.523506, -0.479171
1.821816, 0.640784, -0.556088
1.532368, 0.608993, -0.473855
1.873953, 0.518412, -0.525453
1.863879, 0.570165, -0.499898
1.760126, 0.589859, -0.508517
1.695254, 0.610262, -0.483640
0.313042, -0.231949, -0.928702
0.340736, -0.186078, -0.886633
0.540197, -0.133348, -0.801458
0.517354, -0.152308, -0.933943
0.054997, -0.190363, -0.590174
-0.243781, -0.201516, -0.832747
-0.247034, -0.122723, -0.768584
-0.137890, -0.080145, -0.712846
-0.227060, 0.471083, 0.028286
-0.808439, 0.575506, -0.098343
-0.396999, 0.554599, -0.078268
-0.252375, 0.541152, -0.006505
0.415595, 0.557177, -0.793598
0.437226, 0.592051, -0.890793
-0.653991, 0.692314, -0.883633
-0.809318, 0.683278, 0.061988
-0.641513, 0.379040, -0.101672
-0.476080, 0.292319, -0.097244
-0.573307, 0.402359, -0.105590
-0.848442, 0.507284, -0.116149
0.284980, 0.434173, -0.693237
-0.760116, 0.431999, -0.024603
-0.434592, 0.542026, 0.079190
-0.475389, 0.542578, 0.058158
-0.047746, 0.241910, 0.169773
-0.762569, 0.450008, -0.047704
-0.761406, 0.473738, -0.048346
-0.425606, 0.347261, -0.061069
-0.631744, 0.437361, -0.008941
0.201243, 0.408714, -0.676353
-0.492737, 0.593638, 0.097476
0.423136, 0.499931, -0.886273
-0.512667, 0.126645, -0.071083
-0.779437, 0.249721, -0.137800
-0.476448, 0.253861, -0.100736
-0.836845, 0.377044, -0.129963
-0.849010, 0.372271, 0.061068
0.190660, 0.294089, -0.666406
-0.587895, 0.446027, 0.060292
0.035240, 0.447025, -0.969652
1.277181, 0.177418, 0.035838
-0.073388, 0.114836, 0.156144
-0.324293, 0.168525, 0.061644
0.307255, 0.183466, 0.178752
0.202431, 0.382829, -0.917187
0.322978, 0.329119, -0.791186
0.271457, 0.355118, -0.733097
-0.607468, 0.333408, -0.007461
-0.760419, 0.049381, -0.162195
-0.624645, 0.036807, -0.139789
-0.844622, 0.211485, -0.175640
-0.651942, 0.107985, -0.145715
-0.705465, 0.130152, 0.004585
0.191240, 0.230950, -0.918928
-0.595773, 0.296423, 0.039620
0.221756, 0.332670, -0.777434
1.365891, 0.002390, 0.030513
-0.023277, -0.019496, 0.164490
0.093688, 0.009040, 0.172565
1.465671, 0.041314, 0.008566
-0.623661, 0.048651, -0.050176
-0.207115, 0.234847, -0.963181
-0.524415, 0.087773, -0.032189
-0.173246, 0.299154, -0.965189
1.108411, 0.735533, -0.338715
1.006812, 0.751210, -0.290486
1.170029, 0.804346, -0.409465
0.989651, 0.809427, -0.309411
1.143552, 0.760728, -0.334826
1.071831, 0.731571, -0.274891
1.138879, 0.790576, -0.351624
1.282144, 0.813092, -0.397622
-0.652238, -0.294163, -0.172677
-0.836569, -0.203681, -0.263060
-0.888699, -0.137290, -0.263802
-0.856468, -0.131831, -0.287087
0.145476, -0.067487, -0.940666
-0.989631, -0.006249, -0.112717
-0.892695, -0.097652, 0.015171
0.233213, -0.009730, -0.699620
1.733597, 0.608966, -0.791294
1.793445, 0.609336, -0.781159
1.728350, 0.738641, -0.839651
1.825326, 0.676423, -0.794130
2.075909, 0.616277, -0.801006
2.032409, 0.658797, -0.805416
1.946412, 0.702901, -0.851295
2.005267, 0.716664, -0.808080
1.363049, -0.300913, 0.035935
0.559061, -0.329288, 0.158179
0.120695, -0.238097, 0.191956
0.319012, -0.294912, 0.184928
-0.876629, 0.008358, 0.061136
-0.784847, -0.092997, 0.056214
-0.311057, -0.253399, 0.125016
-0.744179, -0.103760, 0.037059
1.232772, 0.571614, -0.393299
1.082289, 0.564838, -0.353103
1.229543, 0.670324, -0.393895
1.097848, 0.686004, -0.365259
1.307671, 0.539853, -0.402247
1.165954, 0.594712, -0.331654
1.366476, 0.630234, -0.396844
1.339741, 0.679769, -0.389136
-0.579856, -0.455018, -0.101101
-0.672920, -0.392788, -0.156848
-0.687420, -0.304841, -0.144694
-0.771982, -0.333019, -0.197236
-0.991687, -0.207683, -0.513358
-0.922398, -0.320162, -0.151354
-0.961227, -0.159714, -0.022339
-0.929808, -0.282586, -0.140638
1.741181, 0.511446, -0.697334
1.582957, 0.540814, -0.673005
1.745692, 0.557841, -0.714977
1.638737, 0.608568, -0.691301
1.827484, 0.519350, -0.701322
1.843121, 0.491955, -0.685159
1.959754, 0.562865, -0.738962
1.858446, 0.594162, -0.687080
0.667629, -0.445802, 0.130848
-0.706917, -0.412526, -0.074161
0.837118, -0.420151, 0.108939
-0.646829, -0.316671, -0.066640
-0.786548, -0.376927, -0.086421
-0.875429, -0.360526, -0.069128
0.283646, -0.094836, -0.788549
0.280974, -0.118297, -0.802331
1.310746, 0.432697, -0.459402
1.268016, 0.396567, -0.426953
1.311317, 0.474109, -0.460023
1.238161, 0.498119, -0.436758
1.472949, 0.432446, -0.471307
1.384089, 0.453935, -0.424089
1.442846, 0.473060, -0.470324
1.356805, 0.496932, -0.409786
-0.823682, -0.497428, -0.118722
-0.631179, -0.563510, -0.098312
-0.898014, -0.412143, -0.114133
-0.479752, -0.533561, -0.000981
0.245935, -0.324363, -0.851701
-0.874416, -0.511580, -0.083262
0.112047, -0.276608, -0.939168
0.148982, -0.265337, -0.935752
1.983972, 0.590230, -0.153236
1.433704, 0.628203, -0.007269
1.780824, 0.746267, -0.122561
1.890357, 0.704061, -0.156357
0.387408, 0.588349, 0.172767
-0.026113, 0.565899, 0.138844
0.796420, 0.745643, 0.119170
0.398463, 0.710457, 0.170666
1.165095, 0.499151, 0.038158
0.663120, 0.420858, 0.121489
1.421322, 0.580750, -0.006423
0.829152, 0.526711, 0.088803
0.152529, 0.392863, 0.170356
0.235429, 0.433546, 0.164086
-0.044002, 0.519228, 0.128948
0.088064, 0.478268, 0.163420
1.690030, 0.470953, -0.069711
1.799053, 0.456499, -0.103139
2.180552, 0.510755, -0.170340
1.933139, 0.529868, -0.133911
0.588904, 0.429108, 0.157406
0.574610, 0.428558, 0.158433
0.590237, 0.532365, 0.151020
0.241758, 0.480393, 0.173347
1.103079, 0.283042, 0.035694
1.087309, 0.343339, 0.032665
1.139342, 0.405327, 0.028275
1.011407, 0.418778, 0.049602
-0.147842, 0.277070, 0.097044
-0.366868, 0.280825, -0.061449
-0.084436, 0.368205, 0.121985
-0.119551, 0.344966, 0.100547
2.642424, 0.275807, -0.191286
2.259841, 0.319552, -0.162897
2.622029, 0.389444, -0.192416
1.899337, 0.378374, -0.117811
1.465981, 0.318859, 0.012056
1.171762, 0.302475, 0.049961
1.757091, 0.381836, -0.078566
0.880321, 0.423011, 0.102679
0.057551, 0.085094, 0.127524
0.745745, 0.158638, 0.113689
0.431953, 0.191070, 0.160294
0.188970, 0.217704, 0.138167
-0.265838, 0.098959, 0.006074
-0.484852, 0.117157, -0.072122
-0.249110, 0.216428, 0.002339
-0.323029, 0.196879, -0.032465
2.818556, 0.171836, -0.174658
2.741214, 0.121832, -0.169563
2.951182, 0.214255, -0.195082
2.467615, 0.178179, -0.144875
2.656352, 0.176601, -0.161754
2.170630, 0.141802, -0.131793
2.530403, 0.228237, -0.153598
2.197187, 0.236286, -0.139383
0.533447, -0.037875, 0.125410
0.352829, -0.022493, 0.137349
-0.022098, 0.027099, 0.076945
0.383675, 0.072499, 0.138971
-0.182355, -0.018056, 0.047181
-0.488150, 0.016871, -0.120198
-0.353139, 0.062923, -0.026436
-0.336415, 0.082451, -0.036818
3.166067, 0.009985, -0.267667
3.005655, -0.012109, -0.190392
3.188273, 0.087438, -0.245008
3.132320, 0.070093, -0.230182
3.141931, -0.019983, -0.178073
2.995714, -0.007859, -0.166217
2.733319, 0.116610, -0.147209
2.556422, 0.079050, -0.141244
0.669244, 0.779972, -0.276805
0.319216, 0.758428, -0.164703
0.574135, 0.876064, -0.273897
0.562918, 0.842844, -0.239313
0.723083, 0.736895, -0.241158
0.684621, 0.799560, -0.218505
0.925586, 0.836182, -0.326588
0.747788, 0.862546, -0.288548
0.260100, -0.351479, 0.152440
-0.101339, -0.290138, 0.096124
-0.188489, -0.240182, 0.053553
-0.030032, -0.277744, 0.123086
-0.594711, -0.268635, -0.172092
-0.482122, -0.322422, -0.140254
-0.280041, -0.249913, -0.000345
-0.348108, -0.219012, -0.052140
1.423282, 0.630285, -0.829337
1.400186, 0.665760, -0.824418
1.406971, 0.725961, -0.878689
1.477622, 0.739175, -0.866123
1.753297, 0.635247, -0.874665
1.647026, 0.658394, -0.830249
1.727535, 0.724820, -0.885624
1.698511, 0.703929, -0.857329
3.087644, -0.285525, -0.208304
3.060477, -0.252251, -0.194336
3.143799, -0.221317, -0.250375
3.063662, -0.222414, -0.193723
2.925016, -0.257087, -0.164617
2.346081, -0.291118, -0.142801
3.042643, -0.211400, -0.158542
2.644609, -0.212826, -0.157366
0.640748, 0.554045, -0.275029
0.632308, 0.600435, -0.266607
0.620099, 0.658337, -0.280287
0.656935, 0.670681, -0.264833
0.946306, 0.605837, -0.308024
0.869211, 0.587795, -0.278663
0.858286, 0.658174, -0.318652
0.837286, 0.649157, -0.263613
0.441986, -0.544149, 0.148359
0.237486, -0.474916, 0.155078
0.886482, -0.387569, 0.071788
0.308531, -0.413144, 0.155414
-0.375257, -0.412090, -0.042996
-0.472769, -0.487061, -0.064802
0.057345, -0.405025, 0.155541
-0.445068, -0.408582, -0.085897
1.361143, 0.489167, -0.756717
1.327135, 0.492238, -0.691950
1.411631, 0.590370, -0.773664
1.372327, 0.607136, -0.729530
1.613478, 0.485183, -0.760927
1.584856, 0.523940, -0.733877
1.558601, 0.548752, -0.778397
1.589894, 0.540564, -0.752560
2.950550, -0.428278, -0.203798
2.531324, -0.467288, -0.168582
2.784184, -0.336791, -0.163353
2.717421, -0.375562, -0.171718
2.550653, -0.463397, -0.158760
1.348386, -0.485842, 0.021889
1.644676, -0.414174, -0.061994
2.406679, -0.366262, -0.142713
0.835561, 0.404108, -0.351179
0.847643, 0.402367, -0.344715
0.810257, 0.468768, -0.347101
0.678972, 0.490198, -0.302839
1.015788, 0.417284, -0.366098
0.983128, 0.445721, -0.352652
1.083444, 0.485196, -0.384740
0.950879, 0.538970, -0.329032
1.388580, -0.700168, -0.037369
1.095704, -0.632021, 0.027383
1.122477, -0.555725, 0.031435
0.924960, -0.615095, 0.063892
-0.125455, -0.602437, 0.125643
-0.403582, -0.630368, 0.020123
-0.219015, -0.504260, 0.080836
-0.258324, -0.538017, 0.033055
1.315811, 0.399038, -0.665246
1.290390, 0.375245, -0.614561
1.360174, 0.466074, -0.693406
1.255236, 0.474216, -0.620824
1.553040, 0.354517, -0.687997
1.497468, 0.397048, -0.664008
1.607601, 0.419435, -0.682205
1.376388, 0.424093, -0.636386
2.587910, -0.597394, -0.199177
2.434482, -0.615030, -0.173445
2.443760, -0.545823, -0.166118
2.275285, -0.517763, -0.137317
2.214825, -0.603435, -0.128051
1.320998, -0.667565, 0.010729
1.790727, -0.583364, -0.100386
0.691824, -0.564908, 0.132335
1.099797, 0.273873, -0.458055
0.948127, 0.224933, -0.392678
1.013724, 0.321963, -0.431763
0.953041, 0.327613, -0.398116
1.225733, 0.221918, -0.451232
1.148108, 0.280648, -0.405657
1.184738, 0.365816, -0.447867
1.157331, 0.356956, -0.419206
1.731071, -0.812321, -0.134991
1.663882, -0.782412, -0.118447
1.681456, -0.745742, -0.116053
0.819983, -0.718152, 0.071732
0.180012, -0.765403, 0.174203
0.784975, -0.770651, 0.078764
0.016439, -0.693702, 0.155649
0.178774, -0.678289, 0.172686
2.475401, 0.716164, -0.251212
2.475023, 0.766959, -0.287426
2.548911, 0.824957, -0.270813
2.436380, 0.818289, -0.280446
2.390756, 0.721507, -0.228711
2.066577, 0.800252, -0.197582
2.489231, 0.855682, -0.242426
2.306530, 0.865526, -0.228697
2.319465, 0.610004, -0.261342
2.100796, 0.631788, -0.234098
2.124197, 0.734943, -0.229413
2.110240, 0.736154, -0.238961
1.885103, 0.598504, -0.160228
1.570309, 0.632201, -0.069247
2.144788, 0.722701, -0.219648
1.979201, 0.712744, -0.203023
2.703429, 0.607526, -0.299871
2.467294, 0.575469, -0.239890
2.680865, 0.655792, -0.279437
2.534768, 0.657691, -0.245842
2.409319, 0.590078, -0.206971
2.470450, 0.606415, -0.233466
2.610874, 0.699282, -0.249961
2.329228, 0.660297, -0.201424
1.965622, 0.457852, -0.211346
1.816266, 0.443231, -0.176433
1.974144, 0.570712, -0.214907
1.793643, 0.578246, -0.170746
1.522210, 0.474781, -0.059795
1.070149, 0.519295, 0.045266
1.411678, 0.541290, -0.028208
1.319051, 0.578361, -0.017555
2.883580, 0.394680, -0.318473
2.721230, 0.431238, -0.253259
2.940021, 0.509888, -0.324793
2.778369, 0.534816, -0.299451
2.765737, 0.462039, -0.222088
2.645890, 0.441324, -0.226261
2.631196, 0.494476, -0.211690
2.523121, 0.555789, -0.205769
1.621855, 0.353896, -0.117489
1.550688, 0.316670, -0.114807
1.619876, 0.447985, -0.132139
1.552718, 0.448542, -0.107589
0.865607, 0.287288, 0.070999
0.851023, 0.326130, 0.061313
0.897819, 0.363683, 0.058685
0.609693, 0.340863, 0.111761
3.072506, 0.242804, -0.318049
2.960927, 0.296680, -0.307431
3.025694, 0.366943, -0.303676
2.955595, 0.355205, -0.332698
2.993526, 0.286711, -0.253969
2.899295, 0.283120, -0.252230
2.971766, 0.357666, -0.235081
2.891827, 0.327460, -0.237589
1.417552, 0.131204, -0.091073
1.046885, 0.190649, 0.007478
1.268981, 0.246088, -0.047226
1.253288, 0.235253, -0.058754
1.038714, 0.139319, 0.013994
0.766848, 0.164950, 0.095018
1.088319, 0.211609, 0.009889
0.924824, 0.256149, 0.045407
3.182465, 0.116893, -0.454356
3.134313, 0.110192, -0.389908
3.166559, 0.217840, -0.416652
3.145415, 0.182620, -0.380799
3.210912, 0.128624, -0.461925
3.144845, 0.144656, -0.297985
3.179954, 0.179989, -0.387891
3.068753, 0.173971, -0.268038
0.909639, -0.058993, 0.031042
0.794075, -0.045400, 0.053666
0.763822, 0.045314, 0.074864
0.709820, 0.018045, 0.074881
0.802922, 0.004994, 0.069841
0.242208, -0.023094, 0.143592
0.717397, 0.067682, 0.089446
0.349591, 0.037006, 0.124944
3.202866, 0.031205, -0.712727
3.195203, 0.017924, -0.579395
3.204281, 0.051377, -0.699083
3.190046, 0.100468, -0.685162
3.230979, 0.038487, -0.649453
3.258722, -0.019335, -0.540323
3.243138, 0.070165, -0.638534
3.246870, 0.041849, -0.422398
-0.749281, 0.864360, -0.445800
-0.678836, 0.819418, -0.441702
-0.725282, 0.864974, -0.461225
-0.539419, 0.896509, -0.466564
-0.012904, 0.747413, -0.229353
-0.026562, 0.691837, -0.192581
-0.065741, 0.798549, -0.262477
-0.066688, 0.831471, -0.260391
1.060127, -0.332721, 0.005134
0.625477, -0.334480, 0.057355
0.859612, -0.266047, 0.047504
0.613325, -0.306514, 0.060364
0.496640, -0.353569, 0.092997
0.120425, -0.373931, 0.123904
0.352840, -0.245877, 0.120749
0.103866, -0.288128, 0.124584
1.245483, 0.627531, -0.861942
1.094329, 0.573780, -0.728590
1.252602, 0.668082, -0.868853
1.235320, 0.733612, -0.862087
1.372036, 0.574036, -0.881425
1.272398, 0.622813, -0.843421
1.294951, 0.685716, -0.892467
1.302042, 0.679844, -0.864298
3.220331, -0.239091, -0.649937
3.223418, -0.258632, -0.510261
3.239176, -0.204093, -0.705927
3.224231, -0.161075, -0.584350
3.257498, -0.228324, -0.702985
3.232734, -0.244373, -0.498594
3.263427, -0.186956, -0.672085
3.238598, -0.206593, -0.416308
-0.375373, 0.600854, -0.336369
-0.276683, 0.552851, -0.284898
-0.410380, 0.665688, -0.351954
-0.198232, 0.688558, -0.279766
-0.003106, 0.535322, -0.141316
0.239869, 0.577358, -0.138376
0.234259, 0.631832, -0.149876
0.381955, 0.693997, -0.191734
1.057245, -0.500665, 0.008262
1.050661, -0.523394, -0.004483
1.216074, -0.463892, -0.029634
1.085278, -0.461543, 0.003621
1.033243, -0.505179, 0.016311
0.425339, -0.488805, 0.123454
0.816978, -0.471588, 0.056977
0.459139, -0.483174, 0.113726
1.077868, 0.458195, -0.686674
0.904304, 0.491331, -0.578078
1.180939, 0.565241, -0.753075
1.027056, 0.555678, -0.636210
1.248362, 0.439403, -0.767310
1.191017, 0.500296, -0.730218
1.318368, 0.550479, -0.802007
1.304236, 0.544005, -0.766326
3.175881, -0.379081, -0.469055
3.106781, -0.391081, -0.348358
3.157323, -0.269160, -0.473607
3.128083, -0.289257, -0.411436
3.157075, -0.425797, -0.293241
3.123328, -0.438318, -0.266737
3.201128, -0.333535, -0.399460
3.083342, -0.337739, -0.255850
-0.024746, 0.386054, -0.140735
-0.537456, 0.439569, -0.416943
0.067691, 0.492536, -0.154667
-0.303619, 0.478607, -0.305752
0.365508, 0.439870, -0.208382
0.012972, 0.362823, -0.130414
0.167961, 0.461681, -0.164764
0.018975, 0.443733, -0.128602
1.538204, -0.708080, -0.137541
1.390536, -0.656079, -0.082227
1.626563, -0.548736, -0.168627
1.381657, -0.581691, -0.085844
1.059531, -0.634606, 0.017073
1.266226, -0.683646, -0.046256
1.240904, -0.611131, -0.017041
1.202093, -0.590997, -0.024429
0.933569, 0.354296, -0.556897
0.690235, 0.308609, -0.434632
1.054881, 0.394222, -0.631627
0.749045, 0.395193, -0.460789
1.251165, 0.360057, -0.699251
1.271267, 0.357410, -0.681723
1.124249, 0.410021, -0.666813
1.122838, 0.415033, -0.626337
3.030785, -0.508821, -0.317528
2.999235, -0.504175, -0.337714
3.021094, -0.452627, -0.367539
2.951668, -0.491094, -0.281476
3.078039, -0.531496, -0.319375
2.988267, -0.514184, -0.274577
2.984589, -0.511598, -0.235365
2.934269, -0.458693, -0.247277
0.158854, 0.187268, -0.179671
-0.384276, 0.249625, -0.360086
0.125618, 0.298552, -0.177675
-0.389291, 0.331152, -0.369767
0.723778, 0.287817, -0.343248
0.163690, 0.205640, -0.169784
0.601846, 0.327156, -0.304253
0.193360, 0.337264, -0.176902
1.980289, -0.790712, -0.246740
1.604179, -0.792684, -0.155267
1.757425, -0.720396, -0.183352
1.735763, -0.738430, -0.188500
1.640539, -0.833095, -0.145026
1.475349, -0.832790, -0.095121
1.690081, -0.747042, -0.157683
1.289743, -0.717068, -0.034623
0.745780, 0.185556, -0.457880
0.819243, 0.209614, -0.475278
0.755361, 0.254554, -0.463530
0.823971, 0.271890, -0.463415
1.108449, 0.209709, -0.593256
1.028828, 0.205285, -0.545051
0.968300, 0.271353, -0.547028
1.038854, 0.288020, -0.547333
2.924842, -0.680738, -0.292057
2.834798, -0.679096, -0.318893
2.942190, -0.597684, -0.339428
2.729610, -0.637532, -0.248181
2.714285, -0.730734, -0.209597
2.637676, -0.710625, -0.212334
2.738383, -0.616130, -0.211220
2.603215, -0.683188, -0.203593
0.019567, 0.099906, -0.213922
0.121749, 0.095712, -0.189857
0.318492, 0.140559, -0.256280
0.115655, 0.117391, -0.185333
0.456820, 0.051422, -0.299447
0.687904, 0.107528, -0.345500
0.621383, 0.182216, -0.333387
0.523703, 0.150661, -0.292083
2.302011, -0.852297, -0.300646
2.177780, -0.883272, -0.287868
2.297527, -0.834851, -0.288121
2.008919, -0.806273, -0.244457
2.236784, -0.885947, -0.264925
2.012336, -0.896348, -0.255726
1.970379, -0.843319, -0.207654
1.850657, -0.857978, -0.187546
2.504617, 0.718511, -0.399591
2.425830, 0.718131, -0.362440
2.578516, 0.761065, -0.427275
2.447162, 0.788218, -0.390975
2.339950, 0.726700, -0.294700
2.365197, 0.748553, -0.337114
2.578672, 0.798310, -0.362099
2.368452, 0.792985, -0.334360
2.877429, 0.722405, -0.449100
2.777662, 0.697139, -0.444320
2.833798, 0.768602, -0.507654
2.791420, 0.748339, -0.449048
2.804484, 0.695854, -0.339262
2.668830, 0.706695, -0.337436
2.940870, 0.794193, -0.401429
2.774873, 0.747727, -0.381993
2.270350, 0.606543, -0.352141
2.138391, 0.618497, -0.328407
2.206181, 0.660829, -0.325922
2.173436, 0.688292, -0.333388
2.116903, 0.610375, -0.251515
2.061032, 0.641462, -0.286677
2.102679, 0.739341, -0.272848
2.072044, 0.695500, -0.293031
2.930747, 0.568499, -0.477337
2.887748, 0.575430, -0.491333
2.932883, 0.609291, -0.493617
2.921979, 0.629964, -0.453765
2.919467, 0.568821, -0.391438
2.867707, 0.548512, -0.386588
2.953914, 0.582951, -0.402773
2.826384, 0.644289, -0.347506
1.958367, 0.502942, -0.268260
1.802993, 0.508217, -0.258137
1.893219, 0.536704, -0.278643
1.770276, 0.517402, -0.256853
1.850899, 0.518594, -0.221596
1.787166, 0.503358, -0.217703
1.903015, 0.516680, -0.238479
1.794303, 0.584149, -0.223927
3.016172, 0.436268, -0.548070
2.951921, 0.384274, -0.466341
3.007376, 0.489822, -0.571046
2.965481, 0.447392, -0.526115
3.048027, 0.395817, -0.403571
3.020030, 0.401957, -0.394817
3.032538, 0.502286, -0.409764
2.982476, 0.506508, -0.430255
1.593909, 0.304028, -0.185251
1.539773, 0.287543, -0.183926
1.631214, 0.438869, -0.194011
1.456559, 0.443800, -0.146262
1.595073, 0.348336, -0.164059
1.254859, 0.352421, -0.068436
1.561405, 0.400844, -0.151389
1.354306, 0.449645, -0.092446
3.057811, 0.286429, -0.679327
3.037326, 0.253321, -0.631922
3.088960, 0.333426, -0.636983
3.062669, 0.352518, -0.567249
3.124636, 0.276575, -0.640728
3.106825, 0.246543, -0.538260
3.155555, 0.374941, -0.603717
3.118009, 0.327475, -0.546631
1.296009, 0.186732, -0.104329
1.298822, 0.181315, -0.122780
1.401884, 0.207562, -0.146778
1.206412, 0.197361, -0.091147
1.054504, 0.184557, -0.014306
0.889383, 0.147497, 0.021660
1.174124, 0.205969, -0.055802
0.837561, 0.186535, 0.040711
3.143771, 0.147935, -0.795289
3.095233, 0.128273, -0.805351
3.115221, 0.225116, -0.886498
3.086253, 0.240098, -0.781337
3.175996, 0.168146, -0.742662
3.154568, 0.144498, -0.655789
3.158828, 0.197544, -0.811059
3.140339, 0.236556, -0.721166
1.056075, -0.024038, -0.052908
0.734803, -0.025606, 0.021214
0.954584, 0.041180, -0.024873
0.810151, 0.033828, 0.008066
0.913698, -0.039435, 0.002939
0.465052, 0.000532, 0.080395
0.991555, 0.016498, -0.026608
0.445090, 0.053770, 0.084798
0.963722, -0.541887, -0.079676
0.601999, -0.543277, -0.004953
0.926407, -0.480103, -0.073582
0.904404, -0.444415, -0.053886
0.832809, -0.516296, -0.023078
0.566899, -0.561583, 0.018028
1.085893, -0.487904, -0.091691
0.729790, -0.425230, -0.011396
1.240015, -0.707769, -0.187873
1.188424, -0.647964, -0.165290
1.274844, -0.591646, -0.172575
1.036921, -0.617351, -0.105043
1.250247, -0.683000, -0.175384
1.107739, -0.666760, -0.113328
1.202621, -0.640458, -0.122423
1.104872, -0.609254, -0.103844
2.955810, -0.490039, -0.852763
2.901710, -0.442881, -0.839002
2.946919, -0.408892, -0.854624
2.888635, -0.384335, -0.861196
3.014575, -0.467638, -0.838188
3.005474, -0.465510, -0.802714
3.007353, -0.428764, -0.892488
3.040867, -0.437436, -0.765289
1.641506, -0.749341, -0.346066
1.478835, -0.812669, -0.319949
1.633382, -0.698863, -0.342916
1.385520, -0.708810, -0.244676
1.686306, -0.805798, -0.328493
1.539555, -0.775605, -0.300031
1.647327, -0.693679, -0.289674
1.477057, -0.698840, -0.232811
2.899673, -0.613510, -0.763401
2.837659, -0.605280, -0.786755
2.926816, -0.517682, -0.740919
2.868870, -0.547424, -0.731452
2.978781, -0.630877, -0.728613
2.921888, -0.622432, -0.703228
3.023011, -0.541837, -0.722153
2.961248, -0.512785, -0.670430
2.029879, -0.830222, -0.513472
1.999641, -0.860877, -0.556023
1.971215, -0.794353, -0.439567
1.829081, -0.828831, -0.475907
2.116400, -0.859381, -0.473861
1.888015, -0.868015, -0.418755
1.973876, -0.808008, -0.408645
1.885089, -0.803973, -0.395944
2.870626, -0.727008, -0.683153
2.810048, -0.713069, -0.705999
2.796063, -0.664159, -0.730760
2.842526, -0.706594, -0.693438
2.909663, -0.766375, -0.702505
2.933342, -0.749833, -0.620438
2.937184, -0.664439, -0.609649
2.849662, -0.655726, -0.620218
-0.307332, -0.176149, -0.610259
-0.130069, -0.106880, -0.587620
-0.380696, -0.069896, -0.667357
-0.253577, -0.072311, -0.539272
0.228758, -0.227045, -0.507192
-0.278374, -0.158057, -0.550883
-0.257119, -0.099857, -0.547571
0.517698, -0.187389, -0.602878
2.523082, 0.686458, -0.712312
2.374802, 0.671359, -0.714747
2.547383, 0.737898, -0.725285
2.415037, 0.713172, -0.725581
2.593398, 0.679297, -0.702293
2.498768, 0.643958, -0.634044
2.653364, 0.759000, -0.698395
2.545773, 0.709797, -0.669573
-0.465453, -0.236793, -0.787944
-0.626268, -0.295161, -0.688226
-0.477797, -0.161755, -0.791018
-0.337521, -0.115044, -0.773127
0.367036, -0.423364, -0.533874
-0.432974, -0.344421, -0.588217
0.608649, -0.303769, -0.655226
-0.136840, -0.282935, -0.482645
1.948970, 0.549146, -0.506391
1.929530, 0.563211, -0.457289
2.047100, 0.630077, -0.551005
2.029367, 0.597961, -0.502138
2.136566, 0.525499, -0.480504
2.074290, 0.566433, -0.451705
2.183589, 0.655241, -0.484139
2.067972, 0.634594, -0.466528
0.352700, -0.212971, -0.622658
-0.042401, -0.276633, -0.592031
0.567263, -0.143849, -0.974696
0.330201, -0.208211, -0.596376
0.155528, -0.297194, -0.594267
-0.059969, -0.301849, -0.547154
-0.278659, -0.188891, -0.615081
-0.220440, -0.249071, -0.543838
2.552176, 0.532854, -0.716235
2.575697, 0.530146, -0.696232
2.631831, 0.573888, -0.731778
2.518655, 0.600027, -0.730758
2.718134, 0.563408, -0.642956
2.650972, 0.514311, -0.642374
2.736121, 0.598908, -0.692761
2.616395, 0.576511, -0.680517
-0.376495, -0.351678, -0.774050
-0.344853, -0.384054, -0.658433
-0.520539, -0.373037, -0.729046
-0.377377, -0.302381, -0.776059
0.297668, -0.559236, -0.531878
-0.434353, -0.520727, -0.554185
-0.185049, -0.468465, -0.495376
-0.614683, -0.389817, -0.795284
1.766544, 0.453890, -0.402572
1.685136, 0.459368, -0.374572
1.782013, 0.535986, -0.424136
1.650283, 0.533390, -0.395931
1.879139, 0.465634, -0.399369
1.805592, 0.474032, -0.354508
1.855208, 0.511794, -0.397566
1.695004, 0.492336, -0.333393
-0.930876, -0.524438, -0.906161
0.135559, -0.377342, -0.621615
-0.891663, -0.431971, -0.924293
0.576414, -0.278482, -0.899041
-0.143666, -0.333996, -0.642320
-0.096375, -0.339689, -0.616846
0.423302, -0.311348, -1.009200
0.113633, -0.323862, -0.594555
2.601269, 0.362806, -0.800314
2.639203, 0.420356, -0.711667
2.686081, 0.439311, -0.755792
2.643095, 0.435724, -0.732290
2.823874, 0.387275, -0.731509
2.754421, 0.387891, -0.692533
2.836086, 0.474756, -0.729339
2.684194, 0.435613, -0.724826
-0.329994, -0.544189, -0.801765
-0.271036, -0.565047, -0.749735
-0.177332, -0.394919, -0.845362
-0.126371, -0.439363, -0.798862
-0.560952, -0.643999, -0.834478
-0.694389, -0.683796, -0.616853
-0.659434, -0.628896, -0.615399
-0.506496, -0.554570, -0.720380
1.479447, 0.285138, -0.321252
1.398821, 0.322120, -0.287612
1.571326, 0.341563, -0.325286
1.500779, 0.381714, -0.296078
1.608839, 0.310018, -0.299216
1.499200, 0.300745, -0.250872
1.654290, 0.397292, -0.307941
1.449127, 0.388524, -0.254531
-0.502405, -0.528338, -0.949251
-0.290794, -0.535709, -0.979360
-0.316567, -0.422824, -0.971555
-0.790330, -0.487873, -0.882353
-0.130112, -0.540250, -0.976099
-0.859107, -0.726994, -0.880664
-0.286030, -0.449020, -0.970843
-0.871251, -0.535334, -0.848663
2.726452, 0.236597, -0.837164
2.635759, 0.250272, -0.826144
2.760046, 0.298312, -0.854964
2.728057, 0.318189, -0.808022
2.867071, 0.241699, -0.812642
2.828539, 0.270463, -0.751580
2.831024, 0.317983, -0.805867
2.763986, 0.348562, -0.790797
0.429286, -0.784766, -0.900247
0.356273, -0.813914, -0.816331
-0.379490, -0.672781, -0.792656
-0.334164, -0.641805, -0.842580
-0.674138, -0.822074, -0.695830
-0.400092, -0.759431, -0.797871
-0.600043, -0.765798, -0.709382
-0.605590, -0.786630, -0.703055
1.322310, 0.116745, -0.255081
1.175190, 0.095939, -0.193578
1.311588, 0.194804, -0.246403
1.154195, 0.198665, -0.169993
1.321582, 0.141343, -0.227486
1.286809, 0.173349, -0.203207
1.326470, 0.205583, -0.222063
1.211837, 0.195620, -0.172511
0.680357, -0.357180, -0.060131
0.626589, -0.403924, -0.038520
0.980741, -0.312396, -0.121859
0.684539, -0.316893, -0.049864
0.876737, -0.352125, -0.068968
0.827407, -0.370416, -0.056616
0.852254, -0.321685, -0.067623
0.879800, -0.309387, -0.065832
1.172991, -0.556966, -0.196228
1.127363, -0.548579, -0.180858
1.215891, -0.459372, -0.216266
1.015319, -0.410716, -0.140320
1.353812, -0.521487, -0.225686
1.157516, -0.494184, -0.174383
1.324359, -0.414421, -0.205641
1.114048, -0.440674, -0.136191
2.666044, -0.362559, -0.947389
2.736330, -0.324066, -0.888892
2.720032, -0.271570, -0.942081
2.650369, -0.268941, -0.905154
2.826376, -0.349641, -0.884029
2.802691, -0.326811, -0.846571
2.822228, -0.290398, -0.934663
2.807047, -0.255496, -0.863945
1.449579, -0.635683, -0.321748
1.360091, -0.639984, -0.292416
1.478224, -0.571724, -0.338970
1.346768, -0.607056, -0.292366
1.517605, -0.621535, -0.292299
1.417149, -0.629129, -0.263643
1.565583, -0.582381, -0.336396
1.490374, -0.606777, -0.283831
2.668983, -0.454191, -0.825903
2.653818, -0.461624, -0.822529
2.683338, -0.384593, -0.818289
2.563633, -0.404930, -0.825135
2.772090, -0.448672, -0.819791
2.805124, -0.503293, -0.732238
2.774626, -0.426931, -0.815168
2.777160, -0.394307, -0.755008
1.614715, -0.750974, -0.460409
1.532392, -0.736592, -0.410970
1.570644, -0.690884, -0.418728
1.610277, -0.705430, -0.411791
1.782708, -0.737278, -0.450391
1.711339, -0.741098, -0.437833
1.868147, -0.674938, -0.430383
1.646948, -0.715894, -0.379768
2.585361, -0.602383, -0.775065
2.567655, -0.573866, -0.752097
2.560280, -0.559418, -0.807893
2.467423, -0.563089, -0.749179
2.695446, -0.613356, -0.761752
2.696863, -0.610249, -0.706163
2.655327, -0.546012, -0.738185
2.696132, -0.569746, -0.707326
1.997814, -0.789074, -0.592526
1.990850, -0.795151, -0.590136
2.078704, -0.739067, -0.569410
1.785373, -0.782642, -0.535989
2.121756, -0.813393, -0.613086
2.085883, -0.808603, -0.598734
2.209507, -0.783944, -0.541968
2.017929, -0.773973, -0.494871
2.471888, -0.730322, -0.825444
2.527971, -0.774436, -0.763470
2.545363, -0.664022, -0.732742
2.410765, -0.702275, -0.756038
2.666631, -0.735025, -0.737608
2.657067, -0.771378, -0.730516
2.643076, -0.685891, -0.684589
2.560863, -0.685276, -0.716110
-0.589687, -0.267544, -0.962210
-0.423313, -0.261361, -0.984416
-0.818969, -0.156920, -0.937318
0.301426, -0.106355, -0.966616
-0.032956, -0.211726, -0.594637
0.573664, -0.181219, -0.838427
0.075938, -0.189702, -0.571656
0.567878, -0.152523, -0.807394
2.164094, 0.488617, -0.721974
2.130175, 0.507766, -0.698833
2.178075, 0.553078, -0.733544
2.016859, 0.605969, -0.707982
2.316131, 0.537246, -0.711061
2.323904, 0.520688, -0.664773
2.369799, 0.553726, -0.723556
2.318319, 0.547088, -0.697446
-0.039266, -0.455550, -1.019385
-0.038938, -0.436772, -1.013510
0.541488, -0.314813, -0.890599
-0.101907, -0.360115, -1.009143
-0.215009, -0.341180, -0.803823
-0.120935, -0.334784, -0.644841
-0.020913, -0.217690, -0.865275
-0.207779, -0.225215, -0.815767
1.811712, 0.433313, -0.519579
1.529958, 0.444394, -0.450520
1.588710, 0.462431, -0.468213
1.513649, 0.490910, -0.446674
1.905539, 0.405924, -0.512077
1.767483, 0.411436, -0.475323
1.865212, 0.503290, -0.517281
1.718518, 0.477317, -0.457892
-0.724284, -0.429808, -0.928854
-0.649486, -0.439082, -0.953265
0.175808, -0.250498, -0.972416
-0.502045, -0.293304, -0.965271
-0.722215, -0.509065, -0.932855
-0.681935, -0.551508, -0.962018
-0.719406, -0.424867, -0.957405
-0.140821, -0.265630, -0.751836
2.261738, 0.356235, -0.766607
2.172943, 0.368927, -0.737652
2.248696, 0.419751, -0.752530
2.189641, 0.465482, -0.740017
2.349695, 0.368598, -0.754670
2.363848, 0.385223, -0.714113
2.439687, 0.453249, -0.743582
2.264840, 0.408470, -0.725859
0.307286, -0.585228, -0.888928
0.160497, -0.582057, -0.770574
0.368747, -0.528830, -0.976374
0.300490, -0.411296, -0.838407
0.466940, -0.553945, -0.916393
0.366526, -0.554829, -0.759239
0.375930, -0.519921, -0.994677
0.146034, -0.501808, -1.027248
1.558764, 0.254215, -0.417436
1.436471, 0.264428, -0.371976
1.518886, 0.346047, -0.395665
1.326925, 0.367156, -0.341112
1.710199, 0.263773, -0.415188
1.493027, 0.275668, -0.373147
1.639758, 0.355300, -0.427692
1.591934, 0.336423, -0.397872
-0.725463, -0.641171, 0.011842
-0.355586, -0.617469, -0.983741
-0.957990, -0.479595, -0.711034
-0.313622, -0.437910, -0.983735
-0.543575, -0.626814, -0.953483
-0.742399, -0.663746, -0.928274
-0.673815, -0.531325, -0.912428
-0.738305, -0.610016, -0.921671
2.344507, 0.216432, -0.829739
2.252085, 0.252827, -0.773934
2.336264, 0.295208, -0.810636
2.279301, 0.332410, -0.788535
2.446003, 0.272390, -0.816791
2.425756, 0.275000, -0.771369
2.413319, 0.296452, -0.827159
2.428870, 0.330596, -0.759558
-0.863199, -0.749926, -0.764920
-0.927316, -0.682585, -0.036488
0.228950, -0.641298, -0.846506
0.077404, -0.620513, -0.746384
0.276375, -0.734242, -0.807081
0.311622, -0.746288, -0.951106
0.409487, -0.685308, -0.823750
0.238143, -0.670851, -0.709257
1.219401, 0.090961, -0.298342
1.117545, 0.104578, -0.251519
1.300539, 0.174056, -0.303314
1.239972, 0.174188, -0.288228
1.423851, 0.102520, -0.330348
1.363088, 0.126684, -0.282359
1.498520, 0.197707, -0.348887
1.427024, 0.228338, -0.317751
2.150755, -0.862701, -0.146388
0.672159, -0.866761, 0.138606
-0.410904, -0.767523, 0.103271
-0.726161, -0.513611, 0.069441
-0.557037, -0.846219, 0.070510
-0.926152, -0.534054, 0.048520
-0.683821, -0.594032, -0.857016
-0.470313, -0.681394, -0.954348
2.345824, 0.148211, -0.874626
2.312870, 0.093092, -0.846411
2.257924, 0.147884, -0.893642
2.292371, 0.170761, -0.843015
2.477035, 0.111378, -0.880102
2.518940, 0.104344, -0.845904
2.537403, 0.212345, -0.865563
2.438527, 0.193598, -0.862275
0.624330, -0.214812, -0.106710
0.402771, -0.226969, -0.030750
0.659593, -0.156188, -0.082477
0.556383, -0.171931, -0.064945
0.743114, -0.232681, -0.079529
0.502213, -0.259836, -0.036093
0.792408, -0.119414, -0.107778
0.565725, -0.162558, -0.034986
0.902858, -0.332273, -0.152796
0.810397, -0.385868, -0.139298
0.852391, -0.274249, -0.167819
0.793188, -0.264140, -0.152475
1.154569, -0.387372, -0.206483
0.896722, -0.391953, -0.134514
1.048762, -0.257812, -0.186541
0.884190, -0.309226, -0.135507
2.389406, -0.253106, -0.949187
2.299021, -0.214209, -0.930856
2.247034, -0.162052, -0.944275
2.268204, -0.194904, -0.931607
2.553243, -0.205660, -0.950252
2.571869, -0.208703, -0.897488
2.506903, -0.189494, -0.937382
2.430076, -0.160102, -0.910479
1.246778, -0.468433, -0.292176
0.981415, -0.536235, -0.208402
1.150299, -0.417556, -0.261036
1.041402, -0.457164, -0.213799
1.163206, -0.537027, -0.262926
1.225646, -0.478963, -0.245500
1.406690, -0.384186, -0.305075
1.105691, -0.427567, -0.215391
2.313198, -0.328708, -0.873436
2.194306, -0.349228, -0.841867
2.269555, -0.272296, -0.878678
2.348890, -0.312363, -0.822736
2.527259, -0.336382, -0.862129
2.477645, -0.344607, -0.826086
2.446089, -0.292945, -0.859350
2.430271, -0.275493, -0.821946
1.374124, -0.593273, -0.375109
1.211776, -0.663377, -0.319822
1.304033, -0.537697, -0.345969
1.198743, -0.554977, -0.309471
1.471386, -0.599845, -0.402668
1.270374, -0.658102, -0.330897
1.564460, -0.558521, -0.405375
1.446379, -0.562510, -0.352149
2.169523, -0.464047, -0.814298
2.140554, -0.499147, -0.789869
2.307128, -0.436500, -0.805779
2.094108, -0.417166, -0.765994
2.414810, -0.450740, -0.793359
2.358721, -0.493269, -0.759595
2.360993, -0.420652, -0.822092
2.450982, -0.396232, -0.745821
1.586668, -0.698803, -0.488439
1.492990, -0.702142, -0.456662
1.538391, -0.672610, -0.476661
1.450415, -0.660253, -0.428592
1.688376, -0.719036, -0.507310
1.645046, -0.735935, -0.499505
1.819531, -0.647149, -0.517975
1.449571, -0.674153, -0.411016
2.176960, -0.605981, -0.771767
2.171790, -0.636146, -0.746137
2.164167, -0.560155, -0.760534
2.135278, -0.524391, -0.723156
2.375370, -0.605685, -0.770340
2.352624, -0.587526, -0.719336
2.237715, -0.539447, -0.741611
2.178295, -0.525467, -0.709702
1.958365, -0.748285, -0.786906
2.058218, -0.759721, -0.769930
2.028495, -0.667339, -0.727510
1.942308, -0.709063, -0.719097
2.166998, -0.718600, -0.756419
2.250763, -0.763057, -0.758981
2.208286, -0.657525, -0.736812
2.217806, -0.703774, -0.732261
1.682482, -0.768893, -0.623722
1.612216, -0.826055, -0.612595
1.749500, -0.719855, -0.590756
1.743194, -0.757264, -0.593542
1.847604, -0.793236, -0.663872
1.768308, -0.814095, -0.627696
1.926422, -0.730959, -0.614652
1.930357, -0.755850, -0.626142
0.991903, -0.618162, 0.081361
-0.176155, -0.550031, 0.144718
0.725889, -0.519525, 0.127104
-0.312891, -0.455828, 0.086145
-0.095575, -0.347265, -0.960785
-1.010126, -0.329033, -0.278946
-0.700640, -0.414139, -0.063600
-0.777930, -0.352603, 0.042265
1.673527, 0.394657, -0.672543
1.637465, 0.358781, -0.653826
1.658074, 0.431088, -0.688110
1.649995, 0.428904, -0.668433
1.979927, 0.388995, -0.695468
1.925358, 0.364909, -0.664255
1.789482, 0.449116, -0.679742
1.784433, 0.474431, -0.664108
-0.253844, -0.702716, 0.085396
-0.374215, -0.738212, 0.054176
-0.621390, -0.641300, -0.069102
-0.786475, -0.581696, -0.115811
-0.979240, -0.492451, -0.139838
0.264325, -0.481931, -0.875817
0.213514, -0.389900, -0.898953
0.279762, -0.464410, -0.921226
1.257884, 0.280393, -0.448266
1.201029, 0.238523, -0.406808
1.340066, 0.324848, -0.450805
1.318024, 0.310905, -0.423017
1.480729, 0.246601, -0.453176
1.394997, 0.304309, -0.404872
1.385928, 0.348494, -0.443567
1.472512, 0.345302, -0.425011
-0.103069, -0.673880, 0.172895
-0.347669, -0.740340, 0.111482
0.175395, -0.637345, 0.189371
0.607438, -0.726379, 0.159775
-0.780494, -0.550170, 0.024945
-0.786755, -0.534230, -0.812189
-0.996784, -0.360148, -0.178651
-0.790443, -0.476310, 0.031862
1.731258, 0.203655, -0.735727
1.777804, 0.248737, -0.713371
1.820602, 0.278416, -0.746214
1.818797, 0.279614, -0.729572
2.049535, 0.241604, -0.749744
1.978255, 0.267264, -0.720883
1.926129, 0.270455, -0.756364
1.902700, 0.325190, -0.708742
0.473401, -0.945562, 0.141014
-0.666094, -0.865202, -0.144013
-0.602138, -0.812100, -0.082234
-0.429647, -0.827826, 0.008900
-0.801081, -0.832462, -0.039235
-0.777714, -0.872548, -0.150957
-0.755593, -0.787492, -0.119132
-0.765995, -0.776267, -0.128474
1.174714, 0.141976, -0.357049
1.045305, 0.088965, -0.326319
1.174702, 0.208811, -0.375634
1.130949, 0.185886, -0.336357
1.348990, 0.101769, -0.395156
1.206828, 0.109089, -0.324943
1.331219, 0.169489, -0.377783
1.224091, 0.198197, -0.344344
2.914220, -0.845834, -0.157904
1.610005, -0.921339, -0.073056
2.076376, -0.814169, -0.145634
2.059043, -0.770742, -0.140062
2.167741, -0.865900, -0.153723
-0.554714, -0.846810, 0.024183
0.136566, -0.806220, 0.193001
-0.157481, -0.749578, 0.164648
1.829397, 0.104757, -0.822406
1.737999, 0.082635, -0.758571
1.945836, 0.155557, -0.828757
1.842556, 0.173385, -0.783165
2.099798, 0.085620, -0.826036
2.014544, 0.139565, -0.781653
2.031801, 0.170853, -0.822252
2.062986, 0.192980, -0.783941
0.751441, -0.213435, -0.191767
0.608754, -0.214569, -0.176462
0.711179, -0.139509, -0.201348
0.596809, -0.161569, -0.152533
0.855210, -0.218381, -0.171078
0.654948, -0.183989, -0.148423
0.938311, -0.112742, -0.205688
0.740754, -0.140638, -0.163280
1.999326, -0.118031, -0.945827
1.967778, -0.108974, -0.930582
1.880341, -0.087249, -0.941652
1.954472, -0.080960, -0.930744
2.039011, -0.144474, -0.949799
2.113638, -0.146148, -0.905090
2.215797, -0.087624, -0.956108
2.036952, -0.072623, -0.928749
0.895884, -0.320737, -0.258957
0.876951, -0.321926, -0.242142
0.905167, -0.277230, -0.278678
0.698573, -0.266520, -0.227021
0.982001, -0.347831, -0.266297
0.927189, -0.353485, -0.223946
1.032350, -0.292288, -0.244960
0.884355, -0.301906, -0.223552
1.920987, -0.256519, -0.874843
1.907432, -0.223888, -0.821159
1.861020, -0.168803, -0.884691
1.890630, -0.194889, -0.845678
2.066434, -0.236292, -0.890096
2.058902, -0.236987, -0.846045
2.106998, -0.163459, -0.868624
1.996811, -0.162825, -0.840129
1.073825, -0.450787, -0.360111
1.001666, -0.469623, -0.306330
1.027830, -0.410442, -0.357964
0.893992, -0.386867, -0.291026
1.115900, -0.476703, -0.334991
1.047847, -0.483673, -0.278040
1.282926, -0.396805, -0.350916
1.101524, -0.411953, -0.320552
1.732056, -0.381165, -0.805189
1.823726, -0.369553, -0.751245
1.941864, -0.294304, -0.812270
1.774594, -0.303673, -0.743564
1.974556, -0.334967, -0.795280
2.070079, -0.389296, -0.776313
2.139410, -0.291737, -0.819248
1.928769, -0.304240, -0.749302
1.098568, -0.622217, -0.416896
1.016379, -0.624571, -0.373076
1.133845, -0.530877, -0.417978
1.177894, -0.515907, -0.386331
1.272154, -0.601874, -0.439925
1.122591, -0.606096, -0.365153
1.284091, -0.568228, -0.411406
1.226923, -0.557926, -0.384709
1.747460, -0.463971, -0.734293
1.647289, -0.484384, -0.669370
1.713908, -0.422156, -0.722094
1.593950, -0.437901, -0.699083
1.874175, -0.497113, -0.723005
1.770470, -0.514840, -0.683983
1.863068, -0.444484, -0.723614
1.844932, -0.436785, -0.702250
1.608128, -0.620697, -0.669503
1.493745, -0.668011, -0.636353
1.630679, -0.584115, -0.652689
1.551360, -0.617296, -0.618228
1.720134, -0.617729, -0.667755
1.724441, -0.632011, -0.663753
1.753809, -0.551401, -0.653040
1.678460, -0.604843, -0.621174
1.312611, -0.723376, -0.554003
1.197742, -0.717841, -0.496942
1.339304, -0.668050, -0.501274
1.227805, -0.687672, -0.474397
1.412578, -0.678136, -0.518390
1.409857, -0.692487, -0.509155
1.371339, -0.666892, -0.506128
1.305206, -0.680081, -0.469372
1.405857, -0.767495, -0.666071
1.453213, -0.805564, -0.679235
1.400697, -0.713455, -0.631574
1.339192, -0.731781, -0.603228
1.721963, -0.783402, -0.714406
1.631325, -0.802800, -0.701799
1.611524, -0.743986, -0.656268
1.553860, -0.713528, -0.582114
0.699128, -0.314705, -0.351498
0.507351, -0.355342, -0.302468
0.687469, -0.278169, -0.335237
0.726186, -0.260024, -0.307713
0.851524, -0.310743, -0.347346
0.897314, -0.324878, -0.309840
0.938887, -0.270205, -0.351930
0.921763, -0.257198, -0.330112
1.144572, -0.538474, -0.625301
1.239556, -0.509596, -0.606834
1.196394, -0.437947, -0.612002
1.238889, -0.476942, -0.611281
1.378351, -0.494598, -0.662181
1.444041, -0.547452, -0.622921
1.457022, -0.430574, -0.656553
1.348013, -0.459166, -0.600479
1.049888, -0.594928, -0.512787
0.898362, -0.599435, -0.460073
0.867814, -0.524485, -0.462119
0.835959, -0.545925, -0.436780
1.108454, -0.577596, -0.496485
1.077493, -0.584715, -0.484735
1.226900, -0.484811, -0.486774
1.026489, -0.497066, -0.450190
1.147955, -0.662886, -0.592791
1.021004, -0.677312, -0.571744
1.105139, -0.622636, -0.580056
0.936409, -0.598378, -0.513741
1.254754, -0.689173, -0.632831
1.237430, -0.677481, -0.581168
1.235279, -0.607521, -0.573198
1.209251, -0.583680, -0.562308
2.960981, -0.829758, -0.344367
2.922112, -0.823216, -0.376235
2.893214, -0.760912, -0.280618
2.869273, -0.779163, -0.297627
2.950611, -0.809962, -0.297959
2.767097, -0.812270, -0.227871
2.874506, -0.730206, -0.253061
2.653150, -0.754937, -0.209670
0.836733, 0.113222, -0.494978
0.790458, 0.071585, -0.457533
0.816916, 0.167231, -0.483709
0.538131, 0.173905, -0.364611
0.954001, 0.077160, -0.546681
0.870218, 0.102346, -0.501818
1.045103, 0.170641, -0.580172
0.924934, 0.142732, -0.516026
-0.254323, -0.314314, -0.371126
-0.226782, -0.323242, -0.349496
-0.187720, -0.234545, -0.343168
-0.209627, -0.228003, -0.341208
0.421403, -0.308557, -0.317045
0.163566, -0.320482, -0.258070
0.320003, -0.285863, -0.290018
0.587888, -0.271731, -0.335082
0.334051, -0.407948, -0.377631
0.246927, -0.440695, -0.359817
0.428452, -0.372961, -0.394552
0.416215, -0.363657, -0.372403
0.913310, -0.381385, -0.553565
0.986603, -0.405504, -0.557791
0.882118, -0.378473, -0.532161
1.001402, -0.381893, -0.547062
-0.035660, -0.418372, -0.322752
0.154995, -0.448037, -0.293097
0.363608, -0.368751, -0.332925
0.196011, -0.383492, -0.293613
0.738108, -0.421194, -0.426213
0.485913, -0.429343, -0.354892
0.711606, -0.344275, -0.415730
0.396423, -0.368438, -0.325155
0.232880, -0.541049, -0.359129
0.409174, -0.585658, -0.379036
0.476620, -0.477259, -0.398800
0.413468, -0.475549, -0.371858
0.912766, -0.573594, -0.526917
0.711726, -0.595821, -0.451120
0.619550, -0.496173, -0.429739
0.642586, -0.489106, -0.427163
2.232392, 0.782766, -0.670794
2.234808, 0.823109, -0.686223
2.284053, 0.886784, -0.779800
2.136609, 0.873971, -0.743118
2.324233, 0.834954, -0.666253
2.294350, 0.819874, -0.642444
2.505998, 0.917814, -0.722540
2.319261, 0.846479, -0.629654
-0.381231, 0.095170, -0.729602
-0.544380, 0.055606, -0.749852
-0.379761, 0.062802, -0.586004
-0.382964, 0.186713, -0.742017
0.487409, -0.150184, -0.552487
-0.369289, -0.036956, -0.534041
0.363227, -0.112649, -0.484342
-0.376696, -0.008088, -0.542250
2.402024, 0.826354, -0.792483
2.446760, 0.832631, -0.744363
2.443847, 0.864136, -0.829735
2.375460, 0.898390, -0.852696
2.511747, 0.784606, -0.718083
2.590976, 0.849045, -0.672702
2.630670, 0.920014, -0.789942
2.607358, 0.918051, -0.763714
-0.135368, -0.056629, -0.474384
-0.438085, 0.060388, -0.718235
-0.196292, 0.020256, -0.491070
-0.389658, 0.053304, -0.622490
0.119529, -0.082372, -0.447433
0.632914, -0.115990, -0.669018
0.297422, -0.079998, -0.468007
0.575546, -0.065906, -0.608160
2.183369, 0.674494, -0.639081
2.150263, 0.676042, -0.599572
2.272886, 0.706226, -0.670340
2.149998, 0.708013, -0.641160
2.368612, 0.642706, -0.554789
2.308097, 0.679506, -0.541124
2.436967, 0.757387, -0.598750
2.335705, 0.747667, -0.612910
-0.490969, -0.141844, -0.644191
-0.483877, -0.097677, -0.703604
-0.516407, -0.012148, -0.767990
-0.444278, -0.101739, -0.654539
0.686138, -0.235905, -0.735589
-0.259877, -0.182639, -0.527769
0.329234, -0.213231, -0.501332
-0.309583, -0.151381, -0.536607
0.019853, 0.419807, -1.018135
0.416013, 0.390106, -0.984807
0.364757, 0.460556, -0.993499
0.618765, 0.357367, -0.914249
-0.349145, 0.266176, -0.593535
-0.265963, 0.355334, -0.686365
-0.246166, 0.445873, -0.634897
-0.122880, 0.356041, -0.513200
1.598833, 0.837869, -0.571400
1.573776, 0.846000, -0.549901
1.742241, 0.865337, -0.657145
1.677241, 0.872744, -0.614076
1.946252, 0.830693, -0.642279
1.756297, 0.824905, -0.588771
1.891239, 0.861616, -0.678561
1.985701, 0.891787, -0.721631
0.427802, 0.089508, -0.970528
0.532987, 0.093155, -0.779992
0.407857, 0.173261, -0.832956
-0.297565, 0.091645, -0.992807
0.124638, 0.040304, -0.558819
-0.168802, 0.163203, -0.796755
-0.278203, 0.189471, -0.814965
0.475207, 0.102595, -0.681351
2.189783, 0.822436, -0.860322
2.133800, 0.830362, -0.840014
2.060193, 0.904647, -0.922892
2.186573, 0.863220, -0.857558
2.422234, 0.799907, -0.841059
2.403533, 0.814198, -0.816510
2.345610, 0.870873, -0.888601
2.227710, 0.856947, -0.869930
0.350471, 0.091156, -0.953179
-0.512565, 0.022692, -0.978717
-0.585640, 0.103134, -0.949776
-0.852997, 0.139658, -0.934978
-0.022405, 0.069934, -1.039394
0.610739, 0.104246, -0.966408
0.623437, 0.104268, -0.798375
0.477651, 0.084591, -0.659601
1.801812, 0.705213, -0.591973
1.741769, 0.661563, -0.528769
1.680979, 0.727738, -0.578455
1.739758, 0.764676, -0.596824
1.881945, 0.680428, -0.580535
1.906294, 0.651978, -0.532735
2.046723, 0.714997, -0.611296
1.929586, 0.736609, -0.585165
-0.295590, -0.101908, -0.998095
0.003300, -0.034837, -0.780843
0.556501, 0.007531, -0.872845
0.113906, 0.017484, -1.017444
0.099736, -0.054771, -0.557512
-0.137738, -0.045086, -0.706555
-0.183735, 0.019930, -0.727552
0.043804, -0.040583, -0.552964
2.077539, 0.628844, -0.704385
1.909146, 0.624407, -0.666254
2.077156, 0.678960, -0.709562
2.001224, 0.688957, -0.695285
2.138639, 0.611806, -0.681063
2.110305, 0.616670, -0.669681
2.189215, 0.702479, -0.722489
2.085693, 0.701957, -0.710498
0.444761, -0.059044, -0.960230
-0.632211, -0.072162, -0.963123
-0.558584, -0.063065, -0.970081
-0.356260, -0.006321, -1.001726
0.208872, -0.098031, -0.557616
0.325220, -0.094842, -0.622767
-0.270646, -0.001726, -0.655194
-0.102256, -0.028466, -0.560645
1.771114, 0.526294, -0.566206
1.797943, 0.560176, -0.561512
1.915506, 0.574464, -0.594608
1.810449, 0.592439, -0.564866
1.932183, 0.503463, -0.578536
1.969632, 0.547341, -0.555836
2.077492, 0.619694, -0.615679
1.932737, 0.604780, -0.578175
-0.345684, -0.286724, -0.995769
-0.153382, -0.208027, -0.998910
0.081815, -0.145250, -1.024433
0.526184, -0.184438, -0.768470
-0.209943, -0.224518, -0.751287
0.461079, -0.205111, -0.677727
-0.173608, -0.179061, -0.613324
-0.108621, -0.132251, -0.664075
-0.243807, 0.298913, 0.059317
-0.778786, 0.423161, -0.096090
-0.159588, 0.336839, 0.116662
-0.508377, 0.374404, -0.092287
0.167510, 0.446330, -0.660126
-0.774417, 0.426296, -0.037836
0.369506, 0.476690, -0.754227
-0.800829, 0.486926, -0.039853
-0.328258, 0.107086, 0.057144
-0.408866, 0.097910, 0.020325
-0.796965, 0.305268, -0.087394
-0.604124, 0.271428, -0.105072
0.272343, 0.343120, -0.705231
0.147975, 0.340814, -0.696359
-0.799648, 0.445800, 0.063662
-0.777572, 0.496297, 0.059316
-0.113909, 0.086182, 0.144161
-0.275328, 0.129787, 0.099488
-0.251888, 0.166014, 0.098593
-0.606777, 0.243737, -0.069199
0.380943, 0.360807, -0.816796
-0.723760, 0.289655, -0.055038
0.359687, 0.412947, -0.893420
0.390444, 0.435384, -0.896205
1.202419, 0.876505, -0.450716
1.067957, 0.852033, -0.379683
1.331235, 0.894929, -0.519797
1.385716, 0.935837, -0.642280
1.321932, 0.825109, -0.433128
1.173056, 0.839287, -0.375122
1.673231, 0.936044, -0.758409
1.534554, 0.929424, -0.684763
-0.709501, -0.093404, -0.164965
-0.880041, -0.095350, -0.269297
-0.613369, -0.020477, -0.133263
-0.820096, -0.011827, -0.245392
-0.761104, 0.053986, 0.048668
-0.915160, -0.030649, -0.179748
0.237170, 0.116804, -0.676042
-0.883967, 0.089536, -0.086607
1.306885, 0.678212, -0.445451
1.107983, 0.726063, -0.387968
1.210672, 0.747680, -0.438821
1.164547, 0.761495, -0.398851
1.370215, 0.682923, -0.436023
1.295627, 0.683049, -0.398067
1.492372, 0.729963, -0.496548
1.286358, 0.771429, -0.412014
-0.700509, -0.280736, -0.143356
-0.877982, -0.241291, -0.235712
-0.500557, -0.187392, -0.096997
-0.562023, -0.175169, -0.120714
-0.939761, -0.013535, 0.047079
-0.859870, -0.071343, -0.842928
0.244337, -0.020594, -0.707871
-0.971154, 0.061950, 0.031365
1.345017, 0.554848, -0.483184
1.329633, 0.578918, -0.440320
1.329983, 0.591545, -0.490074
1.316463, 0.630110, -0.428776
1.508153, 0.573599, -0.482184
1.421915, 0.561670, -0.420364
1.632364, 0.643852, -0.544336
1.398929, 0.621604, -0.463149
-0.669602, -0.383572, -0.120750
-0.414028, -0.471205, -0.006514
-0.513580, -0.391522, -0.068296
-0.745436, -0.343435, -0.148062
0.260810, -0.222272, -0.855225
-0.935340, -0.231484, -0.789019
-0.921114, -0.273444, -0.065068
-1.014424, -0.059371, -0.335867
1.444729, 0.789985, -0.901705
1.389600, 0.839039, -0.866499
1.503065, 0.913635, -0.953107
1.456376, 0.921422, -0.938095
1.652997, 0.743489, -0.898117
1.643551, 0.799674, -0.895625
1.635901, 0.910111, -0.973948
1.617103, 0.840416, -0.911655
3.074640, -0.164020, -0.174452
3.054442, -0.133293, -0.195340
3.192611, -0.070865, -0.294951
3.019404, -0.045210, -0.198631
3.078551, -0.127196, -0.150911
2.797712, -0.166478, -0.145780
3.134011, -0.067661, -0.173024
2.744381, -0.077332, -0.146705
0.784006, 0.772250, -0.321305
0.692793, 0.753242, -0.287578
0.808359, 0.834095, -0.371045
0.861382, 0.814633, -0.345187
0.949734, 0.720043, -0.338076
0.951909, 0.773765, -0.331302
0.936982, 0.774992, -0.345457
0.906289, 0.798544, -0.319005
0.407644, -0.322010, 0.144483
0.159276, -0.316360, 0.158432
0.945543, -0.274102, 0.081907
0.103744, -0.294375, 0.147538
-0.075021, -0.283347, 0.131510
-0.060654, -0.311361, 0.136907
0.150543, -0.241851, 0.162806
-0.312924, -0.201031, -0.020160
0.980139, 0.556239, -0.385468
0.864068, 0.574889, -0.325536
0.873469, 0.657150, -0.374335
0.884432, 0.680419, -0.370490
1.030404, 0.590913, -0.405234
1.028152, 0.582182, -0.347666
1.050727, 0.634256, -0.389796
1.050900, 0.669340, -0.362491
0.677696, -0.498039, 0.106527
1.113183, -0.506412, 0.031434
0.749833, -0.401855, 0.094340
0.413279, -0.451035, 0.154043
0.226258, -0.531067, 0.168091
-0.162890, -0.450077, 0.110011
0.085509, -0.430307, 0.164519
0.082465, -0.429338, 0.161159
0.955965, 0.388383, -0.437377
0.900075, 0.434526, -0.395946
0.997463, 0.505766, -0.446965
1.040181, 0.474969, -0.424561
1.117432, 0.430397, -0.439085
1.137215, 0.433227, -0.423028
1.227811, 0.483668, -0.483378
1.087828, 0.480443, -0.408102
1.102893, -0.647517, 0.039671
1.545097, -0.663305, -0.085869
1.594910, -0.553072, -0.091930
1.317685, -0.583934, -0.005987
-0.287209, -0.606252, 0.055347
0.589161, -0.662388, 0.138979
-0.222345, -0.474586, 0.102241
-0.202471, -0.525973, 0.103281
2.430922, 0.580312, -0.253428
2.106058, 0.596633, -0.203563
2.463752, 0.661576, -0.254819
2.311483, 0.684144, -0.251066
2.126087, 0.639093, -0.189847
1.770529, 0.621306, -0.125889
2.019819, 0.667775, -0.173791
1.973782, 0.685646, -0.174642
2.319185, 0.418075, -0.249410
2.117485, 0.433475, -0.218486
2.335784, 0.503931, -0.251090
1.831643, 0.568232, -0.162888
1.946218, 0.457462, -0.167682
1.501605, 0.486161, -0.044774
1.560520, 0.544899, -0.049705
1.572947, 0.580536, -0.064585
1.993433, 0.316842, -0.201569
1.834001, 0.355300, -0.190001
1.887488, 0.403334, -0.192108
1.708127, 0.439868, -0.139975
1.467904, 0.358859, -0.046389
1.406238, 0.365393, -0.046477
1.490384, 0.406305, -0.046302
1.166334, 0.386721, 0.008051
1.747776, 0.155966, -0.174957
1.315890, 0.139583, -0.052188
1.446752, 0.258115, -0.066821
1.454114, 0.226499, -0.080393
1.414172, 0.146597, -0.057217
1.151008, 0.142293, 0.003653
1.305298, 0.223571, -0.032761
1.300493, 0.244093, -0.041221
1.150954, 0.743641, -0.843741
1.111452, 0.740635, -0.800474
1.229906, 0.906194, -0.931888
1.176265, 0.838846, -0.861085
1.275041, 0.810854, -0.905560
1.325147, 0.747872, -0.882585
1.382196, 0.853024, -0.935670
1.375419, 0.915723, -0.943874
3.210701, -0.088242, -0.660277
3.208230, -0.094670, -0.546544
3.231004, -0.085897, -0.646209
3.218743, -0.054777, -0.627072
3.280839, -0.114533, -0.620204
3.242424, -0.104166, -0.555340
3.279361, -0.035569, -0.541492
3.253608, -0.084559, -0.474418
1.103213, 0.652774, -0.735744
1.045823, 0.644874, -0.682552
1.136651, 0.725801, -0.780615
1.108769, 0.708443, -0.725670
1.326596, 0.649788, -0.821875
1.346540, 0.669683, -0.796518
1.363423, 0.717250, -0.870043
1.243722, 0.720867, -0.790914
3.180211, -0.265663, -0.515831
3.140432, -0.242128, -0.476741
3.215482, -0.189785, -0.491830
3.162633, -0.155132, -0.419076
3.222196, -0.266649, -0.402767
3.166039, -0.261054, -0.385573
3.170877, -0.187054, -0.330852
3.101497, -0.195881, -0.279742
0.101026, 0.584482, -0.165899
-0.443709, 0.602772, -0.376481
0.109361, 0.629270, -0.175664
-0.509061, 0.683122, -0.407485
0.273250, 0.572640, -0.188892
0.293386, 0.606766, -0.172311
0.424429, 0.627145, -0.236153
0.361288, 0.658612, -0.202234
1.685369, -0.483826, -0.167724
1.526157, -0.480325, -0.122076
1.519979, -0.415643, -0.099406
1.333575, -0.403501, -0.049552
1.165519, -0.501266, 0.016678
1.160992, -0.524389, 0.003360
1.181529, -0.397231, 0.007640
1.235016, -0.470178, -0.017773
0.025286, 0.365606, -0.168923
0.138906, 0.349398, -0.170918
0.051993, 0.429840, -0.166982
0.017760, 0.483810, -0.163973
0.457982, 0.370762, -0.255688
0.457106, 0.418806, -0.251519
0.657981, 0.451739, -0.319066
0.631276, 0.461461, -0.288710
1.796063, -0.619395, -0.168231
1.645704, -0.650608, -0.153008
1.827027, -0.541958, -0.185933
1.800124, -0.536988, -0.198079
1.420756, -0.705701, -0.058558
1.297952, -0.695521, -0.039770
1.743496, -0.547279, -0.147887
1.150285, -0.580222, 0.013201
0.120050, 0.203319, -0.198275
-0.150765, 0.211704, -0.256413
0.077314, 0.303300, -0.193360
0.109192, 0.275154, -0.185433
0.864770, 0.245893, -0.417943
0.651051, 0.237838, -0.331340
0.647882, 0.279629, -0.336881
0.361787, 0.267464, -0.247009
2.170460, -0.713167, -0.235313
1.933974, -0.742413, -0.222330
2.201110, -0.655387, -0.226251
1.868904, -0.694195, -0.191620
1.750007, -0.800105, -0.143998
1.866181, -0.770343, -0.196050
1.681319, -0.703359, -0.123137
1.659441, -0.723588, -0.128021
2.673454, 0.687311, -0.390916
2.564137, 0.729445, -0.374949
2.692754, 0.770774, -0.434238
2.658723, 0.765563, -0.405188
2.710500, 0.740817, -0.392562
2.574140, 0.745030, -0.360631
2.638256, 0.774520, -0.325959
2.684882, 0.811234, -0.385738
2.430664, 0.585017, -0.350386
2.287451, 0.581055, -0.323558
2.421223, 0.643726, -0.352544
2.290807, 0.643674, -0.326101
2.394524, 0.582517, -0.315223
2.223912, 0.646586, -0.273169
2.424695, 0.688351, -0.310638
2.264574, 0.659101, -0.295782
0.572216, -0.255591, -0.686431
0.684460, -0.225463, -0.802885
0.695551, -0.156673, -0.822224
0.757052, -0.090584, -0.953569
0.476911, -0.249014, -0.615901
0.699657, -0.217984, -0.895136
0.660026, -0.146624, -0.767879
0.698715, -0.150853, -0.956475
2.750377, 0.692491, -0.573044
2.625615, 0.657492, -0.573940
2.766961, 0.754352, -0.631597
2.716417, 0.776195, -0.614272
2.776000, 0.663367, -0.532745
2.744541, 0.727313, -0.515220
2.844085, 0.733796, -0.525651
2.759080, 0.728145, -0.547948
2.811765, 0.554554, -0.424528
2.671872, 0.559950, -0.389154
2.848421, 0.659317, -0.486887
2.710343, 0.643744, -0.431203
2.737028, 0.599506, -0.317932
2.693303, 0.568799, -0.335210
2.769886, 0.643290, -0.357254
2.628955, 0.683502, -0.316499
2.198284, 0.461184, -0.305382
2.056510, 0.459541, -0.298132
2.225172, 0.545279, -0.304703
2.137051, 0.568270, -0.313962
2.097383, 0.454061, -0.261337
1.927021, 0.507256, -0.209941
2.148531, 0.566650, -0.265742
1.934814, 0.555265, -0.236711
-0.032429, -0.308156, -0.559932
0.074732, -0.339963, -0.521062
0.141069, -0.267540, -0.558491
-0.025411, -0.244438, -0.496837
-0.133227, -0.256401, -0.588865
0.190817, -0.349545, -0.540636
-0.138421, -0.197713, -0.578903
0.351139, -0.270609, -0.557509
2.757016, 0.519775, -0.617585
2.737476, 0.529988, -0.614689
2.797210, 0.590275, -0.644824
2.704760, 0.628358, -0.607819
2.861237, 0.552560, -0.537433
2.814802, 0.562616, -0.513809
2.922582, 0.654189, -0.548302
2.834920, 0.630673, -0.539301
2.915560, 0.446102, -0.450042
2.846421, 0.443176, -0.405983
2.926359, 0.462739, -0.452448
2.829904, 0.475603, -0.453428
2.895979, 0.428661, -0.332568
2.811792, 0.419346, -0.376256
2.908907, 0.483229, -0.350415
2.819843, 0.486130, -0.330117
1.935464, 0.290503, -0.250978
1.774196, 0.350750, -0.236845
1.928698, 0.386490, -0.259300
1.721536, 0.410504, -0.219101
1.823100, 0.357370, -0.218284
1.574606, 0.295179, -0.135903
1.841973, 0.361738, -0.225323
1.766826, 0.384411, -0.214269
0.680989, -0.706772, -0.812656
0.278111, -0.706102, -0.557771
0.681725, -0.611235, -0.783491
0.719562, -0.621035, -0.866472
-0.765619, -0.673358, 0.095787
0.651095, -0.678652, -0.943578
0.645040, -0.583227, -0.958171
-0.599102, -0.821985, -1.011001
1.730490, 0.276422, -0.284671
1.456655, 0.347840, -0.229906
1.618870, 0.379843, -0.281241
1.534431, 0.387105, -0.255052
1.689052, 0.300023, -0.243329
1.506048, 0.327619, -0.213493
1.653498, 0.438165, -0.232230
1.579534, 0.418026, -0.219606
1.699635, 0.132924, -0.215767
1.521516, 0.147251, -0.166384
1.520104, 0.270874, -0.156049
1.544693, 0.239629, -0.178522
1.498145, 0.126739, -0.121484
1.248076, 0.169999, -0.067621
1.597167, 0.283705, -0.150698
1.462677, 0.279936, -0.118508
-0.355178, -0.565329, -0.968112
-0.872877, -0.590944, -0.848999
-0.284414, -0.462711, -0.957635
-0.926636, -0.525213, -0.835393
-0.824410, -0.558300, -0.812785
-0.751687, -0.619772, -0.886086
-0.881169, -0.368705, 0.052910
-0.745775, -0.558001, -0.884539
2.931974, 0.272927, -0.800359
2.922076, 0.298020, -0.699419
2.906936, 0.322105, -0.755657
2.941895, 0.342431, -0.736583
2.984563, 0.293134, -0.750509
3.015190, 0.251837, -0.640131
3.000659, 0.374003, -0.783915
2.986906, 0.345530, -0.643838
3.086308, 0.177802, -0.629841
3.067658, 0.137782, -0.542296
3.073448, 0.241487, -0.671159
3.034711, 0.224106, -0.622772
3.158579, 0.137967, -0.577610
3.097959, 0.130494, -0.565064
3.148825, 0.190695, -0.554156
3.101970, 0.190595, -0.589945
-0.750295, -0.858421, -0.691276
-0.622667, -0.847523, -0.714167
-0.666240, -0.767941, -0.773128
0.078742, -0.756429, -0.516863
0.706553, -0.870986, -0.969903
0.698471, -0.883229, -0.982128
0.685694, -0.801028, -0.965938
0.729347, -0.831942, -0.964395
1.355137, 0.145904, -0.176201
1.299450, 0.145740, -0.154591
1.352883, 0.203605, -0.198856
1.296363, 0.193080, -0.173260
1.367591, 0.151454, -0.172710
1.110574, 0.166067, -0.083437
1.321030, 0.224940, -0.144333
1.313467, 0.203469, -0.132645
1.391373, -0.055221, -0.145323
1.107495, -0.013194, -0.061013
1.386530, 0.031856, -0.137533
1.177325, 0.036761, -0.088901
1.157768, -0.057029, -0.056033
0.725045, 0.011837, 0.061874
1.139187, 0.075418, -0.042064
0.789941, 0.031617, 0.048313
0.135762, -0.841073, 0.201535
-0.635170, -0.722746, 0.065543
-0.395281, -0.751171, 0.123824
-0.835158, -0.617957, -0.811648
-0.305721, -0.855422, 0.137920
-0.504785, -0.816903, 0.103890
-0.049085, -0.785485, 0.195804
-0.488020, -0.778428, 0.098186
2.957587, 0.141635, -0.885502
2.999568, 0.126233, -0.846752
2.981397, 0.234883, -0.864593
2.922172, 0.215037, -0.854753
3.068040, 0.155685, -0.837901
3.035755, 0.122144, -0.803482
3.074829, 0.200993, -0.838242
3.016235, 0.249822, -0.823821
0.419824, -0.957662, -0.913175
-0.383539, -0.883225, -0.682458
-0.742452, -0.901835, -0.701230
-0.452179, -0.817944, -0.721355
0.313623, -0.921494, -0.636917
-0.427819, -0.897064, -0.729458
0.204683, -0.908003, -0.587944
-0.554586, -0.858825, -0.594647
1.099524, -0.041690, -0.100699
0.784368, -0.023261, -0.027721
1.073638, 0.065578, -0.112715
0.774918, 0.059916, -0.025803
1.003237, -0.066208, -0.058857
0.761448, -0.058706, -0.000973
0.900606, 0.023312, -0.033989
0.648085, 0.059775, 0.030695
1.114701, -0.377164, -0.122874
0.858466, -0.407081, -0.051250
1.132451, -0.310328, -0.108729
0.792708, -0.336473, -0.043738
0.972752, -0.387289, -0.049410
0.842056, -0.380178, -0.028135
1.095140, -0.254592, -0.081585
0.722409, -0.321229, -0.009311
-0.930906, 0.859199, -0.609817
0.602212, 0.719193, -0.469749
-0.891766, 0.906301, -0.553199
-0.770730, 0.894449, -0.535100
-0.948700, 0.870199, -0.558612
-0.903938, 0.836510, -0.322289
-0.925896, 0.930439, -0.444636
-0.917527, 0.886483, -0.303169
1.224535, -0.356870, -0.088886
1.073309, -0.356746, -0.052483
1.279050, -0.280811, -0.102756
1.050980, -0.264875, -0.040531
1.176203, -0.397952, -0.048393
0.999866, -0.352624, -0.003604
1.198449, -0.274109, -0.052953
0.846963, -0.279679, 0.028243
1.020413, 0.606293, -0.768688
0.993521, 0.606024, -0.738428
1.053937, 0.664157, -0.932333
0.986140, 0.665663, -1.007737
1.081932, 0.568909, -0.781994
0.993056, 0.559564, -0.692452
1.122135, 0.716663, -0.835800
0.998082, 0.669135, -0.739726
3.102166, -0.256326, -0.827809
3.085112, -0.256004, -0.780093
3.122057, -0.162884, -0.854803
3.102868, -0.140198, -0.721888
3.158185, -0.236305, -0.778586
3.161214, -0.258192, -0.739665
3.193016, -0.148744, -0.744333
3.158127, -0.203268, -0.731704
1.344150, -0.501606, -0.209239
1.253057, -0.520529, -0.155063
1.302405, -0.417125, -0.166797
1.163289, -0.428127, -0.140338
1.207614, -0.542400, -0.111891
1.169558, -0.519491, -0.114750
1.399842, -0.437530, -0.165701
1.266285, -0.417923, -0.131234
0.974269, 0.432925, -0.970914
0.975809, 0.429549, -0.921915
0.947940, 0.438638, -0.989187
0.982982, 0.509720, -0.958693
0.862176, 0.410089, -0.592506
0.791602, 0.446158, -0.529009
0.850401, 0.530463, -0.571887
0.743662, 0.528922, -0.514509
3.060607, -0.379750, -0.631555
3.026682, -0.393908, -0.555828
3.061643, -0.276659, -0.684166
3.028757, -0.310741, -0.639603
3.125710, -0.361099, -0.574505
3.110276, -0.363191, -0.552268
3.156121, -0.275076, -0.607545
3.082450, -0.312958, -0.503264
0.778214, 0.367941, -0.619500
-0.588208, 0.464701, -0.517507
-0.747948, 0.583553, -0.553955
-0.854696, 0.646825, -0.534070
-0.818717, 0.549891, -0.541897
-0.821855, 0.555363, -0.509380
-0.718368, 0.567823, -0.476465
-0.839807, 0.617355, -0.517525
1.797088, -0.662305, -0.273186
1.666685, -0.649497, -0.228932
1.824739, -0.551079, -0.256823
1.724927, -0.604355, -0.247297
1.830332, -0.651830, -0.252565
1.584344, -0.665574, -0.190994
1.736013, -0.556392, -0.220909
1.671931, -0.591491, -0.198770
2.690204, -0.689605, -0.192281
2.466416, -0.704475, -0.189742
2.616967, -0.653695, -0.199426
2.530797, -0.689456, -0.196935
2.212023, -0.730064, -0.151812
0.948336, -0.759288, 0.071894
1.217198, -0.719186, 0.037541
1.683076, -0.736908, -0.080350
1.340460, 0.232224, -0.669551
1.343162, 0.211055, -0.626925
1.394695, 0.289483, -0.673297
1.318278, 0.306554, -0.632913
1.596899, 0.255717, -0.673590
1.527038, 0.274205, -0.639537
1.443199, 0.303136, -0.657359
1.560474, 0.274499, -0.650365
2.881859, -0.472844, -0.744407
2.841594, -0.485411, -0.701655
2.872846, -0.397325, -0.800217
2.886135, -0.424054, -0.724057
2.997630, -0.450519, -0.757097
2.933148, -0.454197, -0.638850
2.979276, -0.407496, -0.707869
2.990879, -0.449130, -0.675328
1.888646, -0.729920, -0.401057
1.788708, -0.785636, -0.391768
1.929218, -0.644865, -0.385527
1.796671, -0.672126, -0.379297
1.922515, -0.747623, -0.358878
1.719448, -0.754191, -0.310352
1.846748, -0.697230, -0.324441
1.702352, -0.718307, -0.291817
0.181439, 0.161693, -0.332082
-0.587519, 0.327635, -0.525468
0.850394, 0.286494, -0.704479
0.751112, 0.259252, -0.605548
-0.561787, 0.285118, -0.465175
-0.717885, 0.314070, -0.514118
-0.624033, 0.393863, -0.486818
-0.708705, 0.402576, -0.521036
2.118269, -0.743836, -0.359744
2.041378, -0.729604, -0.327469
2.164153, -0.651152, -0.321326
2.071992, -0.718507, -0.315624
1.962579, -0.773295, -0.264316
1.980636, -0.767035, -0.296410
1.996900, -0.725232, -0.269023
1.805798, -0.696143, -0.222773
2.243555, -0.819143, -0.531719
2.117195, -0.838007, -0.541458
2.178308, -0.784503, -0.483057
2.027511, -0.768700, -0.468857
2.314241, -0.817435, -0.461540
2.199651, -0.852202, -0.465106
2.162944, -0.789298, -0.433868
2.060407, -0.786166, -0.414545
-0.331293, 0.084670, -0.382291
0.768244, 0.091700, -0.652123
0.787202, 0.156887, -0.652403
-0.587286, 0.268127, -0.519923
-0.248497, 0.126651, -0.312773
-0.533646, 0.146281, -0.460655
-0.462210, 0.186338, -0.454952
-0.292711, 0.190620, -0.324813
2.539356, -0.825246, -0.399352
2.447882, -0.846096, -0.446016
2.427660, -0.761344, -0.361129
2.379106, -0.788533, -0.389244
2.495579, -0.840729, -0.349389
2.381768, -0.853065, -0.378705
2.328625, -0.790126, -0.296448
2.362880, -0.787335, -0.349371
-0.259132, -0.264662, -0.606302
-0.311947, -0.297112, -0.633209
-0.262820, -0.239349, -0.585472
-0.480872, -0.254357, -0.675826
-0.301076, -0.335602, -0.572272
-0.340672, -0.355088, -0.582322
0.265998, -0.295043, -0.524121
0.504616, -0.264145, -0.611789
2.449458, 0.548719, -0.671945
2.389129, 0.498792, -0.625877
2.473795, 0.594432, -0.665041
2.349054, 0.578258, -0.685637
2.566340, 0.554396, -0.650524
2.529096, 0.521389, -0.599841
2.631761, 0.587057, -0.608166
2.534735, 0.579286, -0.606509
-0.212116, -0.394647, -0.622368
-0.075848, -0.431441, -0.551802
-0.147885, -0.273581, -0.626714
-0.098114, -0.318022, -0.600281
0.107197, -0.457790, -0.601394
0.052984, -0.451766, -0.543415
-0.152131, -0.336592, -0.561773
0.147040, -0.353236, -0.576697
2.627612, 0.407453, -0.698776
2.482180, 0.405640, -0.689789
2.571837, 0.427160, -0.706096
2.500009, 0.448934, -0.678268
2.688040, 0.388096, -0.640629
2.606560, 0.430249, -0.619016
2.642634, 0.433438, -0.680385
2.682950, 0.463821, -0.607467
-0.245898, -0.805968, -0.816552
-0.352933, -0.705988, -0.817624
-0.297116, -0.580071, -0.834159
-0.443860, -0.681243, -0.703479
-0.638324, -0.860205, -0.738382
-0.395371, -0.771312, -0.649146
-0.467635, -0.723085, -0.616131
-0.527885, -0.702042, -0.695338
1.587626, 0.119536, -0.344955
1.547680, 0.138853, -0.318683
1.566833, 0.202032, -0.333048
1.399988, 0.237799, -0.285951
1.675322, 0.185497, -0.309999
1.447189, 0.157277, -0.242462
1.591780, 0.223235, -0.288956
1.442963, 0.219773, -0.237079
-0.850941, -0.723066, -0.788951
-0.368290, -0.710183, -0.966058
-0.815966, -0.614030, -0.812283
-0.628592, -0.706085, -0.924638
-0.005584, -0.670399, -0.971627
-0.863973, -0.871367, -0.854593
-0.699689, -0.739980, -0.877373
-0.871452, -0.780561, -0.848721
2.694146, 0.151374, -0.847085
2.688498, 0.139744, -0.782942
2.638290, 0.186789, -0.839081
2.656136, 0.184435, -0.786603
2.811307, 0.128981, -0.832314
2.735615, 0.149271, -0.785963
2.772861, 0.196809, -0.808789
2.763947, 0.211716, -0.761083
0.213295, -0.901440, -0.910185
0.257380, -0.908935, -0.799289
0.418667, -0.910743, -0.839892
0.364713, -0.879199, -0.840950
-0.351263, -0.883916, -0.699064
0.351201, -0.937804, -0.916943
-0.426599, -0.822044, -0.709603
-0.113057, -0.914253, -0.891993
1.370130, -0.023851, -0.258521
1.099607, -0.051099, -0.168435
1.210479, 0.043595, -0.217801
1.195502, 0.084718, -0.195064
1.415782, -0.032313, -0.244465
1.196899, -0.020206, -0.176449
1.389524, 0.022872, -0.246711
1.206517, 0.089973, -0.176735
1.183797, -0.393002, -0.212316
1.007613, -0.375292, -0.131935
1.230171, -0.310883, -0.220331
1.127304, -0.319645, -0.177259
1.343144, -0.371487, -0.207740
1.174704, -0.342925, -0.149432
1.291346, -0.270762, -0.201261
1.132091, -0.293295, -0.151862
2.599920, -0.319345, -0.876181
2.554462, -0.369619, -0.821714
2.649391, -0.292303, -0.842851
2.656059, -0.280433, -0.805377
2.799587, -0.326500, -0.825020
2.711451, -0.350945, -0.795999
2.830095, -0.288092, -0.778216
2.819653, -0.266429, -0.748359
2.645186, -0.740531, -0.258469
2.507284, -0.713138, -0.256485
2.709096, -0.661345, -0.289174
2.571548, -0.639613, -0.263174
2.461555, -0.702185, -0.207304
2.258986, -0.732799, -0.195780
2.493536, -0.678051, -0.218914
2.250080, -0.700022, -0.185717
0.537026, 0.231066, -0.342678
0.660622, 0.224032, -0.382872
0.762217, 0.280506, -0.433125
0.238837, 0.260645, -0.250285
1.048297, 0.243263, -0.549460
0.827179, 0.196338, -0.451019
1.026427, 0.330780, -0.538344
0.907119, 0.269343, -0.474733
2.561170, -0.470247, -0.751918
2.639337, -0.469557, -0.729637
2.576865, -0.415427, -0.755102
2.521246, -0.398729, -0.736303
2.754303, -0.452057, -0.701466
2.660274, -0.475720, -0.674135
2.714161, -0.391453, -0.719545
2.710289, -0.432295, -0.664729
2.684193, -0.828061, -0.317598
2.552095, -0.856551, -0.306271
2.406432, -0.812895, -0.253768
2.321109, -0.821896, -0.256518
2.444611, -0.889771, -0.238496
2.202122, -0.902259, -0.234373
2.300486, -0.842402, -0.234190
2.088746, -0.815957, -0.224574
0.023670, 0.055514, -0.236585
0.039894, 0.101512, -0.213909
0.100624, 0.170198, -0.223158
-0.011903, 0.178013, -0.216344
0.760525, 0.089401, -0.408683
0.797840, 0.074606, -0.401787
0.793956, 0.134510, -0.424462
0.895788, 0.194689, -0.430328
2.429341, -0.586802, -0.724372
2.495239, -0.588945, -0.683261
2.522312, -0.525154, -0.694143
2.498927, -0.558871, -0.668703
2.626897, -0.594343, -0.700198
2.605109, -0.647819, -0.681467
2.680580, -0.533076, -0.638031
2.567520, -0.593535, -0.628789
2.656692, -0.967953, -0.351761
2.569679, -0.958837, -0.395862
2.407105, -0.905677, -0.290784
2.284183, -0.911410, -0.307077
2.665992, -0.956218, -0.307053
2.738879, -0.988704, -0.355000
2.379341, -0.920483, -0.292380
2.009517, -0.943963, -0.261708
0.195487, -0.076819, -0.247067
-0.156166, -0.014969, -0.265773
0.057738, 0.006282, -0.218213
0.241134, 0.035040, -0.229358
0.520537, -0.024364, -0.321786
0.617555, -0.081819, -0.339760
0.447207, 0.007486, -0.298760
0.460024, -0.002345, -0.294753
2.368110, -0.734499, -0.762188
2.429271, -0.753727, -0.714782
2.330953, -0.651893, -0.703292
2.371342, -0.667452, -0.656226
2.634915, -0.790552, -0.681415
2.498366, -0.734829, -0.685309
2.592870, -0.676685, -0.625649
2.569352, -0.725116, -0.625727
2.161434, -0.742163, -0.662069
2.126090, -0.771169, -0.616950
2.097289, -0.693976, -0.619267
2.045880, -0.757426, -0.617944
2.379106, -0.801369, -0.641988
2.265270, -0.802891, -0.565150
2.330026, -0.747947, -0.571714
2.213769, -0.738634, -0.537111
-0.550241, -0.440589, -0.972481
-0.588631, -0.506715, -0.961953
-0.571912, -0.374003, -0.979692
-0.377690, -0.334048, -0.982185
0.507285, -0.416683, -0.810981
-0.210627, -0.365707, -0.738214
0.309387, -0.254900, -1.008511
-0.279202, -0.250609, -0.766179
2.010990, 0.346518, -0.689999
2.132327, 0.402263, -0.666002
2.100026, 0.411156, -0.707288
2.007524, 0.447908, -0.660690
2.239703, 0.382892, -0.690384
2.154080, 0.397613, -0.665132
2.226047, 0.450561, -0.717151
2.185951, 0.433804, -0.673199
-0.722339, -0.483842, -0.851025
0.161467, -0.534300, -0.950204
-0.539468, -0.532920, -0.963413
0.093685, -0.457647, -0.963483
-0.640416, -0.685561, -0.950776
-0.670404, -0.704433, -0.954855
-0.735963, -0.587280, -0.930699
-0.823851, -0.601862, -0.937059
2.249858, 0.264596, -0.758837
2.236907, 0.252535, -0.722299
2.279130, 0.322488, -0.746860
2.064545, 0.297619, -0.724546
2.438827, 0.254612, -0.744186
2.369537, 0.245468, -0.719315
2.371572, 0.313486, -0.756718
2.386295, 0.289149, -0.716948
0.132721, -0.753537, 0.188609
0.391677, -0.768331, 0.179268
-0.140226, -0.638543, 0.157074
-0.077516, -0.640421, 0.171591
-0.773406, -0.535014, -0.816539
-0.187707, -0.524827, -0.959758
-0.748428, -0.422403, -0.844509
-0.981214, -0.418372, -0.128199
1.757636, 0.236467, -0.668927
1.615438, 0.243258, -0.650962
1.709754, 0.292400, -0.687232
1.648542, 0.321541, -0.635669
1.794416, 0.262674, -0.676936
1.803977, 0.213654, -0.651480
1.844640, 0.299980, -0.674101
1.795270, 0.304775, -0.636402
1.090709, -0.884008, 0.044739
0.379013, -0.844721, 0.173718
0.532414, -0.796551, 0.174008
-0.254973, -0.785812, 0.130986
-0.681505, -0.841501, -0.028098
-0.478614, -0.841966, 0.049038
-0.759172, -0.563511, 0.051225
-0.959645, -0.514920, -0.015008
1.764225, 0.077030, -0.728268
1.762316, 0.112198, -0.704233
1.804299, 0.145811, -0.740045
1.814050, 0.179331, -0.711477
1.919977, 0.078286, -0.754689
2.010386, 0.141367, -0.735820
2.021904, 0.187727, -0.744304
1.924211, 0.178696, -0.718384
1.813708, -0.113532, -0.882936
1.981951, -0.100491, -0.835428
1.884280, -0.073994, -0.888646
1.799630, -0.062611, -0.847798
2.084170, -0.114570, -0.879345
2.069679, -0.114845, -0.840342
2.056734, -0.039538, -0.880236
2.017668, -0.079698, -0.853963
1.126125, -0.347130, -0.341707
1.065120, -0.338086, -0.312996
1.114026, -0.232469, -0.341617
1.014830, -0.250514, -0.294500
1.259434, -0.343274, -0.337583
1.142691, -0.328948, -0.288883
1.175380, -0.235340, -0.335429
1.071061, -0.244463, -0.305037
1.886288, -0.230869, -0.813991
1.757053, -0.225041, -0.773712
1.811516, -0.187923, -0.790273
1.714128, -0.217575, -0.755357
2.096076, -0.234339, -0.811878
2.013906, -0.262891, -0.771221
2.128980, -0.159366, -0.820458
2.026310, -0.168505, -0.757064
1.744444, -0.357240, -0.722589
1.727693, -0.387917, -0.678108
1.836723, -0.321327, -0.741763
1.754308, -0.326861, -0.688225
2.000443, -0.383207, -0.718171
1.861881, -0.412567, -0.692144
2.031628, -0.317217, -0.742955
1.942501, -0.311014, -0.687627
1.628726, -0.537813, -0.665165
1.510331, -0.537769, -0.611643
1.692371, -0.442588, -0.643663
1.501222, -0.501406, -0.594366
1.790402, -0.528960, -0.677427
1.831277, -0.502190, -0.639678
1.902975, -0.465131, -0.674817
1.684511, -0.470197, -0.618306
1.322022, -0.583443, -0.493657
1.243759, -0.564873, -0.471674
1.297668, -0.528014, -0.498332
1.185331, -0.499583, -0.440304
1.391855, -0.555061, -0.491747
1.419710, -0.589285, -0.470541
1.548533, -0.516624, -0.516005
1.383639, -0.542944, -0.444991
1.507406, -0.693232, -0.616190
1.428259, -0.662836, -0.574395
1.401558, -0.630461, -0.569806
1.270497, -0.607563, -0.530399
1.652832, -0.636831, -0.607263
1.600780, -0.675633, -0.559799
1.727135, -0.576185, -0.603047
1.669956, -0.590841, -0.576105
2.894665, -0.855931, -0.204175
2.754911, -0.869307, -0.201502
2.712491, -0.793834, -0.194000
2.459442, -0.830736, -0.196830
2.142655, -0.849475, -0.169491
2.350949, -0.892444, -0.176417
2.455086, -0.772837, -0.174778
2.103847, -0.819087, -0.168974
1.217398, 0.070796, -0.637834
1.206640, 0.121827, -0.599644
1.399565, 0.171484, -0.666957
1.325698, 0.144488, -0.631480
1.463227, 0.119399, -0.656256
1.407441, 0.096627, -0.629733
1.597184, 0.162868, -0.669578
1.398649, 0.172966, -0.639686
0.773466, -0.324040, -0.397242
0.814508, -0.322662, -0.387406
0.962182, -0.219997, -0.426244
0.813411, -0.289735, -0.376184
1.131412, -0.329866, -0.422968
1.009941, -0.299310, -0.395458
1.003416, -0.276621, -0.409208
1.124347, -0.279021, -0.401824
1.217682, -0.408429, -0.626758
1.144311, -0.408675, -0.580109
1.302206, -0.362576, -0.641850
1.186133, -0.328303, -0.587827
1.460959, -0.408845, -0.641472
1.415597, -0.382399, -0.605320
1.345954, -0.333007, -0.632482
1.424384, -0.309678, -0.621701
1.056252, -0.464988, -0.501638
1.002193, -0.428880, -0.458100
0.987922, -0.345872, -0.482176
0.836494, -0.376848, -0.424041
1.223312, -0.433238, -0.503929
1.016305, -0.447841, -0.445090
1.244656, -0.352656, -0.484497
1.066369, -0.356235, -0.440168
1.066861, -0.517356, -0.560480
0.945428, -0.548594, -0.512092
1.113555, -0.493899, -0.557810
0.999501, -0.526363, -0.507484
1.304299, -0.513832, -0.577140
1.301903, -0.554881, -0.548916
1.296413, -0.512775, -0.569441
1.266129, -0.519357, -0.538460
2.814590, -0.804723, -0.282324
2.768638, -0.797925, -0.330267
2.675749, -0.770259, -0.262261
2.703330, -0.741780, -0.306020
2.733966, -0.824025, -0.232601
2.720529, -0.853384, -0.256930
2.409440, -0.783014, -0.216267
2.440588, -0.802457, -0.232256
0.615702, 0.103256, -0.383356
0.313976, 0.073692, -0.290513
0.255901, 0.132688, -0.274934
0.324743, 0.132616, -0.284894
0.905908, 0.066438, -0.501153
0.693257, 0.067812, -0.403080
0.787561, 0.138041, -0.440789
0.830681, 0.126545, -0.447156
2.822544, -0.943649, -0.390317
2.725085, -0.933637, -0.338929
2.711645, -0.897557, -0.319002
2.633882, -0.896285, -0.305228
2.800936, -0.960238, -0.282977
2.807001, -0.970148, -0.327213
2.620810, -0.904095, -0.276571
2.606681, -0.930563, -0.293080
0.383765, -0.084521, -0.306167
-0.134359, -0.028310, -0.278909
0.360992, 0.037559, -0.295271
0.323233, 0.008877, -0.272386
0.906156, -0.010280, -0.459567
0.758823, -0.063838, -0.394418
0.614508, 0.041406, -0.365478
0.872814, -0.003050, -0.433404
3.020852, -0.928334, -0.461024
2.981298, -0.920132, -0.384059
3.004304, -0.834588, -0.429020
2.971064, -0.867266, -0.417137
3.064205, -0.935235, -0.374875
3.034399, -0.957966, -0.449749
3.028591, -0.887816, -0.323861
2.882265, -0.917454, -0.258895
0.443480, -0.052976, -0.364605
0.732498, -0.038980, -0.449468
0.717364, -0.001890, -0.460664
0.577724, -0.012452, -0.389395
1.079548, -0.014488, -0.596959
0.976184, -0.025900, -0.548943
0.955858, 0.017574, -0.545900
0.885403, 0.051511, -0.507885
0.592333, -0.319607, -0.428028
0.387426, -0.289987, -0.361304
0.410071, -0.246823, -0.371222
0.420155, -0.227482, -0.357111
0.985115, -0.305066, -0.574971
0.978369, -0.310591, -0.554055
0.889895, -0.255324, -0.523411
0.842505, -0.261571, -0.495477
0.277058, -0.298337, -0.299176
0.079704, -0.304028, -0.279125
0.020958, -0.267658, -0.300710
0.056886, -0.266537, -0.285294
0.814395, -0.331985, -0.444229
0.324815, -0.347092, -0.301537
0.706116, -0.218823, -0.406909
0.525228, -0.279723, -0.350613
0.372583, -0.426738, -0.362955
0.088502, -0.408202, -0.325684
0.581052, -0.375975, -0.407102
0.001495, -0.344461, -0.324618
0.848079, -0.449813, -0.499581
0.630421, -0.410312, -0.416031
0.685245, -0.388623, -0.436411
0.581815, -0.371374, -0.390882
2.285719, 0.769249, -0.724985
2.242505, 0.816503, -0.730787
2.329492, 0.873017, -0.793389
2.286822, 0.906996, -0.836442
2.465650, 0.798322, -0.687484
2.392148, 0.790686, -0.615351
2.530860, 0.892532, -0.728607
2.501774, 0.914432, -0.766147
-0.369484, -0.029710, -0.579567
-0.265890, -0.034617, -0.502851
-0.456423, 0.134041, -0.723331
-0.413332, 0.067800, -0.629083
-0.157134, -0.056540, -0.459199
0.036183, -0.107089, -0.433729
0.651455, -0.079511, -0.667156
-0.151577, -0.041348, -0.444575
1.791075, 0.809133, -0.681345
1.863016, 0.826199, -0.682466
1.972763, 0.885937, -0.770244
1.986923, 0.925499, -0.826562
2.106991, 0.785326, -0.681082
1.900382, 0.830091, -0.676951
2.101870, 0.885675, -0.778668
2.082475, 0.921724, -0.818384
0.394999, 0.113604, -0.918506
-0.063676, 0.064437, -1.023849
-0.195003, 0.184979, -1.020781
0.374389, 0.173078, -0.777170
0.593820, 0.054405, -0.855617
-0.260919, 0.125852, -0.756187
-0.296397, 0.152890, -0.743920
0.470423, 0.101977, -0.685256
2.079427, 0.774650, -0.777189
1.961670, 0.758865, -0.736439
2.083204, 0.898542, -0.874877
2.138237, 0.895459, -0.859955
2.202781, 0.806587, -0.811192
2.284800, 0.806006, -0.782536
2.182219, 0.902397, -0.871975
2.333954, 0.885089, -0.849739
0.571590, 0.094248, -0.951058
0.148649, 0.148820, -1.000506
-0.654785, 0.083627, -0.977779
0.576276, 0.118596, -0.896833
-0.222270, 0.097708, -0.653183
0.554097, 0.020650, -0.740195
-0.184184, 0.137681, -0.638803
0.516457, 0.132806, -0.995344
1.832220, 0.635901, -0.600411
1.738017, 0.669435, -0.577529
1.925250, 0.693009, -0.661743
1.967119, 0.745546, -0.679786
1.977208, 0.672602, -0.634528
2.037378, 0.665463, -0.590957
2.110955, 0.744460, -0.701353
1.982387, 0.702429, -0.625860
-0.368734, -0.085763, -0.977728
0.437683, -0.032107, -0.952794
-0.196088, -0.040564, -0.998332
-0.298216, -0.014211, -1.000176
-0.196916, -0.035012, -0.636674
-0.098976, -0.068865, -0.649908
-0.287467, -0.035832, -0.696065
0.502314, -0.000543, -0.713213
-0.423573, 0.116577, 0.020505
-0.562164, 0.193139, -0.080305
-0.270134, 0.197003, 0.072651
-0.250783, 0.206445, 0.057315
0.389098, 0.352258, -0.862479
0.386131, 0.309336, -0.782810
-0.474239, 0.403806, 0.099295
-0.488982, 0.358614, 0.072648
1.327591, 0.838651, -0.541301
1.363278, 0.874081, -0.533923
1.363806, 0.876745, -0.553932
1.255894, 0.884858, -0.503958
1.594927, 0.811919, -0.581251
1.430149, 0.838787, -0.532228
1.533221, 0.881605, -0.612175
1.509182, 0.893512, -0.621989
-0.624503, -0.151360, -0.140360
-0.901832, -0.004455, -0.144214
-0.838873, -0.002586, -0.193454
-0.877436, 0.002332, -0.201094
-0.835171, -0.001391, -0.027080
-0.082612, 0.061947, -0.955128
0.208749, 0.158974, -0.936429
-0.667761, 0.193206, 0.059222
0.739620, -0.230643, -0.916257
-0.924527, -0.590769, -1.002550
-0.703696, -0.394440, 0.092974
-0.958916, -0.419452, 0.089550
-0.918770, -0.644936, -0.996990
-0.949066, -0.641305, -0.944316
-0.887522, -0.344806, 0.091612
-0.675828, -0.434497, 0.107095
2.418802, 0.657565, -0.532285
2.312268, 0.681119, -0.513928
2.561590, 0.755819, -0.528629
2.424047, 0.754008, -0.504755
2.504225, 0.692084, -0.486091
2.454486, 0.722389, -0.434469
2.611667, 0.796950, -0.529415
2.560547, 0.790869, -0.482892
1.724511, 0.845940, -0.838113
1.646146, 0.794945, -0.786354
1.833211, 0.866539, -0.865416
1.813594, 0.915193, -0.891762
1.964476, 0.798705, -0.830206
1.837230, 0.803111, -0.808430
1.883483, 0.854297, -0.880273
1.909095, 0.925517, -0.919912
0.094794, -0.133295, 0.190291
-0.445191, -0.134049, -0.016389
-0.394673, -0.103131, 0.014597
-0.330572, -0.072043, 0.079753
-0.711470, 0.160926, 0.065343
-0.593952, 0.120302, 0.093873
-0.500290, 0.131455, 0.111290
0.330461, 0.181354, -0.948390
1.328114, 0.710889, -0.516671
1.352729, 0.678418, -0.467599
1.432037, 0.776202, -0.598807
1.299307, 0.783988, -0.513587
1.509918, 0.678800, -0.529434
1.410058, 0.696101, -0.473032
1.598809, 0.748113, -0.566160
1.470243, 0.760087, -0.527561
-0.843259, -0.230870, -0.181647
-0.740364, -0.280794, -0.138177
-0.759552, -0.155105, -0.135842
-0.720975, -0.150439, -0.133458
-0.891339, -0.136600, 0.041837
-0.916411, -0.126679, 0.041722
-0.822290, -0.081841, 0.036898
0.310577, 0.007107, -0.733961
0.708376, -0.320648, -0.973585
0.732077, -0.351460, -0.961967
0.746928, -0.259418, -0.854466
0.739734, -0.288001, -0.973214
0.454824, -0.454129, -1.030820
0.558477, -0.400800, -1.025122
0.622326, -0.374785, -1.003397
0.573764, -0.381468, -1.022666
2.163517, 0.552768, -0.444604
2.148881, 0.610317, -0.413170
2.244977, 0.653908, -0.442445
2.096658, 0.613203, -0.431369
2.267658, 0.597342, -0.389740
2.182473, 0.619325, -0.379366
2.263178, 0.643455, -0.393867
2.155113, 0.644042, -0.394973
1.591442, 0.643735, -0.677144
1.527347, 0.666640, -0.635455
1.658428, 0.750574, -0.729200
1.658078, 0.738121, -0.679896
1.807899, 0.682321, -0.699844
1.690317, 0.659391, -0.632547
1.735911, 0.711104, -0.712809
1.866513, 0.703016, -0.700589
-0.004048, -0.322189, 0.181305
-0.666164, -0.235438, -0.076924
-0.351428, -0.201116, 0.065191
-0.789134, -0.149562, -0.114638
-0.824778, -0.191520, -0.128593
0.231977, -0.024423, -1.001252
-1.007655, 0.062239, -0.349690
-0.909065, 0.063204, 0.064212
0.706460, -0.511522, -0.873826
0.705777, -0.573164, -0.840928
0.733091, -0.441539, -0.898168
0.428776, -0.501523, -0.556524
-0.961842, -0.746354, -0.859425
0.501678, -0.558122, -1.030031
0.523967, -0.485587, -1.027692
0.709273, -0.394745, -0.940644
1.967044, 0.450950, -0.365458
1.760378, 0.484084, -0.298453
2.011400, 0.524553, -0.368053
1.795463, 0.542934, -0.321317
1.945395, 0.491567, -0.338472
1.894871, 0.473832, -0.320344
1.990469, 0.547631, -0.327502
1.826463, 0.542148, -0.304196
1.493483, 0.530700, -0.569106
1.437297, 0.515184, -0.504211
1.434190, 0.600727, -0.578488
1.388828, 0.640982, -0.556710
1.686325, 0.513871, -0.549474
1.595153, 0.543054, -0.519962
1.630612, 0.572600, -0.573115
1.554083, 0.637221, -0.552491
-0.828856, -0.390126, -0.124639
-0.721736, -0.406607, -0.120039
-0.675135, -0.306182, -0.089285
-0.889902, -0.265752, -0.138826
0.231927, -0.224275, -0.929155
-0.920573, -0.295552, -0.005295
-0.977451, -0.142644, -0.053035
-0.908501, -0.219039, -0.055747
0.814856, 0.704728, -0.369728
0.889891, 0.698836, -0.361790
0.940299, 0.794854, -0.422580
0.860540, 0.809223, -0.403822
1.064844, 0.734520, -0.446228
0.987787, 0.715399, -0.383025
1.231871, 0.758945, -0.479217
1.016631, 0.800823, -0.422691
1.200415, -0.320354, 0.025199
0.389023, -0.375919, 0.155742
1.254423, -0.254535, 0.007950
0.677435, -0.296940, 0.092572
0.618948, -0.328635, 0.111702
0.106185, -0.352817, 0.159899
-0.347236, -0.233350, 0.022176
0.329259, -0.295617, 0.160093
-0.516183, -0.336832, -0.642044
-0.216061, -0.235902, -0.631361
-0.548286, -0.244257, -0.664018
-0.581521, -0.254084, -0.659470
-0.132129, -0.393718, -0.498135
0.579775, -0.423704, -0.660746
-0.223328, -0.267448, -0.516476
0.540571, -0.321837, -0.614563
2.174199, 0.559880, -0.577142
2.139477, 0.542401, -0.554718
2.172071, 0.572964, -0.582059
2.069504, 0.619526, -0.581152
2.300000, 0.539532, -0.524653
2.284188, 0.565866, -0.494495
2.341918, 0.639426, -0.529234
2.257474, 0.631557, -0.511901
1.425303, 0.621717, -0.727163
1.238919, 0.683812, -0.673611
1.345284, 0.738897, -0.742375
1.307173, 0.752906, -0.729054
1.548691, 0.628506, -0.727298
1.530630, 0.636680, -0.699197
1.606731, 0.723247, -0.782725
1.548452, 0.711424, -0.732489
2.325176, -0.355742, -0.148099
2.393668, -0.350998, -0.167952
2.378308, -0.197726, -0.160713
2.186793, -0.288282, -0.147411
1.971955, -0.345953, -0.129252
1.228772, -0.336644, 0.050536
1.207137, -0.292580, 0.059816
1.246747, -0.286199, 0.049647
1.087691, 0.537620, -0.459657
0.951424, 0.522786, -0.406659
1.112468, 0.592837, -0.464136
0.930446, 0.600819, -0.396768
1.261214, 0.521081, -0.466510
1.214393, 0.570236, -0.442148
1.226487, 0.615437, -0.477536
1.102746, 0.623324, -0.454106
1.612222, -0.535785, -0.098631
1.139063, -0.508803, 0.038603
1.412909, -0.447591, -0.020801
0.915372, -0.378370, 0.087943
-0.345775, -0.396644, 0.020561
-0.341696, -0.437520, 0.008663
-0.307449, -0.327495, 0.052041
-0.331489, -0.325239, 0.036744
-0.494969, -0.444455, -0.698828
-0.290643, -0.431747, -0.619799
-0.584208, -0.412590, -0.644084
-0.538354, -0.393802, -0.722265
0.039655, -0.513228, -0.486035
-0.494659, -0.540151, -0.583655
-0.389089, -0.396781, -0.566087
-0.235594, -0.421530, -0.507252
1.956964, 0.448640, -0.484186
1.821495, 0.398474, -0.451501
2.048321, 0.496798, -0.479490
1.952830, 0.522427, -0.457818
2.094271, 0.417835, -0.457639
1.973846, 0.418794, -0.421532
2.090130, 0.476492, -0.444439
1.949819, 0.479927, -0.438946
1.307713, 0.520973, -0.608403
1.271225, 0.499362, -0.582105
1.153703, 0.610475, -0.589245
1.218359, 0.609243, -0.572792
1.437907, 0.542525, -0.640516
1.390241, 0.559757, -0.592873
1.547015, 0.570446, -0.656671
1.332271, 0.601261, -0.587359
2.005571, -0.483816, -0.135793
1.950236, -0.464009, -0.142885
2.345320, -0.368124, -0.165367
1.893136, -0.418647, -0.135959
0.476660, -0.483525, 0.164077
1.113626, -0.460668, 0.062526
1.486860, -0.452010, -0.032864
0.000758, -0.384161, 0.184054
-0.412190, -0.595196, -0.652106
-0.500036, -0.643112, -0.645788
-0.465551, -0.498489, -0.695584
-0.287825, -0.434301, -0.807999
-0.386388, -0.649677, -0.518939
-0.580725, -0.614420, -0.742424
-0.653404, -0.618475, -0.668195
-0.357295, -0.640809, -0.511855
1.731831, 0.296751, -0.414504
1.652138, 0.274082, -0.376924
1.821268, 0.324395, -0.429296
1.715695, 0.406941, -0.369919
1.902616, 0.275297, -0.399733
1.843488, 0.267050, -0.364419
1.869320, 0.387754, -0.381503
1.799145, 0.407369, -0.355501
1.067163, 0.364542, -0.498113
1.132877, 0.432090, -0.490620
1.171933, 0.440305, -0.520994
1.115414, 0.504162, -0.478290
1.340772, 0.377478, -0.532829
1.248299, 0.424254, -0.491803
1.309912, 0.433742, -0.523893
1.217448, 0.494474, -0.489959
2.066226, -0.603190, -0.149927
1.391046, -0.674842, -0.015885
1.629848, -0.543076, -0.085237
1.734390, -0.535234, -0.118563
0.838144, -0.673568, 0.085809
-0.150029, -0.596535, 0.132037
0.707856, -0.573382, 0.119046
0.500750, -0.599386, 0.164750
2.540100, 0.426622, -0.276875
2.323914, 0.434266, -0.233461
2.458077, 0.496294, -0.263713
2.393498, 0.538522, -0.263088
2.164602, 0.473886, -0.190865
2.170826, 0.456633, -0.197246
1.950023, 0.566749, -0.153353
1.776875, 0.562249, -0.123799
2.096060, 0.300683, -0.195955
1.835878, 0.307732, -0.157738
2.217003, 0.345988, -0.228319
2.045925, 0.361485, -0.202320
1.712022, 0.331087, -0.111080
1.847751, 0.299006, -0.157730
1.720544, 0.416982, -0.119407
1.598050, 0.373560, -0.064126
1.896831, 0.178517, -0.180464
1.720290, 0.162509, -0.156944
1.797135, 0.227456, -0.157598
1.850640, 0.209318, -0.187170
1.268323, 0.155326, -0.007446
1.230173, 0.129187, -0.008732
1.432697, 0.253968, -0.038901
1.259149, 0.254492, -0.018705
2.849131, 0.170749, -0.249637
2.823318, 0.130742, -0.264683
2.916631, 0.185877, -0.304924
2.853588, 0.207904, -0.279488
2.778736, 0.140669, -0.209166
2.536852, 0.127288, -0.175895
2.791776, 0.242643, -0.202255
2.785656, 0.214412, -0.232809
1.172504, 0.775205, -0.801481
1.129920, 0.774983, -0.758256
1.118419, 0.918779, -0.840403
1.169687, 0.915427, -0.851292
1.311902, 0.828318, -0.874866
1.285848, 0.762393, -0.822183
1.340279, 0.897380, -0.904026
1.333157, 0.895090, -0.883360
3.196374, -0.091741, -0.437737
3.175288, -0.096240, -0.441362
3.174416, -0.047273, -0.565534
3.121375, -0.040016, -0.435920
3.211610, -0.117173, -0.429872
3.107486, -0.119602, -0.295310
3.204836, -0.084965, -0.417892
3.123082, -0.082522, -0.322804
-0.264106, 0.710716, -0.324459
-0.239345, 0.735837, -0.315595
-0.248924, 0.768523, -0.329368
-0.353867, 0.843248, -0.378002
0.311824, 0.688470, -0.207776
0.165223, 0.716088, -0.189520
0.692570, 0.822668, -0.331323
0.443479, 0.813750, -0.244073
1.696765, -0.299001, -0.168870
1.562828, -0.310053, -0.139392
1.451166, -0.260872, -0.077717
1.438703, -0.250330, -0.087148
1.137469, -0.334320, 0.025301
0.839634, -0.351788, 0.067493
1.298750, -0.290405, -0.023638
0.839490, -0.273874, 0.072405
0.555527, -0.189592, -0.837245
0.523517, -0.213437, -0.755920
0.419127, -0.087106, -0.970978
-0.520746, -0.195307, -0.979073
0.580572, -0.259762, -0.828804
0.546112, -0.268296, -0.773065
0.184332, -0.149856, -0.588087
-0.118045, -0.134542, -0.610446
2.015584, 0.487692, -0.650381
1.945317, 0.492268, -0.630915
1.963884, 0.567533, -0.680142
2.017814, 0.554533, -0.639955
2.154600, 0.543412, -0.656617
2.050772, 0.548525, -0.623717
2.191815, 0.571578, -0.653337
2.157221, 0.602836, -0.628324
1.046199, 0.591262, -0.640405
1.098627, 0.659318, -0.661889
1.143317, 0.748194, -0.727495
1.018865, 0.729237, -0.624680
1.212355, 0.662516, -0.747584
1.278593, 0.634557, -0.714166
1.167297, 0.734868, -0.733030
1.298377, 0.741935, -0.775529
3.058335, -0.271296, -0.359898
3.055898, -0.233987, -0.369772
3.065806, -0.165651, -0.353592
2.992381, -0.217469, -0.344942
3.028913, -0.277177, -0.240769
2.892147, -0.250107, -0.208196
2.979728, -0.179207, -0.235110
2.936075, -0.195051, -0.223830
0.008495, 0.534128, -0.196987
-0.150110, 0.540716, -0.254089
0.011423, 0.618392, -0.228075
-0.241937, 0.619864, -0.310690
0.596461, 0.553535, -0.296371
0.487905, 0.533441, -0.255568
0.732856, 0.629512, -0.345986
0.360788, 0.628749, -0.218997
1.973934, -0.447360, -0.211541
1.766136, -0.516612, -0.185886
1.823809, -0.390392, -0.171194
1.668627, -0.426135, -0.141803
1.568114, -0.538618, -0.111433
1.597975, -0.532067, -0.125864
1.742241, -0.390966, -0.145460
1.232460, -0.393526, 0.007344
-0.360160, -0.496576, -1.003036
-0.184357, -0.438667, -1.016244
0.445679, -0.287629, -0.982691
-0.171428, -0.275064, -1.001934
-0.102394, -0.354084, -0.844375
0.420581, -0.428037, -0.743302
-0.099157, -0.267337, -0.647604
-0.132140, -0.254102, -0.666688
1.880705, 0.368083, -0.583917
1.704689, 0.416621, -0.513736
1.927450, 0.491419, -0.583619
1.723483, 0.500624, -0.543486
2.014142, 0.394789, -0.563973
1.864913, 0.395719, -0.538575
2.101549, 0.495786, -0.585519
2.055985, 0.496827, -0.562798
0.774115, 0.509244, -0.460998
0.841937, 0.531308, -0.473709
0.844868, 0.547070, -0.493232
0.605420, 0.535910, -0.385492
1.085333, 0.515665, -0.593808
1.025115, 0.505555, -0.564252
1.089814, 0.606025, -0.612774
1.013241, 0.548917, -0.554516
2.945407, -0.423217, -0.315379
2.808380, -0.405920, -0.276493
2.951174, -0.332975, -0.308781
2.816743, -0.339925, -0.249424
2.690323, -0.461786, -0.208471
2.500043, -0.456967, -0.185399
2.821869, -0.369273, -0.224883
2.562631, -0.384795, -0.199297
0.354344, 0.383345, -0.247961
-0.072420, 0.371848, -0.221035
0.213376, 0.430773, -0.210921
0.181006, 0.488436, -0.195272
0.788573, 0.384118, -0.381071
0.408691, 0.367939, -0.253069
0.576566, 0.468537, -0.318791
0.602275, 0.456145, -0.313537
2.204267, -0.616633, -0.221235
2.051540, -0.648140, -0.227797
2.188236, -0.562743, -0.207399
2.089831, -0.518767, -0.213977
2.039815, -0.634751, -0.198212
1.849558, -0.651435, -0.168000
1.645419, -0.595428, -0.109957
1.584451, -0.614668, -0.105326
0.425454, -0.620927, -0.912635
0.421959, -0.612362, -0.923158
0.369332, -0.481403, -0.992597
0.325684, -0.486093, -0.966620
-0.268480, -0.484649, -0.759301
-0.130183, -0.510909, -0.900837
-0.138541, -0.492293, -0.641397
-0.170613, -0.441985, -0.864344
1.757704, 0.253336, -0.498547
1.644164, 0.293173, -0.446070
1.760339, 0.325543, -0.508564
1.545491, 0.347557, -0.442630
1.763363, 0.266590, -0.481180
1.823753, 0.286376, -0.464189
1.760473, 0.335636, -0.485288
1.847425, 0.383249, -0.483396
0.507287, 0.325486, -0.330341
0.362685, 0.375774, -0.281591
0.615579, 0.401938, -0.372681
0.343546, 0.396788, -0.271470
1.108823, 0.344973, -0.562584
0.864938, 0.340357, -0.452943
0.791595, 0.470427, -0.435782
0.905209, 0.459271, -0.478174
2.684152, -0.539589, -0.267055
2.572575, -0.565541, -0.263360
2.752136, -0.474243, -0.288354
2.611299, -0.527219, -0.266275
2.374858, -0.565586, -0.191050
2.237728, -0.558311, -0.171678
2.320654, -0.543072, -0.176674
2.257075, -0.510315, -0.166579
0.221989, -0.715571, -0.891884
0.253638, -0.683339, -0.851087
0.342986, -0.679049, -0.943701
0.134938, -0.640686, -0.770950
0.324164, -0.824250, -0.965363
0.407751, -0.819780, -0.847393
0.386784, -0.703442, -0.923726
0.403665, -0.723154, -0.858845
1.466717, 0.146358, -0.388018
1.429659, 0.118667, -0.364864
1.594195, 0.166387, -0.428732
1.278366, 0.178145, -0.328241
1.712955, 0.154850, -0.412582
1.578022, 0.121398, -0.367942
1.676402, 0.238462, -0.419491
1.465323, 0.191231, -0.361932
0.133629, 0.182108, -0.229035
0.116955, 0.215140, -0.212927
0.150644, 0.275598, -0.221094
0.095616, 0.279649, -0.210951
0.643140, 0.201507, -0.363881
0.837749, 0.209017, -0.417301
0.985618, 0.349408, -0.478097
0.682932, 0.291268, -0.362959
2.431135, -0.700833, -0.260001
2.409399, -0.753965, -0.285007
2.290793, -0.646319, -0.222498
2.266292, -0.665699, -0.237794
2.094284, -0.766491, -0.206524
2.097991, -0.782422, -0.210898
2.011341, -0.668272, -0.168273
1.949274, -0.658423, -0.156643
1.800103, 0.765157, -0.859203
1.854910, 0.837449, -0.877340
1.869979, 0.891517, -0.932828
1.789542, 0.880143, -0.903542
1.984163, 0.755669, -0.870689
1.958370, 0.834472, -0.893920
2.028009, 0.892679, -0.943523
1.990513, 0.888365, -0.920370
-0.220697, -0.187905, 0.125492
1.056899, -0.163953, 0.082170
-0.020846, -0.104706, 0.186720
0.428577, -0.116453, 0.175441
-0.653058, -0.024519, 0.051257
-0.791350, 0.098443, -0.862958
-0.599361, -0.040351, -0.041146
-0.680515, -0.033714, -0.065104
0.721248, -0.227093, -0.922288
0.702861, -0.226527, -0.778443
0.116129, -0.206924, -1.044147
-0.350076, -0.215637, -1.037848
-0.708379, -0.488937, -1.001062
-0.896399, -0.574586, -0.988359
-0.680595, -0.375324, -1.002677
-0.678674, -0.408105, -0.998173
2.632047, 0.688669, -0.526493
2.431019, 0.651921, -0.545086
2.672344, 0.791182, -0.583844
2.501586, 0.718550, -0.587386
2.653333, 0.668696, -0.496024
2.592026, 0.730534, -0.467909
2.682296, 0.767128, -0.545551
2.634518, 0.772099, -0.523727
2.633519, 0.548533, -0.363500
2.526138, 0.551406, -0.346640
2.641889, 0.669807, -0.398410
2.557952, 0.647233, -0.378569
2.581846, 0.603714, -0.320248
2.417657, 0.632403, -0.298068
2.534637, 0.671308, -0.305741
2.459666, 0.676010, -0.315388
1.717951, 0.612648, -0.737263
1.749081, 0.634777, -0.713348
1.679497, 0.717234, -0.781199
1.734768, 0.704490, -0.746177
2.014853, 0.607787, -0.753267
1.811651, 0.655714, -0.717752
1.898002, 0.749594, -0.806026
1.889433, 0.709661, -0.751351
0.670937, -0.300044, 0.129729
-0.080641, -0.292635, 0.174201
1.036853, -0.245301, 0.090252
-0.625351, -0.210677, -0.081491
-0.796049, -0.150555, 0.048375
0.259920, -0.097799, -0.926601
-0.754713, -0.106249, 0.039423
-0.757819, -0.060437, 0.024320
0.680301, -0.382130, -0.842043
0.723213, -0.338353, -0.957385
0.701853, -0.309972, -0.818583
0.679875, -0.315201, -0.969034
-0.246252, -0.511469, -1.039386
-0.694030, -0.636522, -1.003253
-0.647529, -0.535332, -1.010885
-0.913387, -0.653437, -0.999754
2.418642, 0.544620, -0.451092
2.236727, 0.535995, -0.457453
2.383047, 0.619747, -0.452821
2.360519, 0.646765, -0.472160
2.404372, 0.553301, -0.407668
2.368198, 0.598209, -0.419346
2.460675, 0.603994, -0.459052
2.351633, 0.649271, -0.392214
2.366089, 0.473204, -0.353161
2.308331, 0.484419, -0.305048
2.446797, 0.513492, -0.371059
2.307955, 0.549432, -0.360267
2.330869, 0.492151, -0.261419
2.189820, 0.457914, -0.276414
2.243631, 0.503012, -0.257929
2.213141, 0.571413, -0.254811
0.537906, -0.393510, -0.675791
0.430311, -0.400830, -0.584582
0.448717, -0.299441, -0.592786
0.650801, -0.263158, -0.742487
0.519648, -0.334068, -0.665393
0.673744, -0.343348, -0.925586
0.407385, -0.306145, -0.583756
0.682008, -0.290172, -0.906906
2.664640, 0.531168, -0.590235
2.653094, 0.517824, -0.530501
2.723758, 0.584390, -0.566404
2.660615, 0.608718, -0.533307
2.792962, 0.573435, -0.464585
2.703006, 0.546564, -0.454763
2.741060, 0.594931, -0.483158
2.716743, 0.651271, -0.485373
2.720313, 0.399374, -0.376763
2.685588, 0.413795, -0.349519
2.780948, 0.469633, -0.385809
2.678239, 0.474504, -0.397136
2.762860, 0.401569, -0.354980
2.686419, 0.417626, -0.344914
2.749253, 0.476973, -0.305428
2.629693, 0.520495, -0.299385
1.676540, 0.536686, -0.634034
1.543198, 0.497132, -0.588072
1.583499, 0.611237, -0.644442
1.472782, 0.560677, -0.602803
1.721617, 0.533762, -0.650767
1.739866, 0.562593, -0.596528
1.838480, 0.603357, -0.673624
1.828733, 0.580498, -0.627831
-0.315301, -0.386956, 0.073252
-0.723424, -0.365905, -0.096744
-0.341644, -0.321973, 0.088281
-0.812142, -0.284174, -0.131359
-0.818292, -0.348169, -0.102017
-0.980947, -0.209564, -0.108385
-0.976212, -0.003059, 0.023997
-0.989404, -0.052145, -0.061190
0.664561, -0.530266, -0.778594
0.501203, -0.581379, -0.628104
0.678618, -0.428383, -0.761071
0.715311, -0.456984, -0.841908
-0.959331, -0.745806, -0.874264
-0.105939, -0.650393, -1.042587
-0.733452, -0.724534, -0.992055
0.566060, -0.516128, -1.017831
2.187839, 0.462893, -0.421460
2.111649, 0.427111, -0.375733
2.172426, 0.536234, -0.408852
2.037165, 0.515357, -0.401720
2.211815, 0.447582, -0.369906
2.122269, 0.489368, -0.329099
2.180401, 0.504742, -0.357679
2.068107, 0.541268, -0.358853
2.192784, 0.279254, -0.299140
2.043030, 0.336496, -0.298553
2.126635, 0.378524, -0.305827
2.043550, 0.423698, -0.285393
2.137415, 0.275436, -0.265478
1.930411, 0.345731, -0.212238
1.979700, 0.384095, -0.224467
1.970444, 0.402502, -0.241966
0.093603, -0.401987, -0.578753
0.155694, -0.451024, -0.580316
-0.053867, -0.349315, -0.561181
0.239354, -0.436627, -0.550442
0.124245, -0.455571, -0.588219
0.219465, -0.506338, -0.564987
0.329843, -0.370495, -0.621741
0.362534, -0.381010, -0.635666
2.776591, 0.403111, -0.592983
2.687660, 0.402076, -0.593744
2.792956, 0.454649, -0.572578
2.718946, 0.488051, -0.591267
2.852034, 0.445814, -0.574143
2.828442, 0.404242, -0.501321
2.867942, 0.486884, -0.551110
2.790048, 0.513937, -0.517533
2.959438, 0.246029, -0.438630
2.828387, 0.283312, -0.436641
2.929553, 0.362979, -0.428939
2.842823, 0.372314, -0.390272
2.946383, 0.287650, -0.358886
2.809581, 0.262314, -0.335345
2.894043, 0.323024, -0.339411
2.799780, 0.358007, -0.310190
1.415778, 0.409143, -0.541491
1.372664, 0.386221, -0.518074
1.466153, 0.475468, -0.535282
1.313700, 0.487444, -0.493173
1.726521, 0.419257, -0.567060
1.683546, 0.391023, -0.527848
1.674867, 0.454598, -0.542712
1.586650, 0.449286, -0.507139
-0.375856, -0.553098, 0.060775
-0.738740, -0.506054, -0.111140
-0.769693, -0.416114, -0.116039
-0.364700, -0.539442, 0.049186
-1.007204, -0.287906, -0.430360
0.247980, -0.346596, -0.901687
-0.997110, -0.266362, -0.291490
-0.979096, -0.297987, -0.630598
0.165059, -0.743119, -1.042935
0.675262, -0.679529, -0.847070
0.488160, -0.659575, -0.639820
0.695497, -0.625334, -0.829417
-0.672698, -0.652042, 0.115655
-0.746709, -0.615634, 0.108034
-0.786458, -0.838678, -0.977485
-0.882171, -0.620223, 0.097508
1.987735, 0.270143, -0.350421
1.824425, 0.287390, -0.340292
1.951770, 0.395435, -0.355106
1.808787, 0.363087, -0.346457
1.991436, 0.329345, -0.331180
1.785664, 0.304892, -0.297881
2.006477, 0.371288, -0.333673
1.728589, 0.378397, -0.250750
1.885146, 0.143057, -0.254874
1.880696, 0.134190, -0.275471
1.929898, 0.215004, -0.246558
1.815874, 0.258192, -0.244433
1.785265, 0.169086, -0.209542
1.657495, 0.191858, -0.168770
1.847963, 0.268914, -0.212143
1.677555, 0.223779, -0.187649
0.665632, -0.820199, -0.955932
0.715864, -0.837892, -0.918765
0.646202, -0.739526, -0.966905
0.688968, -0.792266, -0.846619
0.655546, -0.870257, -0.971193
-0.913235, -0.882571, 0.093577
-0.715608, -0.702695, 0.110909
-0.468771, -0.901182, -1.033648
1.639459, 0.164953, -0.268900
1.576329, 0.161026, -0.241177
1.612643, 0.225195, -0.282651
1.491965, 0.269531, -0.231035
1.715394, 0.170778, -0.252401
1.555072, 0.177643, -0.216070
1.658935, 0.248562, -0.233700
1.563677, 0.223294, -0.202670
-1.010194, -0.580868, -0.262206
-0.660771, -0.776226, -0.892562
-0.094351, -0.614867, -0.982271
-0.719809, -0.725244, -0.869172
-0.215368, -0.705019, -0.960723
-0.772835, -0.793311, -0.848659
-0.103630, -0.607567, -0.977560
-0.703130, -0.713770, -0.881556
2.909190, 0.161432, -0.771896
2.911693, 0.151596, -0.717308
2.942453, 0.198129, -0.765126
2.878011, 0.224432, -0.737818
3.064306, 0.176772, -0.751692
2.947476, 0.178732, -0.671413
2.986315, 0.219584, -0.776356
3.018572, 0.184919, -0.661418
-0.249597, -0.937907, -0.804541
-0.665229, -0.939490, -0.772223
-0.606980, -0.912361, -0.727506
-0.564789, -0.862414, -0.604781
-0.067072, -0.887256, -0.653729
0.680174, -0.933618, -0.857516
0.606398, -0.910184, -0.996415
0.714487, -0.924452, -0.925312
1.383736, -0.038683, -0.197843
1.176008, -0.061345, -0.120927
1.357037, 0.069152, -0.193388
1.185385, 0.092305, -0.124993
1.445735, 0.010969, -0.175797
1.144808, -0.053583, -0.103452
1.308138, 0.085330, -0.133384
1.135681, 0.089693, -0.102159
1.073583, 0.819064, -0.926629
0.999994, 0.800866, -1.016525
1.053857, 0.844683, -0.999906
1.065712, 0.900640, -0.979104
1.071646, 0.826653, -0.881977
1.060488, 0.741790, -0.776788
1.103493, 0.846084, -0.865061
1.075530, 0.875024, -0.823302
3.094399, -0.126205, -0.889959
3.100321, -0.077691, -0.707522
3.155494, -0.035715, -0.840613
3.087112, -0.016724, -0.731184
3.182823, -0.132527, -0.725949
3.167346, -0.121593, -0.690836
3.175323, -0.073608, -0.800336
3.167967, -0.061237, -0.653805
1.317980, -0.352152, -0.186923
1.260816, -0.361066, -0.161254
1.361692, -0.303396, -0.203722
1.278731, -0.310491, -0.168173
1.238736, -0.361250, -0.106253
1.276724, -0.375334, -0.144436
1.390794, -0.304614, -0.171129
1.253091, -0.307884, -0.140041
0.930195, 0.566531, -0.676092
0.951323, 0.553633, -1.000952
1.023817, 0.687733, -0.941755
0.964622, 0.702152, -0.719671
0.909825, 0.605196, -0.615821
0.879778, 0.606770, -0.622144
0.989746, 0.685798, -0.665743
0.933616, 0.711552, -0.629575
3.062325, -0.205802, -0.692179
3.037068, -0.241081, -0.565846
3.074291, -0.179602, -0.680471
3.046763, -0.164877, -0.578915
3.143933, -0.218113, -0.550346
3.075056, -0.238954, -0.498024
3.131798, -0.171186, -0.654656
3.134808, -0.186861, -0.512751
0.682542, 0.457488, -0.534499
-0.837659, 0.663589, -0.544406
-0.814706, 0.757972, -0.516620
0.224394, 0.551683, -0.324127
-0.825246, 0.706458, -0.504845
-0.758581, 0.635646, -0.496609
-0.693374, 0.741295, -0.487962
-0.769855, 0.769007, -0.470399
1.770668, -0.504908, -0.234852
1.683989, -0.532254, -0.254309
1.892596, -0.438522, -0.286120
1.775938, -0.376858, -0.233211
1.754202, -0.531944, -0.223347
1.523864, -0.535341, -0.140556
1.644310, -0.430607, -0.169327
1.563238, -0.414131, -0.152808
2.894047, -0.349061, -0.749045
2.912915, -0.380740, -0.698499
2.953718, -0.296091, -0.783041
2.926001, -0.319687, -0.722651
2.973031, -0.338236, -0.736590
2.930712, -0.386639, -0.683208
2.976766, -0.265203, -0.741485
2.991236, -0.300731, -0.669886
-0.033933, -0.593391, 0.173644
-0.812142, -0.492009, -0.082971
-0.172497, -0.510329, 0.148747
-0.521980, -0.494095, -0.027097
-1.009840, -0.336784, -0.297859
-0.999478, -0.370116, -0.479624
-1.010322, -0.262472, -0.359333
-0.984214, -0.244109, -0.609683
1.609521, 0.378846, -0.594075
1.529520, 0.374869, -0.580849
1.551310, 0.437514, -0.602880
1.535591, 0.471940, -0.574843
1.751003, 0.412878, -0.625207
1.818181, 0.407319, -0.611665
1.760944, 0.444113, -0.622647
1.730749, 0.460187, -0.592986
0.951853, 0.403984, -0.965350
0.802594, 0.432954, -0.587741
0.980283, 0.537788, -0.817306
0.916710, 0.493066, -0.712850
0.789969, 0.465988, -0.506968
0.603548, 0.491783, -0.406177
0.781773, 0.524521, -0.498064
0.563634, 0.520297, -0.396122
3.038064, -0.357671, -0.505082
2.941429, -0.383699, -0.497394
2.996697, -0.293446, -0.534128
2.970891, -0.297092, -0.439608
3.022976, -0.391591, -0.478239
2.956929, -0.411080, -0.376520
3.038848, -0.299771, -0.453371
2.950329, -0.333570, -0.399759
1.863903, -0.648286, -0.352684
1.793984, -0.653638, -0.366276
1.914224, -0.515352, -0.352684
1.782234, -0.574210, -0.342856
1.907082, -0.590001, -0.332669
1.769956, -0.616896, -0.301522
1.865421, -0.525885, -0.298765
1.720982, -0.598011, -0.274182
0.889130, 0.358796, -0.748514
0.790144, 0.323857, -0.630944
-0.314245, 0.490103, -0.372845
-0.530951, 0.533588, -0.489686
-0.654310, 0.467832, -0.486161
-0.712985, 0.515510, -0.490294
-0.641908, 0.583401, -0.484705
-0.612785, 0.548797, -0.453311
2.080927, -0.632163, -0.297223
1.925108, -0.636624, -0.288153
2.128072, -0.565771, -0.321056
2.051884, -0.578614, -0.297083
2.153469, -0.624155, -0.294443
1.912255, -0.622471, -0.263561
1.923729, -0.549536, -0.229678
1.866746, -0.590821, -0.223957
2.184677, -0.714708, -0.160660
2.169564, -0.723890, -0.172788
2.206710, -0.660837, -0.149976
1.918172, -0.712104, -0.137456
0.964368, -0.831802, 0.065972
0.919671, -0.819404, 0.071488
1.755252, -0.719166, -0.096621
0.641773, -0.701882, 0.135243
1.288610, 0.234263, -0.578264
1.055611, 0.206900, -0.514170
1.196761, 0.318733, -0.589526
1.230438, 0.278491, -0.543403
1.492404, 0.238340, -0.610703
1.318086, 0.273139, -0.575151
1.505309, 0.285966, -0.615817
1.350463, 0.310410, -0.576575
2.870327, -0.456302, -0.662626
2.751496, -0.507911, -0.656737
2.873739, -0.436059, -0.646088
2.799398, -0.437302, -0.655956
2.931346, -0.486850, -0.622277
2.859516, -0.513006, -0.534714
2.894631, -0.414954, -0.603856
2.909904, -0.429242, -0.521555
-0.361657, -0.696363, 0.084018
-0.312257, -0.708788, 0.070779
-0.367371, -0.661445, 0.081014
-0.551774, -0.677663, -0.024031
0.191503, -0.524684, -0.882070
0.216526, -0.476348, -0.880368
0.221832, -0.429133, -0.905679
0.237390, -0.437560, -0.884705
1.491132, 0.261996, -0.533366
1.420076, 0.241446, -0.479372
1.420847, 0.317027, -0.521663
1.400636, 0.324386, -0.511146
1.700374, 0.290263, -0.554641
1.583428, 0.268659, -0.507794
1.675489, 0.309923, -0.541001
1.624222, 0.305783, -0.517883
0.485550, 0.296478, -0.405931
0.925406, 0.312700, -0.946699
0.946674, 0.396205, -0.940548
0.937302, 0.372527, -0.939719
0.340516, 0.315403, -0.312540
0.381098, 0.316589, -0.316384
0.537431, 0.429579, -0.378180
0.378033, 0.391869, -0.310903
2.882832, -0.519090, -0.408703
2.804009, -0.513975, -0.387604
2.863257, -0.480987, -0.436455
2.802866, -0.460605, -0.407474
2.883586, -0.497128, -0.370444
2.781106, -0.572574, -0.306210
2.929346, -0.486788, -0.347093
2.809490, -0.476159, -0.340313
2.113860, -0.690893, -0.457952
2.047155, -0.746246, -0.426026
2.150785, -0.629162, -0.426214
1.939017, -0.673435, -0.419412
2.169408, -0.745290, -0.396530
2.018950, -0.721758, -0.374132
2.124733, -0.644058, -0.380372
2.019567, -0.665962, -0.350174
-0.146321, 0.248274, -0.322324
0.235738, 0.224596, -0.339618
0.843378, 0.243300, -0.693018
0.813342, 0.231678, -0.663561
-0.488194, 0.273518, -0.459343
-0.348793, 0.285311, -0.362362
-0.449073, 0.345052, -0.441606
-0.360412, 0.329790, -0.366328
2.357532, -0.691703, -0.333983
2.291988, -0.745435, -0.375549
2.340883, -0.672580, -0.373398
2.297878, -0.660665, -0.325248
2.318789, -0.700910, -0.314600
2.269493, -0.743426, -0.310501
2.255454, -0.649605, -0.282567
2.122044, -0.668313, -0.255956
2.379439, -0.878272, -0.219254
2.067634, -0.859731, -0.213663
2.098529, -0.831809, -0.203884
1.594344, -0.871071, -0.103023
1.327032, -0.926531, -0.041994
1.513971, -0.928551, -0.093461
1.308172, -0.849481, -0.008123
0.370061, -0.815770, 0.162623
1.179038, 0.124296, -0.512906
0.921448, 0.099640, -0.443221
1.148490, 0.204839, -0.512720
0.952032, 0.157091, -0.455512
1.309285, 0.138941, -0.527903
1.222495, 0.074023, -0.460457
1.408133, 0.174852, -0.539968
1.288660, 0.147932, -0.477141
2.747662, -0.595824, -0.647231
2.665240, -0.657483, -0.605774
2.774810, -0.534042, -0.571032
2.682248, -0.575092, -0.611053
2.806203, -0.627453, -0.525574
2.717719, -0.630525, -0.514492
2.794039, -0.547862, -0.557597
2.735744, -0.608786, -0.518078
-0.030717, -0.849524, 0.160481
-0.329341, -0.879183, -0.015977
-0.183565, -0.804876, 0.123575
-0.259304, -0.790452, 0.061690
-0.544852, -0.888581, -0.038543
-0.426874, -0.896745, 0.027867
-0.761535, -0.790881, -0.082137
-0.696826, -0.831353, -0.126435
1.263562, 0.087370, -0.451898
1.228883, 0.100450, -0.426208
1.247254, 0.166698, -0.436164
1.255563, 0.185198, -0.419578
1.491694, 0.131291, -0.472425
1.467949, 0.149832, -0.443641
1.433427, 0.171762, -0.456437
1.327960, 0.224351, -0.413772
0.911479, 0.212570, -0.771556
0.319714, 0.166072, -0.367038
0.928467, 0.252648, -0.858717
0.098801, 0.242200, -0.283148
0.234422, 0.181514, -0.265903
0.016285, 0.209903, -0.254805
0.036821, 0.238042, -0.251436
-0.010602, 0.252616, -0.260672
2.768487, -0.694106, -0.422085
2.629845, -0.700021, -0.436165
2.747381, -0.570808, -0.437040
2.695151, -0.620041, -0.414601
2.782384, -0.676632, -0.345784
2.701894, -0.680552, -0.326737
2.775873, -0.636806, -0.347790
2.634343, -0.651375, -0.324242
2.431714, -0.989231, -0.253003
2.517463, -0.995221, -0.308770
2.061062, -0.969519, -0.226335
2.153212, -0.958247, -0.256313
1.989246, -0.978652, -0.225682
1.672137, -0.995483, -0.174749
1.855247, -0.971975, -0.186250
1.866245, -0.973614, -0.199776
0.809889, -0.077700, -0.394615
0.919963, -0.070505, -0.398070
0.845083, -0.006051, -0.397078
0.948986, 0.041952, -0.389866
1.095157, -0.018708, -0.437017
1.122531, -0.025594, -0.393927
1.063717, 0.029258, -0.415476
1.097794, 0.065864, -0.391697
2.695076, -0.772979, -0.636812
2.644581, -0.749727, -0.586724
2.678066, -0.726736, -0.571712
2.594546, -0.738967, -0.602349
2.725221, -0.771493, -0.534626
2.691653, -0.805431, -0.572366
2.721942, -0.692216, -0.545264
2.641499, -0.748097, -0.515644
2.345103, -0.780087, -0.550821
2.301524, -0.804388, -0.521048
2.409180, -0.735063, -0.493009
2.280856, -0.771132, -0.474823
2.472449, -0.815457, -0.512387
2.344246, -0.820311, -0.505055
2.437727, -0.789857, -0.437163
2.327142, -0.797124, -0.431810
1.231568, -0.999263, -0.152285
1.165530, -1.000640, -0.141981
1.075700, -0.971891, -0.022650
0.580635, -0.967476, 0.115816
1.248049, -1.007816, -0.182525
1.128505, -1.009897, -0.168981
-0.397801, -0.942847, -0.017865
-0.703671, -0.920410, -0.176048
1.133467, -0.011424, -0.344100
1.002400, -0.028221, -0.331445
1.174115, 0.049601, -0.358838
0.963075, -0.007661, -0.307595
1.290548, -0.038999, -0.369616
1.196695, -0.014322, -0.333423
1.193497, 0.050057, -0.353407
1.140345, 0.021969, -0.312985
-0.075807, 0.072369, -0.308133
-0.213849, 0.119973, -0.338877
0.892346, 0.113471, -0.796875
0.457735, 0.121571, -0.433075
0.013668, 0.089284, -0.244848
-0.184003, 0.127080, -0.288573
0.090864, 0.168625, -0.226227
-0.177566, 0.165409, -0.296621
2.641691, -0.777018, -0.454255
2.565379, -0.786699, -0.451293
2.592896, -0.736994, -0.430281
2.488060, -0.728158, -0.418384
2.621960, -0.796330, -0.380648
2.597028, -0.829103, -0.385104
2.610085, -0.737448, -0.301788
2.572261, -0.794298, -0.343072
1.468866, 0.665494, -0.790646
1.329026, 0.618220, -0.724882
1.399125, 0.681197, -0.785392
1.354587, 0.737145, -0.789776
1.535521, 0.606690, -0.787543
1.621515, 0.606343, -0.756195
1.699963, 0.699610, -0.820535
1.528487, 0.713886, -0.779965
2.841255, -0.264644, -0.174345
2.538404, -0.321273, -0.163506
2.658533, -0.252276, -0.164834
2.488807, -0.168076, -0.155084
1.767139, -0.322009, -0.094302
2.404325, -0.334544, -0.148224
2.768556, -0.176032, -0.153709
2.439253, -0.257507, -0.161795
-0.517229, -0.298833, -0.684193
-0.561185, -0.347866, -0.669451
-0.423474, -0.272798, -0.634460
-0.247242, -0.173862, -0.635303
0.327690, -0.358185, -0.533312
0.033948, -0.366389, -0.493812
-0.096966, -0.301093, -0.495432
-0.305650, -0.226156, -0.551930
2.352718, 0.510360, -0.613859
2.291585, 0.552189, -0.615827
2.366337, 0.584739, -0.619870
2.228568, 0.606407, -0.629859
2.472512, 0.517185, -0.586434
2.400838, 0.552502, -0.527888
2.478990, 0.584307, -0.549098
2.442650, 0.642817, -0.549381
1.390021, 0.535545, -0.697290
1.241094, 0.472899, -0.636523
1.278463, 0.604251, -0.694880
1.219300, 0.554458, -0.636391
1.489458, 0.469684, -0.706971
1.562828, 0.540678, -0.676223
1.443653, 0.574430, -0.703760
1.445581, 0.553195, -0.665321
2.656207, -0.421985, -0.190774
2.039561, -0.467420, -0.133317
2.540509, -0.406244, -0.175870
2.088300, -0.410292, -0.135186
0.854743, -0.455718, 0.103748
0.413711, -0.480428, 0.182570
1.338608, -0.418960, 0.024632
1.379156, -0.386563, 0.012626
-0.549325, -0.430438, -0.741532
-0.529090, -0.477958, -0.679811
-0.295566, -0.352412, -0.671978
-0.291225, -0.358482, -0.623068
-0.050694, -0.533941, -0.492299
-0.314582, -0.551648, -0.524490
-0.290935, -0.450086, -0.541866
0.386813, -0.471904, -0.550314
2.241414, 0.433704, -0.529201
2.092897, 0.421445, -0.543885
2.198745, 0.476281, -0.531195
2.055134, 0.457810, -0.535404
2.324882, 0.391755, -0.484345
2.208171, 0.409236, -0.484660
2.294778, 0.503385, -0.504198
2.118784, 0.454605, -0.485883
-0.148442, -0.435291, -0.578860
-0.153608, -0.454606, -0.573976
0.012872, -0.368173, -0.547546
-0.074318, -0.341239, -0.540956
-0.375181, -0.464350, -0.597285
-0.057777, -0.476384, -0.515725
-0.403314, -0.417642, -0.623665
-0.186580, -0.411351, -0.524614
2.431972, 0.405685, -0.644695
2.431682, 0.382222, -0.611561
2.474915, 0.483000, -0.656221
2.400285, 0.442094, -0.624604
2.520957, 0.416971, -0.615847
2.467692, 0.419233, -0.589515
2.602222, 0.479950, -0.602836
2.538026, 0.503045, -0.585186
1.243545, 0.350891, -0.580572
1.098899, 0.349822, -0.537292
1.222653, 0.459901, -0.577163
1.207922, 0.466793, -0.564326
1.400284, 0.417050, -0.599445
1.380106, 0.383394, -0.565466
1.504263, 0.447990, -0.625121
1.424499, 0.465962, -0.587612
2.373477, -0.600107, -0.175523
2.223272, -0.580188, -0.146925
2.092703, -0.543692, -0.132537
1.952751, -0.561472, -0.136555
0.877165, -0.631030, 0.094161
1.389730, -0.678628, -0.009624
0.982651, -0.575690, 0.076863
0.059886, -0.493351, 0.176305
-0.324170, -0.622490, -0.583927
-0.361974, -0.650360, -0.603821
-0.301500, -0.552862, -0.589112
-0.379961, -0.471335, -0.678724
0.404341, -0.658830, -0.604107
-0.602120, -0.691801, -0.606827
0.130777, -0.606507, -0.514854
-0.022761, -0.599010, -0.489632
1.985611, 0.263204, -0.491394
1.903855, 0.278597, -0.428427
1.965876, 0.354780, -0.483442
1.890281, 0.337674, -0.472399
2.107898, 0.278243, -0.462834
1.986117, 0.271234, -0.422594
2.108191, 0.350892, -0.424398
2.068765, 0.335159, -0.414771
-0.164083, -0.565804, -0.626516
0.195062, -0.586240, -0.625301
-0.068398, -0.464758, -0.592270
-0.035387, -0.477873, -0.587774
0.395271, -0.561746, -0.713613
0.054779, -0.580829, -0.566973
0.400809, -0.554707, -0.711356
0.085646, -0.492939, -0.561588
2.583295, 0.274515, -0.684263
2.480114, 0.250064, -0.685278
2.491109, 0.324951, -0.717690
2.575397, 0.348715, -0.652220
2.637752, 0.257047, -0.667695
2.627374, 0.275277, -0.611904
2.655297, 0.358945, -0.677186
2.679703, 0.345069, -0.596429
1.161519, 0.280690, -0.517119
0.958379, 0.254510, -0.452624
1.174779, 0.297656, -0.512059
0.990410, 0.346780, -0.450288
1.374470, 0.277060, -0.539338
1.261492, 0.219386, -0.490266
1.361233, 0.311340, -0.536142
1.180406, 0.324903, -0.495167
2.053165, -0.717513, -0.170689
1.626411, -0.790470, -0.089875
2.098240, -0.654206, -0.159865
1.833335, -0.727264, -0.135462
0.908900, -0.766925, 0.069314
1.268651, -0.815958, 0.006330
0.114981, -0.643435, 0.170293
0.936263, -0.768133, 0.058860
-0.389101, -0.730050, -0.648485
-0.393999, -0.706030, -0.735406
-0.438542, -0.702375, -0.664382
-0.514352, -0.727127, -0.669994
-0.439872, -0.843385, -0.641452
-0.285344, -0.793216, -0.537031
-0.375720, -0.749618, -0.532172
-0.673483, -0.718254, -0.621093
1.811148, 0.167887, -0.411961
1.701174, 0.144566, -0.397751
1.768210, 0.198102, -0.404235
1.646221, 0.194358, -0.368896
1.934533, 0.115156, -0.384489
1.787506, 0.143002, -0.367205
1.836064, 0.247548, -0.379614
1.747622, 0.191245, -0.351582
2.733652, -0.092579, -0.951869
2.739849, -0.092038, -0.881468
2.638294, -0.046561, -0.954346
2.640127, -0.049250, -0.888799
2.817012, -0.097698, -0.909935
2.773249, -0.132940, -0.872406
2.821209, -0.070057, -0.905113
2.790217, -0.029582, -0.856873
2.604780, -0.242145, -0.833947
2.564516, -0.247467, -0.799068
2.656530, -0.162496, -0.832641
2.638038, -0.147159, -0.789608
2.740760, -0.245108, -0.812107
2.805400, -0.255795, -0.758810
2.755155, -0.152259, -0.801510
2.751887, -0.172196, -0.758807
2.630654, -0.367899, -0.765003
2.617831, -0.364902, -0.696744
2.541539, -0.310551, -0.762364
2.481005, -0.308065, -0.723689
2.686078, -0.327076, -0.750525
2.654615, -0.338416, -0.689871
2.769988, -0.295237, -0.721508
2.649299, -0.293321, -0.674814
2.517828, -0.464403, -0.698566
2.417560, -0.502341, -0.693459
2.547678, -0.413842, -0.699053
2.523028, -0.454891, -0.642129
2.551634, -0.477454, -0.661153
2.510211, -0.529948, -0.642003
2.663834, -0.406628, -0.653322
2.605940, -0.457459, -0.628163
2.376887, -0.650550, -0.691797
2.380083, -0.664307, -0.642377
2.420090, -0.601391, -0.634438
2.316901, -0.546377, -0.645702
2.585286, -0.611104, -0.604259
2.495067, -0.652248, -0.609007
2.557435, -0.593508, -0.593400
2.401306, -0.588048, -0.606180
2.176665, -0.670219, -0.558268
1.926912, -0.660810, -0.539577
2.000295, -0.597323, -0.549435
2.091708, -0.599526, -0.523206
2.215125, -0.652693, -0.553665
2.175266, -0.697625, -0.500485
2.227520, -0.615959, -0.508122
2.050418, -0.650285, -0.510400
2.412779, -0.778366, -0.721997
2.334012, -0.756439, -0.654557
2.318537, -0.715370, -0.657727
2.241853, -0.725744, -0.627002
2.465984, -0.769781, -0.622539
2.375402, -0.786287, -0.632378
2.378578, -0.692308, -0.603983
2.358510, -0.749205, -0.592462
0.995335, 0.451689, -0.594722
0.847860, 0.490771, -0.504701
1.088439, 0.569514, -0.665911
0.920222, 0.583449, -0.549118
1.136697, 0.484205, -0.671724
1.166744, 0.523123, -0.662634
1.188239, 0.592617, -0.706803
1.098345, 0.579840, -0.646567
3.045714, -0.413966, -0.369589
3.028907, -0.373507, -0.356564
3.043881, -0.319908, -0.313280
3.029833, -0.352106, -0.361089
3.058797, -0.374616, -0.290798
2.866276, -0.413483, -0.213386
2.917045, -0.383688, -0.214953
3.008909, -0.335244, -0.275388
-0.757759, -0.578318, -0.954607
-0.177738, -0.387946, -1.001184
-0.096633, -0.369044, -1.029030
-0.000883, -0.336108, -1.027731
-0.298539, -0.383484, -0.682272
0.283424, -0.428755, -0.660038
-0.162291, -0.255761, -0.745484
0.555944, -0.289665, -0.952179
1.907837, 0.391138, -0.645853
1.837499, 0.411078, -0.600118
2.069657, 0.473624, -0.649587
1.937205, 0.446976, -0.597156
2.223718, 0.359174, -0.641923
2.108597, 0.382279, -0.607436
2.196701, 0.449163, -0.642109
2.147026, 0.480195, -0.615998
0.614382, 0.328956, -0.401590
0.684005, 0.340634, -0.407326
0.874400, 0.426712, -0.499392
0.627343, 0.416313, -0.390254
1.131349, 0.380170, -0.619290
1.083777, 0.362551, -0.578548
1.161473, 0.419328, -0.619383
1.147857, 0.438012, -0.593756
2.916161, -0.518172, -0.313826
2.794353, -0.593857, -0.263148
2.887562, -0.461745, -0.268194
2.823552, -0.480478, -0.272085
2.681180, -0.601020, -0.216271
2.756706, -0.559123, -0.246442
2.825167, -0.488200, -0.243329
2.743112, -0.469119, -0.226999
0.117100, -0.583420, -1.007298
0.275333, -0.547651, -0.958328
-0.160172, -0.552949, -1.013554
0.269660, -0.456427, -0.956102
-0.328216, -0.526239, -0.737668
-0.402663, -0.569430, -0.682108
-0.326012, -0.487598, -0.659411
-0.246282, -0.466817, -0.776560
1.776105, 0.224188, -0.565059
1.813399, 0.248536, -0.530096
1.918226, 0.333625, -0.582374
1.700130, 0.328273, -0.529050
2.043671, 0.300126, -0.559865
1.982249, 0.253552, -0.544410
2.103225, 0.328252, -0.576955
2.005588, 0.342718, -0.542741
-0.521511, -0.621387, -0.972689
-0.126599, -0.595385, -1.008494
-0.510828, -0.561716, -0.993307
0.065306, -0.463750, -0.997073
0.452796, -0.594194, -0.839493
0.051399, -0.567644, -0.631028
-0.786353, -0.650223, -0.941889
-0.217603, -0.422221, -0.708214
2.001213, 0.270824, -0.694244
1.937280, 0.254693, -0.650424
2.115274, 0.305823, -0.697448
1.954235, 0.291432, -0.654210
2.245634, 0.277003, -0.698690
2.258503, 0.254959, -0.663373
2.313964, 0.322861, -0.668812
2.174283, 0.292541, -0.658563
0.196535, -0.726478, -0.879776
0.265952, -0.705285, -0.889254
0.207792, -0.654861, -0.912539
0.235078, -0.659448, -0.924158
-0.363735, -0.675635, -0.716121
0.346871, -0.767778, -0.957756
-0.389965, -0.593735, -0.716418
0.421338, -0.694744, -0.899518
1.633606, 0.109849, -0.476882
1.547255, 0.082862, -0.434714
1.684784, 0.218446, -0.488622
1.625133, 0.196354, -0.455769
1.968624, 0.161161, -0.503109
1.827958, 0.124097, -0.455948
1.934884, 0.236810, -0.501194
1.723428, 0.211175, -0.458781
-0.710843, -0.715291, 0.050162
0.024388, -0.674882, -0.939482
-0.076562, -0.669627, -1.002954
0.145122, -0.624898, -0.910538
-0.516883, -0.853954, -0.985277
-0.590116, -0.857866, -0.940303
-0.579272, -0.781897, -0.974403
0.425440, -0.713410, -0.817358
2.243130, 0.104036, -0.738031
2.228499, 0.109503, -0.715289
2.121835, 0.178294, -0.759161
2.067831, 0.163441, -0.716636
2.364888, 0.101763, -0.741188
2.291988, 0.094988, -0.709139
2.365462, 0.195547, -0.754678
2.399954, 0.162709, -0.694080
0.965572, 0.299305, -0.855149
0.956647, 0.312913, -0.849885
0.895105, 0.404318, -0.681221
0.928708, 0.352839, -0.969557
0.739186, 0.346551, -0.482798
0.501937, 0.303429, -0.395184
0.648689, 0.410932, -0.463166
0.451520, 0.393224, -0.358565
2.983866, -0.482429, -0.496010
2.932737, -0.490722, -0.530814
2.981559, -0.463345, -0.525350
2.931287, -0.428767, -0.530494
3.037246, -0.480038, -0.458824
2.963199, -0.489790, -0.375295
3.042461, -0.438148, -0.439238
2.990767, -0.452138, -0.366203
0.257991, -0.754345, 0.189708
-0.203872, -0.743795, 0.133079
-0.297351, -0.684576, 0.100392
-0.516650, -0.675491, 0.011735
-0.980385, -0.491460, -0.099650
-0.827941, -0.606024, 0.000533
-0.834870, -0.531963, -0.016708
0.197266, -0.407992, -0.975016
1.622217, 0.218587, -0.618464
1.585339, 0.260878, -0.555198
1.639161, 0.332232, -0.623840
1.507029, 0.327420, -0.588788
1.732033, 0.223020, -0.598548
1.701002, 0.229163, -0.560948
1.762443, 0.324527, -0.602915
1.662198, 0.312801, -0.588135
0.927113, 0.178557, -0.868878
0.837789, 0.211417, -0.666708
0.540745, 0.246449, -0.440616
0.916215, 0.258241, -0.957310
0.291781, 0.204839, -0.318130
0.188503, 0.162004, -0.277234
0.313409, 0.226301, -0.339163
0.223574, 0.237682, -0.303133
2.877071, -0.668794, -0.440193
2.786673, -0.634043, -0.403303
2.861060, -0.570814, -0.472922
2.801301, -0.578062, -0.441039
2.912966, -0.649823, -0.363811
2.838490, -0.672679, -0.346887
2.917233, -0.603118, -0.372217
2.794558, -0.573604, -0.370194
0.227299, -0.855828, 0.167554
0.743897, -0.932500, 0.090842
0.516715, -0.870582, 0.157176
0.110797, -0.851574, 0.171402
-0.822458, -0.693928, 0.031945
-0.787461, -0.754638, -0.000511
-0.168641, -0.645328, -0.960177
-0.575678, -0.630650, -0.882526
1.556824, 0.118880, -0.540893
1.427214, 0.134304, -0.505732
1.548668, 0.148473, -0.534060
1.318007, 0.185879, -0.482446
1.706893, 0.084048, -0.536036
1.610509, 0.135930, -0.513468
1.691179, 0.209662, -0.543838
1.528074, 0.171939, -0.511957
1.170718, -0.884371, 0.024348
0.409607, -0.859649, 0.170686
-0.185769, -0.750295, 0.152906
-0.126782, -0.808326, 0.160095
-0.587604, -0.899431, -0.006243
-0.717906, -0.853451, -0.033754
-0.995200, -0.528095, -0.157028
-0.581873, -0.796483, -0.023006
1.760854, 0.130368, -0.680561
1.644451, 0.078532, -0.627984
1.675912, 0.157959, -0.682710
1.635628, 0.199414, -0.626912
1.989271, 0.137329, -0.684968
1.889615, 0.085870, -0.652651
1.904653, 0.166710, -0.671077
1.934795, 0.171832, -0.665100
0.151870, 0.037095, -0.325704
0.013324, 0.082142, -0.295866
0.254683, 0.151517, -0.339833
-0.047119, 0.160077, -0.284580
0.077628, 0.091399, -0.272240
0.110670, 0.032563, -0.258809
0.079088, 0.124047, -0.258551
0.188786, 0.166690, -0.250540
2.815820, -0.812420, -0.468437
2.729784, -0.789597, -0.420685
2.762167, -0.691059, -0.448015
2.689354, -0.736466, -0.454285
2.862090, -0.796010, -0.375699
2.786066, -0.820821, -0.378691
2.806913, -0.749304, -0.367647
2.685612, -0.772753, -0.348290
1.390794, -0.988457, -0.132219
1.671185, -1.005281, -0.197545
1.159237, -0.968076, -0.041244
1.033094, -0.966012, 0.010761
1.212154, -1.010995, -0.168028
1.359777, -1.007160, -0.188556
-0.444647, -0.934825, 0.035572
-0.781688, -0.935138, -0.076996
1.270253, -0.001634, -0.429217
1.202257, -0.073331, -0.401466
1.315651, 0.046405, -0.453284
1.207732, 0.017421, -0.413435
1.530535, -0.046744, -0.447657
1.353168, -0.065655, -0.396901
1.367921, 0.013670, -0.434964
1.306178, 0.039588, -0.403419
3.290956, -0.955637, -0.157621
1.761210, -0.972344, -0.114770
2.344448, -0.918068, -0.145820
1.224160, -0.928303, 0.004830
2.566498, -0.966741, -0.162728
0.685581, -0.987246, 0.109639
-0.217180, -0.916504, 0.141917
-0.336270, -0.922884, 0.038453
1.844460, -0.031182, -0.730693
1.766838, -0.003629, -0.706753
1.708358, 0.041084, -0.722138
1.724334, 0.035063, -0.716797
1.873952, -0.043595, -0.735370
1.899187, -0.021663, -0.712897
1.966240, 0.040223, -0.760255
1.920574, 0.056496, -0.729772
1.275428, -0.338095, -0.419704
1.177461, -0.354899, -0.393002
1.325114, -0.213933, -0.433917
1.198788, -0.224244, -0.402925
1.325795, -0.286068, -0.414159
1.300474, -0.301359, -0.401251
1.458573, -0.260547, -0.429176
1.398118, -0.280407, -0.397537
1.796977, -0.256795, -0.728474
1.782784, -0.294673, -0.688282
1.741836, -0.203085, -0.742331
1.705099, -0.222732, -0.689125
2.017177, -0.255447, -0.748409
1.884725, -0.245617, -0.700340
1.978071, -0.180962, -0.720076
1.989991, -0.222725, -0.696189
1.585186, -0.421264, -0.637224
1.639114, -0.373605, -0.632436
1.589860, -0.344140, -0.651769
1.600166, -0.355528, -0.616354
1.864404, -0.408482, -0.677061
1.781259, -0.432006, -0.613768
1.874164, -0.314891, -0.647237
1.817929, -0.315539, -0.637348
1.352617, -0.429857, -0.486040
1.179100, -0.465044, -0.447685
1.395159, -0.393409, -0.508453
1.362836, -0.357539, -0.466033
1.482960, -0.417376, -0.504061
1.430506, -0.479518, -0.461181
1.457445, -0.367866, -0.491884
1.493165, -0.359068, -0.464708
1.438577, -0.539271, -0.579916
1.444628, -0.544101, -0.525333
1.512851, -0.503803, -0.580406
1.332376, -0.489848, -0.534072
1.557050, -0.576147, -0.572746
1.501197, -0.582763, -0.558229
1.614483, -0.457762, -0.571501
1.543125, -0.468340, -0.529364
2.814018, -0.625763, -0.697782
2.794194, -0.596388, -0.619362
2.773493, -0.519629, -0.691743
2.778497, -0.567393, -0.683331
2.883656, -0.609260, -0.621377
2.867559, -0.617478, -0.546049
2.929314, -0.565616, -0.590520
2.896288, -0.585366, -0.542072
2.269086, -0.898617, -0.180682
2.203178, -0.853255, -0.199466
2.425000, -0.837545, -0.198007
2.278589, -0.796201, -0.191134
2.241704, -0.885685, -0.176036
1.479866, -0.939855, -0.076139
1.382584, -0.869441, -0.020059
1.828854, -0.856726, -0.133059
1.264865, 0.119137, -0.561860
1.186152, 0.103290, -0.554947
1.207175, 0.147205, -0.582713
1.074789, 0.195719, -0.526795
1.474121, 0.108661, -0.587830
1.236763, 0.083383, -0.522087
1.365403, 0.195707, -0.581234
1.351228, 0.151022, -0.548479
2.778469, -0.748105, -0.647560
2.738798, -0.772361, -0.650190
2.745641, -0.711244, -0.645384
2.755084, -0.692870, -0.598414
2.841790, -0.786708, -0.615362
2.805624, -0.764005, -0.538920
2.843344, -0.705299, -0.600310
2.750550, -0.680213, -0.572414
2.731612, -0.967659, -0.212772
2.614508, -0.973563, -0.240187
2.316466, -0.971868, -0.188400
2.389676, -0.958230, -0.237962
1.897239, -0.979539, -0.175748
2.348274, -0.998753, -0.219984
1.967435, -0.944134, -0.185644
1.453719, -0.950030, -0.088865
1.017229, -0.033646, -0.488458
0.975043, -0.054776, -0.463079
1.030977, 0.019614, -0.481259
0.927034, 0.050011, -0.440333
1.228988, -0.032234, -0.497668
1.240019, -0.004865, -0.477205
1.277273, 0.029515, -0.505118
1.172259, 0.048789, -0.455485
3.032262, -0.935823, -0.226524
3.082057, -0.959798, -0.252632
3.003176, -0.922460, -0.214819
2.881912, -0.893107, -0.229556
2.862464, -0.961570, -0.164115
2.650623, -0.954436, -0.177363
2.050756, -0.925967, -0.168069
2.539956, -0.893634, -0.189940
1.238449, -0.000909, -0.633516
1.322091, -0.009322, -0.597025
1.395357, 0.010768, -0.665664
1.169688, 0.011604, -0.610225
1.462684, -0.009121, -0.664956
1.517838, -0.039374, -0.613324
1.499870, 0.037284, -0.650643
1.361382, 0.020618, -0.616008
1.323658, -0.252952, -0.652953
1.164844, -0.304003, -0.581825
1.254300, -0.186900, -0.620866
1.229929, -0.243207, -0.607541
1.406958, -0.281306, -0.649281
1.345230, -0.288317, -0.590146
1.563828, -0.208673, -0.664070
1.396357, -0.205287, -0.618755
0.934296, -0.328539, -0.472137
1.017711, -0.300546, -0.467218
1.058422, -0.228444, -0.473646
0.955393, -0.212536, -0.453144
1.256959, -0.319249, -0.510776
1.161554, -0.329510, -0.451431
1.189157, -0.207659, -0.493449
1.133726, -0.264348, -0.450778
0.993058, -0.400988, -0.526094
1.140772, -0.446425, -0.522129
1.092008, -0.371484, -0.544475
0.907144, -0.399243, -0.479245
1.423409, -0.401405, -0.587264
1.190143, -0.429420, -0.518196
1.409277, -0.322307, -0.579643
1.260780, -0.382200, -0.545723
0.436072, -0.293213, -0.366585
0.308442, -0.301976, -0.316185
0.148114, -0.244972, -0.315769
0.395813, -0.284529, -0.336624
0.942236, -0.266523, -0.515858
0.895241, -0.279734, -0.480080
0.697310, -0.213028, -0.429448
0.980403, -0.204744, -0.504648
2.893667, -0.916093, -0.387954
2.876206, -0.939879, -0.401756
2.885997, -0.858692, -0.388911
2.771749, -0.849762, -0.350302
2.916475, -0.952059, -0.312533
2.813366, -0.944828, -0.262757
2.798660, -0.872323, -0.264982
2.783207, -0.921051, -0.266098
0.245477, -0.049374, -0.298588
0.126684, -0.039294, -0.270363
0.501999, -0.017900, -0.355171
0.302657, -0.019529, -0.293141
0.823819, -0.026975, -0.464144
0.900335, -0.038763, -0.479234
1.033631, 0.045038, -0.535475
0.818521, 0.005719, -0.443364
2.058001, 0.805417, -0.765107
1.902707, 0.816834, -0.713274
2.064772, 0.857057, -0.800806
1.906690, 0.899516, -0.792485
2.060874, 0.810116, -0.745749
2.074135, 0.827971, -0.744211
2.222280, 0.844439, -0.773888
2.195099, 0.851379, -0.776104
-0.463479, 0.024222, -0.987969
-0.423087, 0.038001, -0.992766
0.374154, 0.179523, -0.938937
-0.544426, 0.106465, -0.967586
-0.253291, 0.098943, -0.686159
-0.186981, 0.147475, -0.729260
-0.194478, 0.179425, -0.734639
-0.098846, 0.094798, -0.554927
1.520810, 0.803589, -0.613350
1.383847, 0.794486, -0.562492
1.524259, 0.858891, -0.664226
1.504330, 0.919802, -0.738740
1.761669, 0.812510, -0.677526
1.619178, 0.806502, -0.601423
1.814737, 0.884854, -0.752329
1.619609, 0.875620, -0.689014
-0.453863, -0.136558, -0.062455
-0.900532, -0.069569, -0.135775
-0.851474, 0.005772, -0.145765
-0.794237, 0.012631, -0.154159
-0.792189, 0.002848, -0.008986
-0.747147, 0.018018, 0.015370
-0.778997, 0.063200, -0.023146
0.328686, 0.132485, -0.750703
1.724587, 0.822966, -0.773211
1.613134, 0.823766, -0.741581
1.774037, 0.868816, -0.823822
1.626322, 0.879539, -0.778132
1.860622, 0.804048, -0.801499
1.789830, 0.797008, -0.756883
1.861134, 0.907815, -0.878362
1.792401, 0.850296, -0.782140
-0.419062, -0.104920, -0.008904
-0.782325, -0.095302, -0.110623
-0.555486, -0.040086, -0.057659
-0.563274, -0.031865, -0.063378
0.306232, 0.131541, -0.908527
-0.731781, -0.014521, 0.015747
-0.769547, 0.064388, -0.033235
-0.757356, 0.199866, 0.058989
1.453928, 0.639258, -0.582229
1.385245, 0.702503, -0.560354
1.530005, 0.731621, -0.635905
1.405483, 0.754392, -0.599044
1.589886, 0.648910, -0.582499
1.696311, 0.688900, -0.592781
1.796046, 0.750075, -0.690847
1.582818, 0.760555, -0.615539
-0.669120, -0.261039, -0.093225
-0.691534, -0.227130, -0.109661
-0.662088, -0.157721, -0.096326
-0.838851, -0.120406, -0.161191
-0.975856, -0.031991, -0.585922
-0.876485, -0.146224, -0.000723
-0.761674, -0.051325, 0.042743
0.300886, -0.006707, -0.724084
1.026823, 0.670643, -0.474299
1.013409, 0.712519, -0.446932
1.110424, 0.796954, -0.546525
0.973666, 0.785980, -0.471763
1.147338, 0.688691, -0.483546
1.203624, 0.731522, -0.473227
1.365778, 0.783564, -0.596738
1.186597, 0.760689, -0.512398
1.646740, -0.352509, -0.094050
1.310294, -0.307346, 0.007504
1.159592, -0.289125, 0.044259
1.299969, -0.298743, 0.007472
-0.201974, -0.296572, 0.109814
-0.274480, -0.269739, 0.062912
0.533527, -0.242502, 0.147754
0.677813, -0.218903, 0.115097
1.384293, 0.647581, -0.677060
1.176954, 0.702489, -0.608486
1.257309, 0.754384, -0.663936
1.267729, 0.712828, -0.629190
1.390268, 0.658283, -0.665279
1.481351, 0.679572, -0.643891
1.501928, 0.750670, -0.728442
1.537721, 0.753888, -0.698361
2.209829, -0.353425, -0.146754
2.214440, -0.306355, -0.164505
1.962950, -0.238393, -0.137509
1.491394, -0.255052, -0.021529
0.622878, -0.360052, 0.129425
0.065411, -0.337854, 0.177204
0.684922, -0.212721, 0.132309
0.312243, -0.287170, 0.178630
1.098960, 0.498741, -0.522648
1.103061, 0.580940, -0.479933
1.258518, 0.619486, -0.567853
1.161039, 0.578398, -0.511407
1.332453, 0.537858, -0.573185
1.153935, 0.530297, -0.481540
1.322091, 0.606897, -0.567597
1.265832, 0.595428, -0.519680
1.838299, -0.499394, -0.126447
1.726149, -0.513700, -0.115583
1.894875, -0.379381, -0.138875
1.548740, -0.426701, -0.064203
0.054641, -0.447310, 0.179699
-0.127051, -0.427089, 0.170487
0.026034, -0.410519, 0.179223
-0.196827, -0.376002, 0.124735
2.473988, 0.290589, -0.239907
2.293981, 0.339817, -0.228622
2.486402, 0.351816, -0.249589
2.379291, 0.392594, -0.247926
2.075972, 0.286506, -0.160176
2.192120, 0.278803, -0.189222
2.279634, 0.349808, -0.202484
1.890332, 0.387926, -0.144142
2.208982, 0.180004, -0.227103
2.138812, 0.112010, -0.205384
2.270671, 0.259357, -0.228107
2.109648, 0.196881, -0.202652
1.756445, 0.195524, -0.105745
1.529709, 0.199025, -0.061377
1.759780, 0.275271, -0.122177
1.491160, 0.275784, -0.047214
2.726502, 0.138890, -0.273539
2.638583, 0.119572, -0.263063
2.644233, 0.240596, -0.247865
2.535751, 0.216059, -0.251482
2.596393, 0.135171, -0.221419
2.521758, 0.132049, -0.197010
2.588236, 0.205239, -0.221442
2.547592, 0.252824, -0.222712
0.148590, 0.693084, -0.216401
-0.058239, 0.704469, -0.266598
0.085222, 0.737217, -0.245600
-0.351989, 0.763866, -0.368262
0.780778, 0.726947, -0.368554
0.590691, 0.761907, -0.303056
0.644562, 0.789032, -0.333161
0.511733, 0.771185, -0.285651
1.633313, -0.299506, -0.122891
1.688327, -0.296371, -0.148886
1.894607, -0.266297, -0.198346
1.454093, -0.273255, -0.068248
1.675818, -0.327374, -0.129395
1.287051, -0.331019, -0.009411
1.584453, -0.252115, -0.089937
1.515558, -0.269793, -0.081476
0.994854, 0.653263, -0.569553
0.873932, 0.627813, -0.498574
1.050526, 0.701838, -0.621829
0.933083, 0.747578, -0.548494
1.098961, 0.675044, -0.633973
0.986677, 0.651234, -0.549890
1.163399, 0.734600, -0.672667
1.107032, 0.767420, -0.638647
2.899058, -0.300853, -0.318800
2.855397, -0.281120, -0.282080
2.909750, -0.191785, -0.295106
2.770871, -0.196708, -0.243447
2.781095, -0.291941, -0.197865
2.794651, -0.256570, -0.234954
2.775016, -0.221994, -0.203596
2.699796, -0.235905, -0.222639
0.208118, 0.520753, -0.216586
0.277296, 0.508514, -0.214953
0.174618, 0.565624, -0.208172
0.029803, 0.607442, -0.231957
0.869467, 0.523374, -0.416513
0.524049, 0.551633, -0.287246
0.890714, 0.598718, -0.416565
0.783897, 0.663938, -0.377150
2.244067, -0.451826, -0.234554
2.017398, -0.513797, -0.203045
2.177139, -0.386829, -0.200746
2.024058, -0.416315, -0.224654
2.024922, -0.494717, -0.186418
1.810641, -0.463848, -0.153727
1.895848, -0.365563, -0.168962
1.654166, -0.382039, -0.107144
0.498664, 0.494552, -0.329681
0.256923, 0.460626, -0.247878
0.791532, 0.556370, -0.436765
0.588353, 0.559477, -0.351405
1.021708, 0.528393, -0.526825
0.891666, 0.533386, -0.472310
1.015166, 0.553911, -0.528158
0.902788, 0.573089, -0.472672
2.600486, -0.434291, -0.239711
2.540588, -0.432986, -0.237965
2.697419, -0.330344, -0.236035
2.595773, -0.341271, -0.263110
2.570877, -0.440293, -0.227835
2.363925, -0.440004, -0.189443
2.559579, -0.395047, -0.218638
2.316040, -0.408660, -0.177346
0.347170, 0.331551, -0.265364
0.302051, 0.381517, -0.241370
0.372102, 0.443704, -0.270449
0.447801, 0.466758, -0.282069
0.733952, 0.407200, -0.392275
0.694833, 0.416191, -0.366517
0.881768, 0.458470, -0.443767
0.561028, 0.457909, -0.318306
2.460253, -0.564797, -0.243633
2.210249, -0.623705, -0.222633
2.503076, -0.487381, -0.266250
2.364176, -0.484823, -0.240798
2.172906, -0.575487, -0.160826
2.233721, -0.577409, -0.198726
2.348761, -0.516254, -0.209291
2.120225, -0.552660, -0.178061
0.630737, -0.376863, -0.739121
0.663410, -0.387757, -0.837518
0.707550, -0.265139, -0.932655
0.722119, -0.252003, -0.938133
0.545090, -0.436167, -1.022215
-0.191930, -0.540548, -1.040569
-0.105284, -0.384737, -1.042278
-0.790656, -0.576506, -0.990588
2.534652, 0.519882, -0.522668
2.495885, 0.578276, -0.490109
2.544083, 0.636994, -0.528235
2.463814, 0.616598, -0.507957
2.611484, 0.585171, -0.490493
2.519491, 0.583281, -0.454203
2.653129, 0.621929, -0.479635
2.505176, 0.608465, -0.425093
2.583422, 0.448547, -0.335945
2.475940, 0.443431, -0.324917
2.637367, 0.514141, -0.405648
2.554215, 0.502791, -0.390903
2.566273, 0.413985, -0.325763
2.362036, 0.442203, -0.262800
2.541811, 0.492162, -0.281643
2.438806, 0.504814, -0.293369
0.616317, -0.486725, -0.875196
0.647239, -0.512474, -0.775601
0.649011, -0.454480, -0.858013
0.475511, -0.531339, -1.030995
-0.967948, -0.542825, 0.056095
-0.963215, -0.537904, 0.067818
-0.813614, -0.738068, -0.973902
-0.142874, -0.549221, -1.041870
2.380933, 0.425755, -0.444134
2.214598, 0.420732, -0.431110
2.332163, 0.487939, -0.440052
2.234348, 0.496191, -0.407150
2.400090, 0.468496, -0.393498
2.346659, 0.443764, -0.379297
2.445894, 0.491103, -0.400451
2.317873, 0.498027, -0.392067
2.440122, 0.326848, -0.345659
2.267384, 0.335911, -0.336701
2.448592, 0.344035, -0.364438
2.281343, 0.389339, -0.296376
2.333094, 0.271791, -0.258817
2.203586, 0.295265, -0.255877
2.339740, 0.412800, -0.292390
2.166239, 0.367573, -0.263181
0.462236, -0.503617, -0.634512
0.465348, -0.550188, -0.645325
0.438810, -0.465155, -0.604236
0.472322, -0.471758, -0.617391
0.371456, -0.519915, -0.612527
0.498697, -0.488849, -0.709617
0.467159, -0.461849, -0.642978
0.609705, -0.464481, -0.881056
2.682612, 0.396762, -0.535233
2.542799, 0.427398, -0.536436
2.659687, 0.488048, -0.576073
2.582769, 0.475842, -0.519393
2.733336, 0.455014, -0.459556
2.660187, 0.403065, -0.469898
2.752947, 0.453955, -0.483545
2.703906, 0.516660, -0.466746
2.771008, 0.291153, -0.366800
2.632422, 0.297125, -0.348571
2.782131, 0.323965, -0.365108
2.668464, 0.354776, -0.384272
2.743594, 0.319266, -0.345037
2.710232, 0.260204, -0.309013
2.780399, 0.327585, -0.303937
2.624383, 0.349572, -0.315256
0.605978, -0.674832, -0.949997
0.526171, -0.683125, -0.674861
0.638081, -0.598786, -0.823957
0.661822, -0.584644, -0.837167
-0.604775, -0.572460, 0.138927
-0.611593, -0.601721, 0.137371
-0.618430, -0.548357, 0.134954
-0.683406, -0.517916, 0.116061
2.181947, 0.325161, -0.384055
1.979993, 0.264055, -0.381894
2.196174, 0.374138, -0.398913
2.056590, 0.352238, -0.373371
2.143151, 0.311081, -0.332096
2.088475, 0.300834, -0.345640
2.182592, 0.390966, -0.330725
2.009180, 0.362222, -0.306640
2.161794, 0.146914, -0.316173
2.093347, 0.165868, -0.293594
2.136027, 0.240585, -0.300417
2.088836, 0.244390, -0.292953
1.949916, 0.167802, -0.213839
1.925267, 0.161557, -0.208069
2.013754, 0.202211, -0.234833
2.023673, 0.245383, -0.253804
0.111168, -0.542291, -0.593246
0.295477, -0.617605, -0.618992
0.114382, -0.477858, -0.608031
0.322413, -0.559919, -0.612530
0.074760, -0.528383, -0.611478
0.103902, -0.594518, -0.549267
0.215734, -0.499948, -0.618253
0.170152, -0.530047, -0.558140
2.737192, 0.305450, -0.613491
2.763708, 0.256885, -0.537370
2.760350, 0.317460, -0.593451
2.738888, 0.379844, -0.527620
2.823235, 0.264171, -0.540023
2.762372, 0.282028, -0.510401
2.833238, 0.334891, -0.566141
2.827591, 0.325038, -0.477586
2.880332, 0.155852, -0.435717
2.877449, 0.118888, -0.390254
2.937660, 0.238872, -0.444435
2.823977, 0.184226, -0.386325
2.912448, 0.151722, -0.324152
2.902716, 0.164870, -0.339654
2.939042, 0.234330, -0.410492
2.853933, 0.246000, -0.324959
0.628776, -0.801193, -0.961803
0.611697, -0.829048, -0.980951
0.659307, -0.773159, -0.888539
0.651567, -0.774126, -0.944639
-0.703280, -0.811416, 0.111800
-0.729549, -0.872372, 0.101347
-0.644678, -0.678725, 0.125533
-0.724790, -0.772239, 0.110964
1.922959, 0.146557, -0.368105
1.784306, 0.119569, -0.335227
2.018791, 0.216848, -0.352876
1.831301, 0.210184, -0.320467
1.945144, 0.136855, -0.321821
1.849186, 0.187132, -0.290747
1.944652, 0.233504, -0.330002
1.910281, 0.200430, -0.319272
2.907768, -0.123863, -0.931157
2.923580, -0.087271, -0.837579
2.982035, -0.053964, -0.895670
2.892445, -0.029027, -0.867894
3.006467, -0.110167, -0.910954
3.050609, -0.079620, -0.791079
3.020898, -0.020011, -0.880245
3.027454, -0.016632, -0.811003
1.006711, 0.743100, -0.773204
1.040485, 0.849962, -0.831659
1.043448, 0.840371, -0.967144
0.994338, 0.886435, -1.010615
0.990582, 0.752338, -0.719738
0.924562, 0.735310, -0.637630
1.075795, 0.914370, -0.804543
1.045200, 0.904275, -0.777740
3.108085, -0.098834, -0.691974
3.065291, -0.103280, -0.589255
3.102087, -0.075691, -0.653238
3.031039, -0.014118, -0.628520
3.115052, -0.139687, -0.629809
3.131306, -0.100788, -0.460285
3.143384, -0.047721, -0.540441
3.107892, -0.053081, -0.448151
0.927956, 0.717328, -0.743489
-0.789542, 0.827183, -0.507631
0.238305, 0.716174, -0.331785
-0.830632, 0.870052, -0.475758
-0.491261, 0.768060, -0.434062
-0.602207, 0.796717, -0.464092
-0.750351, 0.858564, -0.494581
-0.771106, 0.841966, -0.470387
1.964916, -0.308763, -0.294360
1.748252, -0.334172, -0.232984
1.883423, -0.214132, -0.275488
1.680710, -0.236513, -0.219662
1.868576, -0.294819, -0.245670
1.668728, -0.304938, -0.200930
1.878939, -0.213307, -0.242704
1.608601, -0.278350, -0.153641
2.874613, -0.202569, -0.757601
2.824501, -0.246820, -0.722132
2.919599, -0.146718, -0.753158
2.867734, -0.191298, -0.723096
2.993517, -0.253858, -0.728154
2.993102, -0.246992, -0.603024
2.965849, -0.148231, -0.721398
2.961246, -0.198259, -0.632190
0.928221, 0.567599, -0.710085
0.915438, 0.560926, -0.699183
0.900082, 0.705337, -0.655559
1.001379, 0.643246, -0.916562
0.793548, 0.555602, -0.558607
0.672688, 0.624732, -0.465424
0.861453, 0.712609, -0.603846
0.731098, 0.640758, -0.514194
3.007926, -0.240582, -0.585029
2.981105, -0.260295, -0.506335
2.996214, -0.160116, -0.551003
2.967770, -0.176623, -0.494578
3.091413, -0.266580, -0.439494
3.033337, -0.262540, -0.385244
3.050546, -0.186631, -0.437472
3.002677, -0.174922, -0.450201
1.922211, -0.477273, -0.345048
1.768960, -0.461865, -0.337963
1.812253, -0.396113, -0.344604
1.775382, -0.373056, -0.311507
1.865717, -0.452859, -0.297694
1.746025, -0.485111, -0.269469
1.898295, -0.371598, -0.324992
1.708498, -0.404576, -0.283365
-0.075828, 0.500005, -0.305875
-0.683551, 0.629964, -0.528670
0.751118, 0.568297, -0.570998
-0.615713, 0.743990, -0.536405
-0.589099, 0.644621, -0.479778
-0.721914, 0.665267, -0.520342
-0.254124, 0.632176, -0.324164
-0.685922, 0.698247, -0.494281
2.156235, -0.495202, -0.300037
2.021863, -0.484428, -0.272015
2.174167, -0.411837, -0.316979
1.926193, -0.412653, -0.265190
2.035926, -0.468455, -0.260283
1.785330, -0.490780, -0.203454
2.002926, -0.424845, -0.243802
1.881384, -0.440376, -0.217411
2.813279, -0.362646, -0.690594
2.743292, -0.350516, -0.625995
2.832072, -0.272359, -0.692017
2.814530, -0.318183, -0.609300
2.888173, -0.374946, -0.593356
2.870219, -0.364066, -0.578586
2.917011, -0.302209, -0.580826
2.883167, -0.324530, -0.516271
0.767228, 0.452540, -0.562842
0.870302, 0.441329, -0.671904
0.613489, 0.505439, -0.458457
0.947929, 0.498833, -0.955518
0.528614, 0.473177, -0.365429
0.225154, 0.454660, -0.288094
0.547042, 0.559178, -0.373632
0.374753, 0.532092, -0.310535
2.851588, -0.407548, -0.449953
2.803280, -0.419352, -0.424058
2.889831, -0.297474, -0.438191
2.860332, -0.332404, -0.432695
2.868150, -0.416206, -0.356817
2.839472, -0.410663, -0.367989
2.910260, -0.308364, -0.338186
2.845886, -0.356960, -0.325899
2.098439, -0.600956, -0.434672
2.044910, -0.570301, -0.395207
2.071828, -0.526189, -0.413489
1.995460, -0.530615, -0.384245
2.170791, -0.625771, -0.377167
1.999500, -0.611580, -0.323485
2.138154, -0.499906, -0.335100
2.043665, -0.523781, -0.347807
0.865020, 0.316574, -0.711255
-0.501522, 0.464841, -0.469932
0.919197, 0.364195, -0.819544
0.190082, 0.387341, -0.312737
-0.328542, 0.369847, -0.370710
-0.493429, 0.465335, -0.441656
-0.140878, 0.448643, -0.267356
-0.444837, 0.472695, -0.420770
2.360510, -0.596729, -0.322213
2.219607, -0.569843, -0.325122
2.385656, -0.500113, -0.311718
2.263949, -0.530567, -0.313889
2.214399, -0.598161, -0.266187
2.096026, -0.631213, -0.243954
2.312199, -0.528301, -0.286045
2.211782, -0.544776, -0.268513
2.694868, -0.480989, -0.611626
2.707407, -0.523355, -0.522877
2.760368, -0.401839, -0.612697
2.689425, -0.414210, -0.542648
2.851169, -0.524059, -0.498882
2.749727, -0.511638, -0.441969
2.828822, -0.421878, -0.488814
2.762962, -0.461607, -0.471386
0.576462, 0.325424, -0.458870
0.927925, 0.322527, -0.918376
0.214956, 0.373294, -0.296458
0.872116, 0.387902, -0.694087
0.380874, 0.357389, -0.303090
0.123802, 0.315789, -0.231396
0.348495, 0.389048, -0.292750
0.031710, 0.407237, -0.251001
2.710786, -0.563537, -0.414304
2.662462, -0.534337, -0.377501
2.697092, -0.501251, -0.350296
2.610463, -0.467863, -0.364160
2.717072, -0.579019, -0.303104
2.657725, -0.549970, -0.320912
2.752769, -0.447474, -0.310096
2.626061, -0.477544, -0.285426
1.919682, -0.878539, -0.194192
1.857047, -0.893373, -0.191157
1.663703, -0.842360, -0.117992
1.051781, -0.852386, 0.019135
0.591464, -0.916619, 0.130213
0.485498, -0.894685, 0.144127
0.187284, -0.820299, 0.166150
1.050872, -0.893565, 0.018090
0.957887, 0.130027, -0.431808
0.972458, 0.089063, -0.416960
1.070073, 0.188716, -0.440396
0.957991, 0.153728, -0.407085
1.261523, 0.094990, -0.461449
1.114489, 0.106083, -0.398449
1.112461, 0.197943, -0.448988
1.107186, 0.218063, -0.404329
2.603813, -0.650919, -0.590253
2.560598, -0.644522, -0.536008
2.670336, -0.605315, -0.545708
2.530358, -0.581776, -0.554354
2.667366, -0.662779, -0.492194
2.623867, -0.652247, -0.431081
2.736017, -0.558083, -0.460043
2.625540, -0.608554, -0.464692
2.332655, -0.652265, -0.498783
2.280536, -0.707383, -0.490731
2.249208, -0.647062, -0.490105
2.246817, -0.620380, -0.440613
2.389539, -0.687324, -0.435786
2.219882, -0.700405, -0.407752
2.320717, -0.618194, -0.374843
2.253157, -0.626494, -0.381299
2.403469, -0.996972, -0.312378
1.753125, -0.988297, -0.244626
1.866968, -0.968812, -0.234145
1.827317, -0.947211, -0.235267
2.399382, -1.009978, -0.330682
1.863770, -1.000792, -0.302536
1.314411, -0.976887, -0.129000
1.088115, -0.973837, -0.049541
0.864369, -0.071862, -0.355069
0.621395, -0.038134, -0.306252
0.915234, 0.014938, -0.375681
0.720111, 0.000879, -0.326459
0.983086, -0.061622, -0.366637
0.884050, -0.010973, -0.295287
0.992259, 0.000516, -0.338170
0.950427, 0.028303, -0.308625
2.544888, -0.791617, -0.590332
2.522285, -0.789581, -0.549081
2.506622, -0.696687, -0.518542
2.467267, -0.748756, -0.567649
2.621404, -0.785792, -0.526399
2.517584, -0.784513, -0.453436
2.639775, -0.763608, -0.470417
2.483851, -0.750566, -0.496297
0.565905, 0.193129, -0.480047
0.082794, 0.225180, -0.296673
0.094598, 0.285796, -0.287358
-0.106316, 0.281899, -0.305322
-0.067388, 0.211590, -0.254047
-0.003762, 0.192332, -0.224410
-0.104637, 0.318876, -0.284261
-0.364015, 0.306731, -0.391104
2.553821, -0.689975, -0.365148
2.509463, -0.666298, -0.369196
2.530254, -0.601438, -0.375388
2.469736, -0.640643, -0.366427
2.477027, -0.700684, -0.304440
2.450724, -0.714968, -0.292162
2.595115, -0.657841, -0.342519
2.349696, -0.629559, -0.276202
-0.228852, -0.448279, -0.602093
-0.580965, -0.453920, -0.677751
-0.432956, -0.323202, -0.697373
-0.554009, -0.409928, -0.680069
0.414226, -0.537984, -0.592015
-0.457115, -0.453797, -0.606931
-0.375285, -0.362673, -0.594425
0.542249, -0.495807, -0.658742
2.277983, 0.411419, -0.612558
2.256625, 0.429666, -0.546959
2.298212, 0.482088, -0.602231
2.313785, 0.469479, -0.559440
2.419860, 0.423783, -0.557512
2.380639, 0.438627, -0.546209
2.435266, 0.455955, -0.579148
2.343567, 0.486863, -0.555240
-0.289843, -0.575792, -0.617608
-0.654806, -0.648529, -0.725215
-0.538690, -0.595657, -0.608609
-0.311385, -0.530603, -0.587685
0.548409, -0.682506, -0.717606
0.251670, -0.687674, -0.562469
0.561896, -0.582906, -0.694721
-0.167441, -0.587092, -0.507094
2.169001, 0.243052, -0.551011
2.059175, 0.290761, -0.479837
2.150363, 0.368926, -0.562159
2.111217, 0.354266, -0.519733
2.251011, 0.301458, -0.506969
2.165776, 0.253245, -0.473512
2.260290, 0.354033, -0.476660
2.206504, 0.375299, -0.483592
-0.174534, -0.565503, -0.610990
-0.077687, -0.564933, -0.585954
-0.067192, -0.514065, -0.577249
-0.143930, -0.474560, -0.566526
-0.162525, -0.667639, -0.531873
0.189968, -0.656463, -0.561142
-0.331061, -0.584210, -0.553628
-0.459314, -0.549853, -0.597838
2.468988, 0.262659, -0.647283
2.417016, 0.255089, -0.592361
2.515908, 0.342463, -0.622956
2.375461, 0.313674, -0.606158
2.561289, 0.282648, -0.585462
2.558453, 0.259668, -0.541096
2.554169, 0.311308, -0.618495
2.575968, 0.321834, -0.553445
-0.341743, -0.702522, -0.627520
-0.388039, -0.712800, -0.646264
-0.265243, -0.732760, -0.573250
-0.332572, -0.732064, -0.593444
-0.008874, -0.783252, -0.526737
-0.404483, -0.866006, -0.648566
0.294949, -0.779874, -0.596266
-0.694642, -0.751007, -0.684448
2.072155, 0.161028, -0.471089
1.918121, 0.168059, -0.441946
2.029859, 0.203012, -0.475984
1.855681, 0.188763, -0.436665
2.074896, 0.146210, -0.456648
1.979990, 0.136129, -0.396777
2.085709, 0.223593, -0.424429
1.926318, 0.242422, -0.420360
0.057800, -0.697122, -0.641954
-0.324860, -0.755466, -0.732592
0.211460, -0.655587, -0.640023
0.099828, -0.668558, -0.608921
0.302907, -0.701228, -0.686462
-0.015692, -0.764937, -0.606772
0.261768, -0.642135, -0.660536
-0.043322, -0.646087, -0.569083
2.539686, 0.141348, -0.714317
2.538939, 0.114881, -0.674318
2.505703, 0.194694, -0.720373
2.540840, 0.183122, -0.653514
2.664561, 0.160864, -0.639361
2.642279, 0.170713, -0.616970
2.697452, 0.237233, -0.620534
2.592635, 0.179641, -0.629751
2.672875, -0.098133, -0.830473
2.689371, -0.113281, -0.805616
2.688250, -0.040660, -0.829866
2.591290, -0.022283, -0.794598
2.818546, -0.132385, -0.813521
2.756633, -0.084571, -0.759079
2.735091, -0.075392, -0.811531
2.749161, -0.041220, -0.754773
1.636583, -0.348417, -0.388886
1.582823, -0.329059, -0.346146
1.750205, -0.232219, -0.413564
1.645172, -0.233075, -0.385954
1.818564, -0.316116, -0.388014
1.662144, -0.315254, -0.338488
1.795509, -0.271911, -0.382237
1.803113, -0.220208, -0.350821
2.526349, -0.259865, -0.765189
2.502344, -0.237071, -0.745506
2.642686, -0.187931, -0.766200
2.586655, -0.190036, -0.726112
2.661200, -0.255361, -0.725199
2.741728, -0.217988, -0.681905
2.788311, -0.139626, -0.728028
2.704397, -0.197702, -0.668449
2.593011, -0.347275, -0.687744
2.420750, -0.395179, -0.669330
2.477786, -0.331076, -0.707095
2.519429, -0.294984, -0.661295
2.703148, -0.383753, -0.642395
2.572819, -0.378447, -0.602785
2.655655, -0.295349, -0.623708
2.556968, -0.331344, -0.647709
2.353068, -0.510975, -0.636343
2.404649, -0.482324, -0.606693
2.324242, -0.417498, -0.635741
2.303457, -0.426487, -0.600101
2.580627, -0.522173, -0.588917
2.491141, -0.515970, -0.553347
2.490981, -0.435177, -0.584696
2.476253, -0.480406, -0.527809
2.123360, -0.539890, -0.551934
2.006431, -0.571690, -0.507943
2.154480, -0.477740, -0.519262
1.979068, -0.502946, -0.505063
2.168082, -0.564977, -0.488534
2.184103, -0.566082, -0.471205
2.230269, -0.461286, -0.496273
2.089022, -0.536018, -0.449685
2.224842, -0.621039, -0.609979
2.171549, -0.658553, -0.584733
2.230117, -0.561700, -0.592602
2.150610, -0.581706, -0.587453
2.387959, -0.636183, -0.602423
2.318762, -0.638105, -0.542884
2.414167, -0.605798, -0.573643
2.314818, -0.577331, -0.535333
0.171976, -0.560492, -0.953755
-0.372073, -0.696633, -0.995904
-0.485930, -0.527964, -0.991753
-0.268355, -0.575105, -1.014148
-0.131018, -0.563728, -0.627524
-0.265283, -0.549658, -0.739828
-0.352879, -0.433797, -0.716707
-0.355832, -0.495308, -0.681187
1.950288, 0.278944, -0.636363
1.931509, 0.271296, -0.598124
1.961981, 0.289107, -0.639760
1.985028, 0.340110, -0.590828
2.136756, 0.249649, -0.633777
2.158590, 0.245872, -0.572836
2.120887, 0.300524, -0.636225
2.142099, 0.306334, -0.586482
0.147352, -0.768009, -0.953174
0.160614, -0.763724, -0.959411
-0.185531, -0.717483, -1.008524
0.247077, -0.646731, -0.997871
-0.263823, -0.706738, -0.662919
0.231679, -0.841801, -1.013007
-0.194557, -0.654964, -0.659071
0.366243, -0.714099, -0.958268
1.752379, 0.096359, -0.539489
1.829952, 0.116811, -0.518077
1.881372, 0.203129, -0.557731
1.868741, 0.222580, -0.537241
1.938101, 0.120667, -0.561334
2.006915, 0.121159, -0.532482
1.996454, 0.209574, -0.565297
1.940855, 0.191491, -0.534386
-0.398450, -0.788224, -0.982599
0.144739, -0.693137, -0.854882
0.020521, -0.639876, -0.997010
0.069016, -0.660444, -0.979229
-0.380390, -0.813601, -0.998726
0.022225, -0.823367, -1.008463
-0.181470, -0.765406, -1.020340
-0.159086, -0.600874, -0.617571
2.198415, 0.143687, -0.688800
2.135927, 0.098763, -0.669981
2.036479, 0.160923, -0.688708
1.984227, 0.202496, -0.661387
2.182000, 0.114618, -0.670861
2.315868, 0.153562, -0.644267
2.336109, 0.190490, -0.653843
2.313062, 0.185221, -0.635092
-0.476399, -0.860000, 0.033821
0.316330, -0.908077, 0.160059
0.098702, -0.811577, 0.179659
-0.736095, -0.765951, -0.069172
-0.777555, -0.699573, 0.038987
-0.986700, -0.622120, -0.129388
-0.176625, -0.605736, -0.962141
-0.968747, -0.545079, -0.067755
1.586653, 0.097249, -0.612904
1.475356, 0.101695, -0.553371
1.559837, 0.201656, -0.591529
1.494543, 0.175220, -0.567067
1.843678, 0.140193, -0.616068
1.616900, 0.091870, -0.564573
1.669065, 0.146499, -0.598232
1.650402, 0.203008, -0.562018
2.033376, -1.003323, -0.230375
1.801508, -1.005760, -0.211021
1.004239, -0.973514, 0.045236
0.505729, -0.975408, 0.154812
1.830364, -1.001092, -0.169373
1.406294, -1.007333, -0.167158
-0.513538, -0.953152, -0.008555
-0.754521, -0.859779, 0.033604
1.380632, -0.061268, -0.514441
1.327814, -0.063176, -0.471802
1.390961, 0.064654, -0.519785
1.373115, 0.057344, -0.496816
1.551427, -0.013886, -0.527761
1.494689, -0.041065, -0.492581
1.552397, 0.027659, -0.523337
1.564577, 0.032989, -0.505659
2.757486, -0.978655, -0.149793
2.062455, -0.989181, -0.169076
1.469808, -0.941165, -0.058163
1.290942, -0.956432, -0.026846
1.191931, -0.975692, -0.016895
-0.261822, -0.959617, 0.055978
-0.719560, -0.822218, 0.021751
-0.777366, -0.692820, 0.047110
1.663071, -0.030377, -0.655250
1.664922, -0.029297, -0.642564
1.707857, 0.014534, -0.678900
1.579012, 0.022881, -0.623299
1.969569, -0.044720, -0.673673
1.838662, -0.049694, -0.625925
1.918018, 0.054838, -0.677214
1.771355, 0.060205, -0.655001
1.604857, -0.256624, -0.661515
1.587442, -0.285359, -0.622795
1.755290, -0.211943, -0.664464
1.514228, -0.197325, -0.611176
1.897797, -0.249644, -0.677245
1.857972, -0.283482, -0.638154
1.844540, -0.181391, -0.661446
1.871641, -0.183144, -0.625524
1.367229, -0.332015, -0.502193
1.223927, -0.295828, -0.443777
1.294945, -0.248805, -0.485127
1.238192, -0.265912, -0.445480
1.612223, -0.290458, -0.508700
1.443939, -0.316636, -0.465547
1.696765, -0.207762, -0.532390
1.395390, -0.215554, -0.459647
1.513557, -0.398742, -0.585531
1.436916, -0.424213, -0.518298
1.457359, -0.338829, -0.562152
1.476508, -0.355238, -0.547823
1.628266, -0.417471, -0.592267
1.597065, -0.398927, -0.552526
1.574836, -0.378328, -0.564934
1.634122, -0.374775, -0.562178
1.091248, -0.279438, -0.540076
1.119753, -0.303056, -0.531550
1.063149, -0.212849, -0.536561
1.178822, -0.244191, -0.531871
1.448224, -0.267990, -0.587147
1.221922, -0.276423, -0.525045
1.270290, -0.226720, -0.570421
1.343962, -0.214554, -0.528305
2.905020, -0.955781, -0.216299
2.762541, -0.949369, -0.214702
2.804603, -0.929245, -0.209366
2.761610, -0.942559, -0.218190
2.311072, -0.985117, -0.155972
2.997312, -0.986465, -0.248064
2.309212, -0.949431, -0.171866
1.835607, -0.973930, -0.143251
1.208033, -0.057562, -0.566427
1.110183, -0.025471, -0.530080
1.153966, 0.010379, -0.564566
1.071951, 0.000297, -0.521785
1.317769, -0.056719, -0.568535
1.316829, -0.029670, -0.538228
1.352931, 0.035047, -0.567735
1.302529, 0.006132, -0.547480
1.621973, 0.775473, -0.664175
1.630771, 0.828483, -0.689780
1.597806, 0.891727, -0.783816
1.640742, 0.886803, -0.746094
1.770472, 0.828479, -0.748139
1.730026, 0.829191, -0.716253
1.768844, 0.865795, -0.776677
1.840447, 0.909484, -0.813211
-0.534660, -0.139772, -0.075980
-0.736908, -0.134766, -0.115291
-0.561230, -0.079172, -0.080460
-0.376004, -0.030797, 0.016921
-0.856799, -0.038345, -0.066350
-0.759955, 0.021396, -0.005599
-0.138594, 0.150675, -0.957199
0.356628, 0.147686, -0.796572
1.121412, 0.652888, -0.551067
1.117467, 0.707581, -0.532320
1.125997, 0.776652, -0.588978
1.210754, 0.722514, -0.549914
1.432423, 0.671990, -0.613175
1.252252, 0.715967, -0.549831
1.413042, 0.766784, -0.637653
1.331738, 0.737349, -0.571182
1.489280, -0.333421, -0.032014
1.648152, -0.321335, -0.092252
1.447001, -0.247155, -0.009290
1.676042, -0.275069, -0.094879
-0.224174, -0.266880, 0.112844
0.898743, -0.356485, 0.099590
0.498914, -0.236270, 0.157373
-0.197905, -0.209495, 0.104340
2.522573, 0.124004, -0.235685
2.268209, 0.163423, -0.202720
2.456244, 0.239397, -0.229490
2.405204, 0.240761, -0.239424
2.099908, 0.148770, -0.163544
1.981946, 0.187961, -0.165799
2.349641, 0.254879, -0.200181
1.772321, 0.238058, -0.110401
0.145336, 0.647030, -0.219009
0.329196, 0.654323, -0.240407
0.185274, 0.748320, -0.253604
0.206480, 0.723530, -0.239965
0.975564, 0.712492, -0.476015
0.716639, 0.706205, -0.358909
0.960150, 0.793411, -0.483264
0.867735, 0.781466, -0.432628
2.142179, -0.310408, -0.205926
2.027701, -0.339295, -0.206480
2.240863, -0.243876, -0.239534
2.025300, -0.270775, -0.202478
2.121568, -0.280570, -0.196085
1.973242, -0.287076, -0.188149
1.909568, -0.275760, -0.171972
1.840205, -0.267381, -0.164351
0.841048, 0.647879, -0.470632
0.469702, 0.622699, -0.317358
0.759398, 0.731916, -0.445354
0.728164, 0.714628, -0.408056
1.137731, 0.689409, -0.615018
0.944721, 0.665905, -0.496799
1.083679, 0.767491, -0.601968
1.156860, 0.749994, -0.620697
2.688736, -0.297386, -0.248315
2.552586, -0.256182, -0.246404
2.773816, -0.220252, -0.265710
2.669154, -0.186281, -0.250319
2.441764, -0.311480, -0.195451
2.194664, -0.302751, -0.170501
2.281636, -0.226646, -0.176390
2.229248, -0.277351, -0.179147
0.381051, 0.480745, -0.266922
0.085452, 0.531386, -0.213675
0.574400, 0.589347, -0.336093
0.418166, 0.563525, -0.277884
0.707712, 0.503023, -0.384573
0.751881, 0.575940, -0.382664
0.770528, 0.597998, -0.403117
0.793593, 0.572679, -0.404977
2.484122, -0.443755, -0.253237
2.307217, -0.488784, -0.216577
2.438387, -0.370515, -0.221792
2.339221, -0.349495, -0.233369
2.035138, -0.443592, -0.160131
2.141603, -0.491606, -0.166565
2.351138, -0.408587, -0.201204
2.081463, -0.379576, -0.173344
0.521349, -0.554594, -0.675401
0.607324, -0.527250, -0.759673
0.593531, -0.463306, -0.737331
0.637941, -0.429574, -0.825057
-0.580509, -0.738807, -1.010689
-1.027560, -0.672630, -0.539322
-0.294626, -0.618217, -1.036571
-0.847433, -0.751290, -0.963479
2.490138, 0.401969, -0.497773
2.431594, 0.446493, -0.491580
2.592299, 0.517487, -0.486364
2.442444, 0.510421, -0.462370
2.563785, 0.465111, -0.424056
2.523593, 0.444867, -0.448440
2.548945, 0.501138, -0.464087
2.545858, 0.474819, -0.426799
2.579418, 0.283309, -0.373227
2.490308, 0.293027, -0.343449
2.525834, 0.392640, -0.337416
2.484334, 0.398943, -0.358085
2.583297, 0.319444, -0.304882
2.413041, 0.305235, -0.257454
2.524046, 0.346306, -0.297165
2.423383, 0.375130, -0.266860
0.620460, -0.644929, -0.934554
0.619793, -0.672772, -0.912843
-0.807969, -0.578411, 0.096995
-0.944855, -0.836394, -0.908054
-0.752791, -0.650236, 0.095019
-0.670668, -0.620187, 0.116958
-0.822838, -0.525968, 0.099253
-0.843187, -0.508456, 0.099100
2.418239, 0.260907, -0.437296
2.240491, 0.274067, -0.426350
2.297443, 0.339030, -0.453532
2.220787, 0.380248, -0.427890
2.390178, 0.260808, -0.355503
2.299863, 0.282613, -0.372135
2.354577, 0.349289, -0.384821
2.326289, 0.367674, -0.355397
2.438065, 0.135413, -0.316923
2.341898, 0.135108, -0.315019
2.377855, 0.192281, -0.291436
2.338658, 0.221550, -0.328220
2.294679, 0.135190, -0.251569
2.144783, 0.147418, -0.253328
2.233082, 0.250925, -0.249799
2.108789, 0.199458, -0.235591
0.471421, -0.654960, -0.693429
0.515033, -0.670056, -0.732878
0.390748, -0.580968, -0.616828
0.588341, -0.596586, -0.841481
0.364944, -0.619041, -0.657532
0.549009, -0.652186, -0.890290
0.293516, -0.561403, -0.606851
0.558353, -0.604645, -0.834112
2.660603, 0.251085, -0.549433
2.601022, 0.273564, -0.463374
2.656819, 0.368477, -0.535614
2.581499, 0.383092, -0.494808
2.703036, 0.299236, -0.472356
2.675944, 0.257896, -0.466492
2.741733, 0.378874, -0.454423
2.660831, 0.362066, -0.448109
2.766659, 0.117854, -0.373832
2.705733, 0.157908, -0.374138
2.717172, 0.230906, -0.371216
2.683652, 0.234474, -0.341810
2.748508, 0.163362, -0.343832
2.706810, 0.159927, -0.332234
2.791161, 0.217843, -0.350918
2.694583, 0.222977, -0.328165
0.620331, -0.839612, -0.804926
0.589437, -0.815495, -0.758595
0.596033, -0.764529, -0.948686
0.630734, -0.719761, -0.919240
-0.702927, -0.829079, 0.111801
-0.703607, -0.822612, 0.111657
-0.658185, -0.711400, 0.121917
-0.636338, -0.661988, 0.129210
2.191658, 0.169218, -0.417746
2.026437, 0.177013, -0.369172
2.211617, 0.208740, -0.405311
2.032812, 0.199288, -0.378183
2.260177, 0.161111, -0.363706
2.053235, 0.172751, -0.325916
2.175546, 0.228126, -0.369825
2.120484, 0.203938, -0.347923
0.394274, -0.733625, -0.739437
-0.080405, -0.797668, -0.558548
0.450747, -0.648318, -0.785611
0.003263, -0.701092, -0.547316
0.473624, -0.748931, -0.832393
0.088387, -0.744309, -0.587283
0.226360, -0.649430, -0.659481
0.281231, -0.690726, -0.626527
2.810476, 0.138122, -0.577262
2.673619, 0.143497, -0.565079
2.818189, 0.219237, -0.572445
2.741948, 0.216256, -0.513205
2.878247, 0.138533, -0.538499
2.839625, 0.125780, -0.487628
2.858590, 0.203277, -0.528471
2.806815, 0.224197, -0.533936
2.944336, -0.118701, -0.793115
2.893119, -0.102042, -0.720182
2.970937, -0.055685, -0.764830
2.888717, -0.040550, -0.716879
3.031318, -0.077311, -0.712699
2.978892, -0.112328, -0.645854
3.028278, -0.043880, -0.718958
3.005057, -0.025266, -0.617620
1.836997, -0.354282, -0.331988
1.824326, -0.319567, -0.331987
1.959593, -0.232436, -0.363744
1.781982, -0.211526, -0.334001
1.936946, -0.293449, -0.328812
1.775583, -0.311116, -0.275621
1.963188, -0.240392, -0.320489
1.737899, -0.260570, -0.267554
0.299193, 0.634489, -0.337030
-0.529346, 0.740514, -0.502675
0.959910, 0.756048, -0.785615
-0.258258, 0.795688, -0.375097
-0.529906, 0.778553, -0.497893
-0.618762, 0.791882, -0.514466
-0.337529, 0.751339, -0.369798
-0.448944, 0.804030, -0.432758
2.140384, -0.338394, -0.303261
1.986667, -0.303941, -0.266841
2.135375, -0.192057, -0.295822
2.100781, -0.224749, -0.298405
2.097190, -0.289579, -0.257566
1.981554, -0.304503, -0.248878
2.047490, -0.196019, -0.236400
2.039268, -0.209237, -0.251388
2.815955, -0.238165, -0.711339
2.777739, -0.245560, -0.668779
2.838329, -0.145715, -0.673238
2.864807, -0.192327, -0.599073
2.881530, -0.261388, -0.605968
2.920850, -0.257472, -0.563351
2.945348, -0.206589, -0.555134
2.923217, -0.195900, -0.550862
0.966264, 0.575824, -0.962128
0.938722, 0.591840, -0.735757
0.838910, 0.691187, -0.603985
0.984144, 0.681323, -0.952598
0.640781, 0.592744, -0.416221
0.435957, 0.623209, -0.344568
0.600799, 0.671838, -0.432856
0.500071, 0.659189, -0.359171
2.885912, -0.260379, -0.435556
2.857827, -0.289815, -0.416844
2.946094, -0.203497, -0.448990
2.845165, -0.215875, -0.401779
2.890652, -0.275051, -0.379794
2.820752, -0.272277, -0.324907
2.900589, -0.220003, -0.373723
2.827999, -0.177724, -0.327474
2.113521, -0.461129, -0.396276
2.026061, -0.474107, -0.365548
2.124060, -0.388758, -0.373165
1.947634, -0.392284, -0.373964
2.110339, -0.465356, -0.371121
1.975879, -0.456172, -0.320172
2.196866, -0.339824, -0.375445
2.041142, -0.399358, -0.353658
-0.235792, 0.539575, -0.338265
0.331516, 0.463135, -0.352311
-0.041122, 0.550449, -0.305151
0.959016, 0.643016, -0.840057
-0.422609, 0.597578, -0.405174
-0.251181, 0.504596, -0.307800
-0.383181, 0.636243, -0.380338
-0.206347, 0.634111, -0.313936
2.372270, -0.413773, -0.349973
2.268621, -0.415322, -0.317930
2.327512, -0.346314, -0.313424
2.215836, -0.369366, -0.316546
2.229803, -0.432376, -0.245298
2.115278, -0.469052, -0.235873
2.238842, -0.356092, -0.251752
2.213296, -0.381117, -0.268702
2.766240, -0.380339, -0.554684
2.680235, -0.388412, -0.570406
2.766340, -0.295207, -0.530662
2.678737, -0.318221, -0.584882
2.841903, -0.360243, -0.492679
2.735097, -0.356429, -0.482032
2.812303, -0.326289, -0.546864
2.806086, -0.350147, -0.468318
0.543278, 0.459969, -0.432449
0.946673, 0.486209, -0.827893
0.880600, 0.505407, -0.681790
0.956001, 0.526481, -0.867340
0.420364, 0.463716, -0.311835
0.028460, 0.472988, -0.268588
0.176375, 0.514214, -0.265583
0.184784, 0.545833, -0.256015
2.734458, -0.396669, -0.382505
2.620990, -0.375544, -0.383218
2.755149, -0.329929, -0.420167
2.665115, -0.351766, -0.377712
2.776193, -0.387809, -0.319159
2.652798, -0.438804, -0.289957
2.758275, -0.367832, -0.296274
2.681243, -0.310999, -0.335604
2.596270, -0.508908, -0.535638
2.548327, -0.511737, -0.479747
2.625608, -0.433779, -0.508656
2.529058, -0.478287, -0.538009
2.676430, -0.511530, -0.472547
2.584527, -0.531147, -0.407452
2.726387, -0.483836, -0.448086
2.634010, -0.479554, -0.430686
2.319915, -0.533423, -0.442537
2.176841, -0.568706, -0.445607
2.248557, -0.486243, -0.458541
2.230267, -0.523090, -0.419343
2.292855, -0.607999, -0.378630
2.237643, -0.602105, -0.372942
2.284832, -0.506685, -0.399312
2.271302, -0.545212, -0.357778
2.493105, -0.672252, -0.531253
2.414520, -0.708798, -0.489953
2.471524, -0.625103, -0.489905
2.420482, -0.634454, -0.494871
2.574162, -0.648210, -0.414566
2.474360, -0.670756, -0.440200
2.545317, -0.590970, -0.424799
2.409980, -0.657484, -0.414062
0.921310, 0.291998, -0.883304
0.829213, 0.328144, -0.658234
0.080213, 0.400361, -0.278899
-0.045706, 0.400531, -0.288014
0.070128, 0.314062, -0.224451
-0.166011, 0.351924, -0.295294
-0.121290, 0.416112, -0.293665
-0.186501, 0.418956, -0.317751
2.573216, -0.551795, -0.346467
2.487444, -0.577539, -0.379936
2.568124, -0.515345, -0.332745
2.437998, -0.484985, -0.335075
2.493371, -0.572158, -0.275040
2.461576, -0.553342, -0.319051
2.413397, -0.545414, -0.266253
2.285552, -0.549112, -0.258862
-0.416045, -0.602108, -0.591011
-0.157529, -0.638786, -0.547333
-0.234578, -0.499635, -0.554178
-0.228208, -0.499989, -0.581173
-0.074680, -0.635344, -0.520963
0.471467, -0.655836, -0.655526
-0.376861, -0.549299, -0.563891
-0.380973, -0.570303, -0.558483
2.280757, 0.249342, -0.589707
2.245501, 0.246624, -0.567642
2.370970, 0.315402, -0.561426
2.216359, 0.334543, -0.542663
2.371129, 0.298999, -0.549634
2.375015, 0.294267, -0.505001
2.357799, 0.348727, -0.552420
2.283870, 0.339817, -0.524364
-0.174854, -0.726604, -0.631619
-0.307254, -0.692918, -0.630896
-0.351662, -0.678361, -0.671606
-0.275326, -0.672652, -0.591413
-0.620273, -0.814496, -0.633434
-0.016694, -0.805632, -0.539056
0.534430, -0.735313, -0.719139
0.428641, -0.722955, -0.640100
2.213175, 0.136684, -0.507050
2.025869, 0.165249, -0.514973
2.160653, 0.202125, -0.543284
2.078018, 0.192988, -0.509310
2.285707, 0.161980, -0.465425
2.184066, 0.132364, -0.493221
2.242969, 0.188920, -0.487560
2.184088, 0.213422, -0.497821
-0.089323, -0.682861, -0.610714
-0.067497, -0.705555, -0.626551
0.001728, -0.692745, -0.602068
-0.084396, -0.710560, -0.567197
-0.061812, -0.757023, -0.597095
0.109411, -0.748462, -0.565416
0.129617, -0.722105, -0.567784
-0.031304, -0.746969, -0.537307
2.433739, 0.113285, -0.639136
2.353036, 0.145952, -0.595349
2.454926, 0.170652, -0.652688
2.440849, 0.172961, -0.606348
2.624349, 0.165262, -0.575922
2.503483, 0.130497, -0.561857
2.539873, 0.233801, -0.592266
2.471054, 0.236702, -0.575131
1.892614, -0.333377, -0.479853
1.895340, -0.272972, -0.429594
1.970745, -0.241423, -0.451087
1.929605, -0.236464, -0.444668
2.095726, -0.262963, -0.452500
1.911576, -0.322462, -0.430957
2.049317, -0.255374, -0.444183
1.998481, -0.198695, -0.426999
2.450581, -0.268337, -0.705795
2.517774, -0.254121, -0.625582
2.475455, -0.184403, -0.688942
2.454219, -0.189515, -0.648505
2.574747, -0.270762, -0.653166
2.609887, -0.263193, -0.599898
2.636710, -0.192568, -0.664840
2.643162, -0.195077, -0.598980
2.410569, -0.398468, -0.604886
2.304236, -0.393737, -0.605367
2.414337, -0.286160, -0.631423
2.351103, -0.350784, -0.620603
2.516937, -0.359942, -0.597797
2.507669, -0.384679, -0.528708
2.563844, -0.294326, -0.573228
2.535179, -0.295703, -0.549015
2.068934, -0.432804, -0.529243
2.011363, -0.400844, -0.510088
2.034995, -0.380507, -0.534498
1.999213, -0.362085, -0.515173
2.268256, -0.389849, -0.479381
2.075952, -0.415154, -0.474506
2.254479, -0.357340, -0.478441
2.131784, -0.349257, -0.450225
2.319718, -0.495653, -0.565251
2.173764, -0.550886, -0.574259
2.333032, -0.450052, -0.570518
2.129085, -0.479289, -0.553669
2.446257, -0.547357, -0.538254
2.321662, -0.531990, -0.506481
2.413587, -0.490116, -0.539834
2.283688, -0.473428, -0.528628
0.161652, -0.737817, -0.920144
0.145417, -0.724704, -0.970209
0.113858, -0.593236, -0.984182
0.030694, -0.750862, -1.013852
-0.185420, -0.836986, -1.012621
-0.292674, -0.747835, -0.687749
-0.038805, -0.660597, -0.636183
-0.265850, -0.662573, -0.661989
1.981841, 0.132212, -0.640959
1.868099, 0.088496, -0.577985
1.979210, 0.196910, -0.632626
1.782949, 0.219497, -0.572237
2.157607, 0.142622, -0.623011
2.008990, 0.101738, -0.579799
2.201968, 0.166519, -0.601802
2.136898, 0.172439, -0.576710
1.593495, -0.280242, -0.582990
1.505369, -0.262207, -0.564785
1.450639, -0.195091, -0.567572
1.389734, -0.256577, -0.524551
1.720051, -0.276288, -0.568170
1.546217, -0.318875, -0.525748
1.780066, -0.236622, -0.573015
1.687811, -0.223413, -0.555440
1.934408, -0.991280, -0.154148
2.384661, -0.995908, -0.183336
1.252955, -0.945993, -0.020743
-0.135246, -0.894362, 0.150463
2.506557, -0.997189, -0.208423
-0.740176, -0.937952, -0.056714
-0.454476, -0.920549, 0.054578
-0.746319, -0.917525, -0.056039
1.643566, -0.003042, -0.583545
1.548034, -0.038312, -0.548196
1.550765, 0.051671, -0.605612
1.511625, 0.046019, -0.541601
1.709747, -0.042380, -0.593992
1.726713, -0.010190, -0.559367
1.706208, 0.020634, -0.595742
1.595594, 0.066928, -0.547172
0.517429, 0.695920, -0.328676
0.441369, 0.661329, -0.289852
0.420700, 0.722752, -0.307093
0.381211, 0.705013, -0.287360
1.057195, 0.654813, -0.530414
0.891121, 0.715618, -0.448313
0.898432, 0.725150, -0.470637
0.864646, 0.782600, -0.461408
2.493752, -0.325886, -0.245544
2.358602, -0.274833, -0.233554
2.488127, -0.184149, -0.247950
2.340752, -0.257585, -0.227687
2.267994, -0.297518, -0.201200
1.955361, -0.314744, -0.164164
1.978722, -0.272648, -0.157131
2.270601, -0.226527, -0.208040
0.552258, -0.624004, -0.754112
-0.931867, -0.678703, 0.077404
0.617650, -0.607865, -0.900004
0.522198, -0.629864, -0.693817
-0.891647, -0.910807, -0.943038
-0.913256, -0.751689, 0.073361
-0.906973, -0.890526, -0.935824
-0.953054, -0.644752, 0.054243
2.476912, 0.284759, -0.490296
2.463253, 0.298562, -0.476902
2.522696, 0.333176, -0.461031
2.488083, 0.369615, -0.468662
2.584718, 0.296392, -0.454959
2.496886, 0.290299, -0.406933
2.572686, 0.331766, -0.424154
2.523514, 0.356486, -0.389257
2.558975, 0.176955, -0.345284
2.463139, 0.175679, -0.314693
2.628510, 0.250600, -0.395117
2.513952, 0.256985, -0.354172
2.576849, 0.151481, -0.273808
2.409456, 0.144824, -0.263446
2.557309, 0.222459, -0.311135
2.350139, 0.223112, -0.255768
0.612406, -0.777454, -0.870461
0.622253, -0.809447, -0.918006
0.584401, -0.750340, -0.926892
-0.726750, -0.763285, 0.110834
-0.728083, -0.833012, 0.106833
-0.722943, -0.822037, 0.109191
-0.691298, -0.731541, 0.112492
-0.685491, -0.779593, 0.113173
2.381058, 0.159688, -0.436112
2.279254, 0.140349, -0.407049
2.328335, 0.219133, -0.460884
2.279171, 0.208944, -0.434912
2.355999, 0.170734, -0.396829
2.281021, 0.146494, -0.356651
2.368843, 0.220435, -0.392413
2.280422, 0.210170, -0.386069
0.515966, -0.779688, -0.783347
0.552949, -0.844755, -0.918810
0.498788, -0.725349, -0.754388
0.528343, -0.705421, -0.751451
0.380579, -0.749356, -0.690346
-0.920742, -0.964755, -0.906952
0.350106, -0.684998, -0.661678
0.538504, -0.717952, -0.900952
2.615128, 0.158042, -0.544999
2.600351, 0.111918, -0.513395
2.646115, 0.221395, -0.548633
2.557487, 0.201121, -0.512880
2.749755, 0.141432, -0.448326
2.662116, 0.141511, -0.462945
2.749361, 0.237150, -0.497893
2.642705, 0.228514, -0.454398
2.066357, -0.282491, -0.403652
2.000814, -0.276990, -0.382317
2.137061, -0.220174, -0.373379
2.061971, -0.243843, -0.376448
2.157128, -0.286009, -0.351731
2.098676, -0.295595, -0.348793
2.218025, -0.191134, -0.336045
2.017024, -0.258414, -0.346812
0.812155, 0.632843, -0.612543
0.857954, 0.673831, -0.657207
0.308452, 0.700930, -0.339973
0.732546, 0.687848, -0.547627
-0.043797, 0.666365, -0.282858
-0.153669, 0.669427, -0.301895
-0.261639, 0.734917, -0.359106
-0.236169, 0.735839, -0.343108
2.355520, -0.320898, -0.303656
2.267861, -0.329516, -0.321541
2.422842, -0.195627, -0.325646
2.291400, -0.251533, -0.301511
2.301214, -0.302447, -0.261857
2.107771, -0.325837, -0.234628
2.396334, -0.191306, -0.291753
2.299191, -0.182014, -0.279181
2.807012, -0.221939, -0.558474
2.691982, -0.269270, -0.590247
2.725491, -0.154129, -0.606186
2.706388, -0.201287, -0.587798
2.878101, -0.254040, -0.506678
2.812667, -0.263469, -0.473942
2.818619, -0.161297, -0.509214
2.808496, -0.188963, -0.492872
0.309178, 0.633578, -0.318633
0.978772, 0.649030, -0.890041
0.555408, 0.685306, -0.425955
0.301664, 0.665621, -0.325514
0.341957, 0.631589, -0.295593
0.303065, 0.597308, -0.269245
0.369425, 0.674465, -0.328632
0.482311, 0.734848, -0.342519
2.732889, -0.259136, -0.390207
2.678678, -0.283199, -0.336397
2.752459, -0.206278, -0.399229
2.648952, -0.168447, -0.392754
2.757002, -0.276546, -0.303394
2.657585, -0.246455, -0.302901
2.761338, -0.210654, -0.340297
2.694275, -0.206183, -0.283603
2.601897, -0.404393, -0.525853
2.576710, -0.396296, -0.463472
2.642125, -0.327284, -0.553912
2.569467, -0.326252, -0.459437
2.710107, -0.375873, -0.434005
2.577368, -0.406776, -0.441043
2.704412, -0.343928, -0.424517
2.642808, -0.336602, -0.412108
2.326168, -0.446648, -0.450862
2.231242, -0.398860, -0.426171
2.347450, -0.341420, -0.412845
2.206893, -0.341354, -0.391665
2.320284, -0.454970, -0.358571
2.201275, -0.450759, -0.353791
2.412719, -0.325082, -0.361096
2.246946, -0.351271, -0.388354
2.440802, -0.511330, -0.509744
2.423635, -0.550544, -0.478548
2.463642, -0.485062, -0.447553
2.410924, -0.470722, -0.486615
2.498246, -0.521459, -0.422596
2.409717, -0.576069, -0.411126
2.552323, -0.471818, -0.404899
2.412116, -0.486293, -0.402195
0.940678, 0.451955, -0.891728
0.877060, 0.451208, -0.706779
-0.008612, 0.555804, -0.294088
0.961537, 0.575457, -0.889815
0.084583, 0.483601, -0.223938
-0.010477, 0.515905, -0.239110
-0.042774, 0.536334, -0.265960
0.030686, 0.540778, -0.233635
2.515606, -0.418868, -0.331849
2.420861, -0.438022, -0.322058
2.593959, -0.370887, -0.329882
2.420789, -0.389737, -0.325203
2.513813, -0.411914, -0.289561
2.413415, -0.414268, -0.298456
2.570308, -0.323199, -0.311422
2.414655, -0.338287, -0.273986
0.029656, -0.736249, -0.619246
-0.264401, -0.766600, -0.608315
-0.073832, -0.668652, -0.553594
-0.355712, -0.618169, -0.666648
0.332687, -0.800235, -0.642857
-0.151084, -0.807824, -0.555604
0.135925, -0.745909, -0.567078
-0.236305, -0.723285, -0.535884
2.380081, 0.157516, -0.569901
2.194237, 0.131068, -0.566549
2.365170, 0.232023, -0.564084
2.316073, 0.213267, -0.550589
2.437037, 0.165835, -0.515307
2.318409, 0.159973, -0.531121
2.505756, 0.195549, -0.523918
2.375822, 0.240119, -0.502080
2.489777, -0.229530, -0.617101
2.342071, -0.237333, -0.620335
2.416961, -0.208177, -0.636550
2.406133, -0.222532, -0.585920
2.497990, -0.265397, -0.595520
2.435208, -0.288353, -0.574117
2.523623, -0.167293, -0.580749
2.491886, -0.192652, -0.577163
2.178298, -0.245242, -0.518647
1.956208, -0.262818, -0.500259
2.065261, -0.224530, -0.529483
1.989617, -0.189296, -0.501888
2.301461, -0.270490, -0.472669
2.163655, -0.303534, -0.459107
2.284525, -0.173072, -0.499145
2.099238, -0.186359, -0.467343
2.273669, -0.379709, -0.583456
2.262233, -0.425479, -0.546681
2.273984, -0.351342, -0.587770
2.148697, -0.311288, -0.568025
2.417093, -0.411812, -0.512015
2.345529, -0.424135, -0.493068
2.391384, -0.305565, -0.538683
2.294588, -0.339884, -0.509307
0.407719, -0.867362, -1.028888
-0.729758, -0.808681, 0.108947
-0.914202, -0.840578, 0.070234
0.596755, -0.743922, -0.911951
-0.737997, -0.828221, 0.088906
-0.731722, -0.836566, 0.102518
-0.915615, -0.832910, 0.068074
-0.722284, -0.728914, 0.099853
2.508817, 0.151868, -0.490116
2.432306, 0.155003, -0.456062
2.531273, 0.210442, -0.487545
2.462409, 0.205003, -0.430423
2.542284, 0.157650, -0.391647
2.461985, 0.161803, -0.392124
2.581088, 0.251716, -0.395016
2.537275, 0.238767, -0.394989
2.659738, -0.273302, -0.520254
2.555341, -0.266457, -0.492779
2.674171, -0.206828, -0.503766
2.565807, -0.165195, -0.477598
2.652741, -0.275238, -0.466133
2.687693, -0.285043, -0.406852
2.658738, -0.159312, -0.478779
2.624514, -0.203381, -0.453033
2.310884, -0.302988, -0.441601
2.283304, -0.283124, -0.407899
2.322652, -0.225656, -0.412362
2.210574, -0.240487, -0.414243
2.402302, -0.290484, -0.401885
2.263675, -0.329413, -0.369475
2.420733, -0.202085, -0.372873
2.290276, -0.225195, -0.369573
2.509235, -0.371990, -0.462043
2.385970, -0.441055, -0.445083
2.524496, -0.310081, -0.450993
2.392903, -0.310065, -0.456696
2.574548, -0.381617, -0.389034
2.435375, -0.404491, -0.421246
2.531031, -0.310378, -0.406608
2.457453, -0.317338, -0.419038
0.308301, 0.622248, -0.328464
0.969996, 0.624236, -0.898747
0.308605, 0.721196, -0.336277
0.977490, 0.692033, -0.911797
0.009369, 0.634010, -0.285653
-0.050463, 0.614696, -0.286603
0.262192, 0.723486, -0.280753
-0.043538, 0.708487, -0.320267
2.537464, -0.257160, -0.343035
2.468191, -0.312872, -0.318173
2.552524, -0.188421, -0.318840
2.531304, -0.219129, -0.334452
2.586878, -0.288426, -0.286933
2.467914, -0.254677, -0.283586
2.495737, -0.198988, -0.268880
2.438651, -0.211038, -0.256397
2.351769, -0.288129, -0.571587
2.226527, -0.253600, -0.561001
2.209334, -0.209279, -0.577894
2.168191, -0.180254, -0.546598
2.378947, -0.259263, -0.522125
2.348889, -0.278260, -0.507160
2.396547, -0.229830, -0.511278
2.317989, -0.206361, -0.533356
2.531912, -0.272960, -0.481383
2.377911, -0.295533, -0.459624
2.511931, -0.228349, -0.492016
2.381286, -0.221453, -0.447927
2.527244, -0.293766, -0.411524
2.492286, -0.298031, -0.409144
2.554556, -0.207439, -0.415769
2.508872, -0.178926, -0.379550
2.440704, -0.142144, -0.624738
2.361276, -0.112368, -0.609586
2.367217, -0.033189, -0.651621
2.357811, -0.044813, -0.626793
2.595920, -0.115144, -0.550734
2.487412, -0.132560, -0.567354
2.536288, -0.048959, -0.618791
2.471450, -0.067568, -0.581780
1.514711, -0.009350, -0.793775
1.363691, -0.052349, -0.740778
1.430280, 0.031389, -0.808071
1.451843, 0.021179, -0.743416
1.640200, -0.018138, -0.806665
1.658902, -0.010573, -0.791536
1.657022, 0.067049, -0.804968
1.596131, 0.047837, -0.772550
3.194489, -0.924056, -0.561961
3.184249, -0.914475, -0.488431
3.200808, -0.835911, -0.375606
3.186961, -0.839741, -0.319786
3.239804, -0.922735, -0.395002
3.227560, -0.948082, -0.514847
3.218413, -0.850942, -0.337495
3.225522, -0.879488, -0.214949
2.265331, -0.136114, -0.604426
2.196832, -0.170998, -0.559882
2.295121, -0.055982, -0.567901
2.141361, -0.064007, -0.557767
2.419350, -0.132801, -0.520157
2.328292, -0.147337, -0.519087
2.389977, -0.057840, -0.551519
2.303659, -0.084068, -0.515714
1.300133, -0.052685, -0.694754
1.430135, -0.024746, -0.685929
1.416884, 0.061254, -0.732300
1.403683, 0.059001, -0.702282
1.604391, -0.026228, -0.743835
1.514759, -0.006167, -0.698457
1.638272, 0.015949, -0.729661
1.509446, 0.022702, -0.687838
3.184760, -0.933986, -0.407695
3.147336, -0.953395, -0.510412
3.136383, -0.890089, -0.320723
3.132668, -0.891545, -0.216684
3.201438, -0.945697, -0.427871
3.197085, -0.942831, -0.191516
3.192663, -0.928169, -0.180836
2.378262, -0.930593, -0.154419
1.751392, -0.133304, -0.748977
1.666519, -0.118413, -0.694887
1.727053, -0.077470, -0.736135
1.819465, -0.050409, -0.715419
1.950275, -0.134486, -0.750277
1.956071, -0.136541, -0.703164
2.003836, -0.077195, -0.752354
1.900440, -0.054179, -0.695793
1.001253, -0.041221, -0.911630
0.986679, -0.056571, -0.948849
0.946015, 0.007246, -1.005878
0.944930, 0.063601, -0.986636
0.943928, -0.050669, -0.691892
0.914892, -0.031560, -0.652300
0.982044, 0.045585, -0.695213
0.874585, 0.004888, -0.650800
3.101647, -0.907436, -0.996055
3.040873, -0.895736, -0.917712
3.090622, -0.747255, -0.874417
3.092275, -0.825850, -0.827969
3.184120, -0.868323, -0.947065
3.157991, -0.900127, -0.934503
3.159017, -0.773645, -0.871942
3.129248, -0.801148, -0.838402
2.519478, -0.088539, -0.677498
2.396413, -0.148191, -0.668981
2.576921, -0.054251, -0.704744
2.439558, -0.039208, -0.685987
2.682794, -0.090612, -0.644233
2.606220, -0.133997, -0.580017
2.630408, -0.032231, -0.653766
2.593012, -0.060326, -0.645945
1.585829, -0.026167, -0.862882
1.557190, -0.004599, -0.850647
1.475247, 0.014355, -0.874956
1.505387, 0.043404, -0.831083
1.618880, -0.014282, -0.875880
1.601182, 0.007954, -0.827883
1.747419, 0.066220, -0.887131
1.625710, 0.015601, -0.829587
3.280035, -0.908570, -0.854401
3.219567, -0.902976, -0.593707
3.237520, -0.829736, -0.653636
3.224483, -0.859311, -0.531767
3.296288, -0.948983, -0.699799
3.259614, -0.906164, -0.311230
3.280898, -0.918462, -0.603375
3.256515, -0.842629, -0.238376
2.614658, -0.099934, -0.525571
2.613938, -0.149630, -0.512097
2.647900, -0.069952, -0.559354
2.615308, -0.066538, -0.497461
2.742734, -0.141173, -0.432213
2.610558, -0.110559, -0.418955
2.674804, -0.035509, -0.465461
2.666869, -0.023488, -0.431036
1.815222, -0.016485, -0.808821
1.733502, 0.007639, -0.763830
1.855924, 0.055608, -0.805727
1.844344, 0.017454, -0.782628
2.131934, -0.012373, -0.822194
2.036086, -0.008874, -0.791697
2.055860, 0.022790, -0.804574
2.015460, 0.031863, -0.793599
3.271258, -0.928317, -0.240906
3.273040, -0.974610, -0.425489
2.629298, -0.902606, -0.152044
2.936648, -0.937665, -0.156755
3.260837, -0.935455, -0.152993
2.590786, -0.944961, -0.156822
2.676096, -0.921132, -0.144925
-0.199766, -0.919003, 0.157164
1.666824, -0.158992, -0.661317
1.688980, -0.132341, -0.627248
1.603283, -0.113217, -0.652404
1.663632, -0.102425, -0.621597
1.899326, -0.122479, -0.664463
1.752504, -0.127729, -0.627805
1.778817, -0.067026, -0.661372
1.773753, -0.062832, -0.630104
0.939819, -0.048149, -0.795858
0.801100, -0.078512, -0.643325
0.910069, 0.048828, -1.005326
0.902999, 0.020008, -0.752465
0.857993, -0.049490, -0.597632
0.785642, -0.034407, -0.542911
0.751599, 0.028385, -0.534284
0.631304, 0.024103, -0.477889
3.022393, -0.868132, -0.823084
3.026433, -0.891881, -0.766889
3.049974, -0.783854, -0.739981
3.038933, -0.835574, -0.747276
3.112816, -0.883835, -0.736744
3.073693, -0.908971, -0.854654
3.124841, -0.816390, -0.663356
3.071079, -0.807897, -0.589938
2.723794, -0.135464, -0.586013
2.675295, -0.133015, -0.552989
2.807965, -0.046378, -0.597506
2.771084, -0.080235, -0.553412
2.845530, -0.084843, -0.552709
2.804521, -0.142682, -0.469329
2.900298, -0.037935, -0.500045
2.797940, -0.045681, -0.512922
1.882022, 0.004020, -0.874967
1.898682, -0.014111, -0.836213
2.000558, 0.070752, -0.868149
1.893598, 0.016179, -0.855199
2.154319, -0.023758, -0.882459
2.133685, -0.011102, -0.866914
2.134902, 0.063528, -0.873111
2.189583, 0.069292, -0.851754
3.281965, -0.895915, -0.252438
3.309798, -0.965239, -0.649243
3.298741, -0.856304, -0.236154
3.227997, -0.887239, -0.169351
3.320751, -0.910901, -0.201455
3.269130, -0.929321, -0.153852
3.253138, -0.886305, -0.153027
3.266196, -0.883206, -0.162013
1.517516, -0.182387, -0.590848
1.445572, -0.175475, -0.549977
1.593587, -0.105085, -0.581860
1.559851, -0.087766, -0.543823
1.807440, -0.162220, -0.599762
1.669767, -0.182524, -0.552691
1.803045, -0.108996, -0.598385
1.675247, -0.079794, -0.554863
0.885644, -0.016373, -1.003656
0.712715, -0.044660, -0.589103
0.915965, -0.025087, -0.787954
0.944125, 0.028405, -0.934337
0.603460, -0.047007, -0.446373
0.333346, -0.100222, -0.368364
0.544519, -0.020847, -0.417405
0.464287, -0.018996, -0.407236
2.999279, -0.896841, -0.735898
2.996373, -0.893519, -0.694938
2.980494, -0.794049, -0.685112
2.988101, -0.800534, -0.558732
3.075809, -0.900074, -0.621390
3.065209, -0.915726, -0.644785
3.037611, -0.809694, -0.528727
3.034808, -0.859446, -0.501675
1.362274, -0.158621, -0.641855
1.184991, -0.137430, -0.583695
1.310910, -0.058479, -0.630689
1.202134, -0.068338, -0.610141
1.504912, -0.130856, -0.664508
1.394361, -0.181524, -0.624539
1.534471, -0.061451, -0.673941
1.357897, -0.060883, -0.602132
2.832597, -0.908427, -0.956363
2.903748, -0.907145, -0.903821
2.894018, -0.829435, -0.854488
2.879056, -0.828687, -0.847243
2.962535, -0.906003, -0.924367
2.954175, -0.905127, -0.847000
2.933435, -0.801068, -0.824211
3.000740, -0.790779, -0.759732
1.001398, 0.748827, -0.953326
0.724714, 0.795000, -0.503484
1.010606, 0.916198, -0.784903
0.888832, 0.888770, -0.648075
0.731650, 0.766029, -0.484929
0.509185, 0.771907, -0.386413
0.915640, 0.915035, -0.657983
0.748340, 0.838138, -0.502350
2.899130, -0.121327, -0.448106
2.834016, -0.154069, -0.413692
2.898685, -0.050931, -0.469836
2.859662, -0.043958, -0.405451
2.913889, -0.114566, -0.388705
2.815077, -0.114986, -0.308676
2.924149, -0.077029, -0.362487
2.833087, -0.085622, -0.359402
2.270900, -0.011785, -0.878544
2.302853, 0.015690, -0.843675
2.275462, 0.038186, -0.903752
2.355268, 0.074669, -0.841239
2.427752, 0.006880, -0.873436
2.559445, -0.007103, -0.831671
2.536816, 0.089818, -0.885630
2.552636, 0.091628, -0.813906
3.307180, -0.947954, -0.482629
3.302202, -0.930705, -0.339498
2.043628, -0.924390, -0.143225
0.413809, -0.944520, 0.171250
-0.250790, -0.919244, 0.118157
-0.086293, -0.939246, 0.171165
-0.611436, -0.893206, 0.037540
-0.538826, -0.933613, 0.081232
1.354744, -0.195897, -0.491115
1.338785, -0.143121, -0.479134
1.345544, -0.116325, -0.506749
1.362861, -0.066989, -0.477428
1.569998, -0.190744, -0.519006
1.408265, -0.173512, -0.458694
1.618017, -0.100233, -0.521440
1.589547, -0.131994, -0.491630
0.924097, -0.045599, -0.884915
0.461514, -0.085897, -0.448187
0.482043, 0.009777, -0.437685
0.185924, -0.052785, -0.348200
0.249815, -0.102066, -0.340269
0.148566, -0.050984, -0.323361
0.281128, -0.006734, -0.325672
0.142808, 0.014695, -0.301073
2.960111, -0.913499, -0.693778
2.923597, -0.916157, -0.553597
2.932052, -0.874678, -0.626715
2.879425, -0.848001, -0.546305
3.040962, -0.939445, -0.651190
2.986529, -0.945912, -0.563523
2.985944, -0.874107, -0.537313
2.901614, -0.862069, -0.443010
1.174815, -0.172649, -0.577070
1.172201, -0.152626, -0.538795
1.251092, -0.074966, -0.577935
1.056368, -0.094948, -0.516808
1.376389, -0.164186, -0.585225
1.361864, -0.160604, -0.543932
1.352612, -0.080571, -0.594152
1.351057, -0.084669, -0.543876
2.883307, -0.887107, -0.808177
2.854285, -0.867664, -0.754013
2.848816, -0.823240, -0.771569
2.791483, -0.825195, -0.798482
2.915133, -0.876064, -0.800830
2.931973, -0.912771, -0.814847
2.954355, -0.789675, -0.719551
2.886368, -0.841902, -0.726647
0.778426, -0.175154, -0.482773
0.477261, -0.208734, -0.380868
0.442299, -0.129626, -0.366389
0.504077, -0.096982, -0.376351
0.940515, -0.161555, -0.552358
1.116437, -0.172710, -0.580726
1.171073, -0.092607, -0.617240
0.988168, -0.117463, -0.543466
2.499621, -0.909773, -0.975586
2.545240, -0.898663, -0.955380
2.611223, -0.773563, -0.933335
2.533924, -0.795314, -0.924523
2.815028, -0.897242, -0.946676
2.679619, -0.893949, -0.943046
2.782937, -0.764834, -0.883456
2.684102, -0.804205, -0.884692
1.298448, -0.176470, -0.439871
1.205228, -0.211461, -0.371674
1.310028, -0.126981, -0.438421
1.151619, -0.096940, -0.378910
1.454545, -0.141167, -0.429819
1.247853, -0.169266, -0.379170
1.419114, -0.131679, -0.446227
1.436535, -0.075929, -0.422855
0.918788, -0.044607, -0.938267
0.059247, -0.058277, -0.344575
0.726841, -0.000106, -0.610095
0.856658, 0.001239, -0.744518
0.055353, -0.068551, -0.309939
0.068060, -0.089624, -0.280032
0.176101, -0.035505, -0.290746
-0.098748, 0.020908, -0.300544
2.933182, -0.939673, -0.685572
2.875641, -0.943307, -0.608374
2.812489, -0.849349, -0.480503
2.780442, -0.878068, -0.531898
2.971218, -0.951957, -0.557895
2.857716, -0.934029, -0.445413
2.886839, -0.873896, -0.435746
2.802552, -0.870739, -0.409618
1.122892, -0.175234, -0.500069
0.965471, -0.200977, -0.439594
1.127127, -0.103815, -0.490226
0.855425, -0.089970, -0.419999
1.237797, -0.184848, -0.492512
1.128534, -0.184835, -0.444415
1.325242, -0.072998, -0.520741
1.160979, -0.075429, -0.459799
2.765977, -0.920289, -0.871067
2.789363, -0.882742, -0.727455
2.742965, -0.797371, -0.706543
2.758810, -0.842052, -0.719878
2.863622, -0.925274, -0.792935
2.908082, -0.928614, -0.730913
2.903040, -0.808214, -0.613584
2.786093, -0.857494, -0.659916
0.507425, -0.219940, -0.376709
0.141788, -0.204720, -0.293650
0.588730, -0.102886, -0.386909
0.313354, -0.157179, -0.307788
1.000259, -0.143329, -0.533459
0.629187, -0.173405, -0.392325
0.728454, -0.097807, -0.431036
0.828728, -0.086995, -0.460696
2.613202, -0.921190, -0.951698
2.489281, -0.924794, -0.940355
2.573013, -0.836567, -0.904797
2.585494, -0.787642, -0.850980
2.711490, -0.866892, -0.896435
2.720764, -0.880201, -0.868102
2.742226, -0.832950, -0.846140
2.680387, -0.828799, -0.831337
0.945658, -0.178144, -0.427329
0.774387, -0.159253, -0.365682
0.973007, -0.101291, -0.423940
0.918006, -0.125802, -0.375561
1.148963, -0.171519, -0.412952
1.046416, -0.172927, -0.406278
1.038665, -0.143581, -0.415700
0.942623, -0.088656, -0.379028
2.710295, -0.907976, -0.809522
2.702786, -0.906536, -0.690861
2.733560, -0.859286, -0.663175
2.707167, -0.831726, -0.616205
2.788051, -0.878888, -0.650757
2.771193, -0.927781, -0.659092
2.780212, -0.820251, -0.589175
2.747261, -0.867682, -0.542582
0.300745, -0.221639, -0.300719
0.007628, -0.190684, -0.278162
0.453503, -0.159829, -0.334749
-0.064658, -0.115573, -0.284110
0.821502, -0.188513, -0.433890
0.503388, -0.175360, -0.334724
0.730124, -0.132425, -0.405880
0.821137, -0.127082, -0.422585
2.512444, -0.923409, -0.931549
2.483956, -0.911926, -0.894462
2.554826, -0.782974, -0.813695
2.551970, -0.849153, -0.840504
2.579406, -0.909085, -0.895025
2.684470, -0.886891, -0.796324
2.682186, -0.815369, -0.803759
2.583452, -0.855356, -0.825400
-0.261730, 0.941503, 0.129265
-0.904117, 0.936993, -0.823424
0.067544, 0.929653, 0.205638
-0.889581, 0.967530, -0.797599
-0.204794, 0.957006, 0.085796
-0.233388, 0.952451, -0.921188
-0.261956, 0.935708, 0.028357
-0.102666, 0.936639, 0.084442
1.897902, -0.835994, -0.978089
1.828526, -0.856669, -0.967442
1.739455, -0.772838, -0.951520
1.799271, -0.773201, -0.940091
1.967506, -0.903226, -1.007894
2.040383, -0.911007, -0.993594
1.981075, -0.801660, -0.966817
2.042662, -0.801817, -0.947775
-0.559412, 0.974803, -0.909851
0.707315, 0.881431, -0.857629
-0.419209, 0.993785, 0.065660
-0.634259, 0.974404, -0.975027
-0.640214, 0.946050, -0.900301
0.517494, 0.855965, -0.551868
-0.665490, 0.961587, -0.886117
-0.874771, 0.977963, -0.877819
1.677935, -0.883657, -0.972420
1.645852, -0.859365, -0.932674
1.735881, -0.794152, -0.916955
1.757238, -0.757955, -0.875827
1.966422, -0.912648, -0.989750
1.964108, -0.867331, -0.956424
2.063031, -0.752427, -0.915926
1.923057, -0.777350, -0.896172
0.333375, 0.920030, -0.899491
0.204231, 0.965604, -0.977179
-0.527612, 0.997272, 0.035881
-0.253299, 0.934781, -0.066936
0.766854, 0.845935, -0.879630
0.401804, 0.952784, -0.928724
0.328925, 0.970980, -0.835170
-0.304487, 0.994325, -0.991902
0.640345, -0.864472, -0.615427
0.646725, -0.922752, -0.649953
0.641299, -0.803181, -0.572828
0.653030, -0.846421, -0.580873
0.971504, -0.917347, -0.782271
1.031518, -0.919622, -0.781230
1.091397, -0.797609, -0.746750
0.955004, -0.860412, -0.694117
0.441413, 0.871508, -0.484241
0.720116, 0.851118, -0.638725
0.708185, 0.921571, -0.818016
0.760922, 0.883885, -0.714822
0.512777, 0.868420, -0.505803
0.649952, 0.875025, -0.545867
0.716477, 0.932687, -0.871964
0.789566, 0.861633, -0.779399
1.700124, -0.891855, -0.952896
1.744267, -0.837880, -0.868274
1.648859, -0.785655, -0.841560
1.791101, -0.806229, -0.866295
1.874856, -0.866945, -0.944241
1.962368, -0.830834, -0.880485
1.793466, -0.777141, -0.840299
1.876416, -0.825294, -0.873000
0.787099, 0.882471, -0.952657
0.533743, 0.884308, -0.498921
-0.360450, 1.005171, -0.999616
-0.511827, 0.999705, -0.963958
0.342034, 0.828296, -0.416900
0.094201, 0.838739, -0.381568
0.448780, 0.909762, -0.479547
0.765466, 0.920712, -0.915139
1.130656, -0.865422, -0.811533
1.120349, -0.885834, -0.818298
1.201430, -0.849621, -0.824674
1.280389, -0.822414, -0.784849
1.532860, -0.859668, -0.887198
1.484156, -0.916680, -0.932886
1.487362, -0.812133, -0.802185
1.455251, -0.813841, -0.764859
0.344381, 0.921485, -0.936937
0.334962, 0.917936, -0.805836
-0.026542, 0.942421, 0.140460
-0.154924, 0.919260, -0.026330
0.795606, 0.868762, -0.896309
0.486598, 0.944950, -0.945709
-0.729091, 0.989140, -0.209553
0.369424, 0.970410, -0.857361
0.621812, -0.904963, -0.612146
0.583799, -0.891419, -0.570673
0.293615, -0.820656, -0.474000
0.183326, -0.828381, -0.439352
0.859972, -0.890047, -0.660274
0.650641, -0.891422, -0.576649
0.936630, -0.845885, -0.665020
0.886902, -0.836812, -0.603628
0.156204, 0.836713, -0.371572
0.395573, 0.854789, -0.413077
0.605526, 0.938814, -0.818914
0.337079, 0.912556, -0.424630
0.575052, 0.775311, -0.494604
0.777375, 0.761453, -0.763839
0.759810, 0.876384, -0.738823
0.812836, 0.886954, -0.819943
1.724631, -0.907588, -0.937703
1.547886, -0.874205, -0.860852
1.565939, -0.783209, -0.771265
1.581026, -0.812962, -0.784397
1.914262, -0.871172, -0.909342
1.709803, -0.894246, -0.885518
1.850001, -0.806105, -0.816151
1.836129, -0.822799, -0.821443
0.198602, 0.855336, -0.441626
0.676199, 0.870300, -0.585601
0.361816, 0.986128, -0.857885
-0.161514, 0.972181, -0.749431
0.272811, 0.894619, -0.407980
0.123782, 0.875716, -0.381470
0.584871, 0.900949, -0.528236
-0.391409, 0.962950, -0.646337
1.162974, -0.900463, -0.816016
1.190681, -0.885055, -0.797158
1.060498, -0.814901, -0.682847
1.011300, -0.846314, -0.677701
1.466721, -0.899628, -0.893466
1.372654, -0.910733, -0.901477
1.346334, -0.848397, -0.799768
1.301539, -0.845319, -0.781427
0.514592, 0.909992, -0.744826
-0.602790, 0.952552, -0.098003
0.019068, 0.951831, 0.145121
-0.489687, 0.987061, -0.065894
0.226212, 0.944199, -0.816162
0.287224, 0.956428, -1.013202
0.299418, 0.975052, -0.956975
-0.575089, 1.000309, -0.329057
0.283939, -0.910182, -0.496621
0.261804, -0.913603, -0.477408
0.241113, -0.824848, -0.426719
-0.042367, -0.887965, -0.434457
0.835417, -0.940953, -0.672827
0.725797, -0.917753, -0.598095
0.702266, -0.897747, -0.580199
0.818087, -0.849041, -0.565277
0.157708, 0.881730, 0.214321
-0.270039, 0.869458, -0.057742
3.298271, 0.919039, -0.197334
1.969817, 0.974785, -0.131420
-0.288219, 0.961287, 0.093139
-0.179880, 0.974214, -0.974339
-0.331919, 0.951682, -0.080787
-0.025184, 0.921643, 0.155448
0.990231, -0.910651, -0.856239
0.983205, -0.904033, -0.841232
0.989596, -0.793966, -0.775620
0.826872, -0.776060, -0.678408
1.167039, -0.916416, -0.959167
1.059178, -0.893909, -0.875372
1.052414, -0.787228, -0.817439
1.143717, -0.799913, -0.828853
0.216382, 0.894516, -0.436855
0.744336, 0.872643, -0.631347
0.720750, 0.916207, -0.734220
0.801028, 0.919369, -0.998558
-0.235815, 0.889197, -0.409106
-0.455295, 0.931959, -0.684797
0.500919, 0.933275, -0.478951
0.841897, 0.921655, -0.750596
1.032996, -0.914362, -0.721455
0.959492, -0.916357, -0.671790
1.160197, -0.868483, -0.726947
0.877069, -0.878260, -0.600466
1.367253, -0.908333, -0.846408
1.231111, -0.894103, -0.777502
1.239815, -0.830470, -0.707447
1.303429, -0.880234, -0.760288
1.277805, 0.893247, 0.057586
-0.071181, 0.788668, 0.096714
3.309531, 0.918286, -0.329253
3.297931, 0.906702, -0.176396
-0.106496, 0.854796, 0.057109
0.126326, 0.960214, -0.949976
1.789144, 0.949990, -0.088067
-0.354283, 0.950091, -0.010485
1.069117, -0.893063, -0.926589
0.938404, -0.903376, -0.861659
1.029551, -0.790861, -0.854442
0.835280, -0.776108, -0.727678
1.193902, -0.854903, -0.956000
1.130548, -0.868084, -0.931989
1.208084, -0.763471, -0.920702
1.182410, -0.765869, -0.885241
0.886733, 0.859703, -0.793471
0.899248, 0.884180, -0.797156
0.700528, 0.918461, -0.636596
0.626854, 0.906923, -0.557339
0.056221, 0.968540, -1.041421
-0.255319, 0.979867, -1.034651
0.667312, 0.867662, -1.025332
0.843114, 0.912911, -0.673110
1.588830, -0.910800, -0.889959
1.544705, -0.915744, -0.877858
1.581530, -0.856778, -0.775539
1.466401, -0.862036, -0.756585
1.796508, -0.922152, -0.933450
1.735526, -0.868747, -0.807967
1.708618, -0.842624, -0.792493
1.743578, -0.834284, -0.734036
-0.135778, -0.173513, -0.309182
0.006148, -0.196561, -0.253191
0.148581, -0.136126, -0.249284
-0.000233, -0.102566, -0.241136
0.672297, -0.174184, -0.358803
0.449009, -0.180279, -0.300720
0.718810, -0.085466, -0.376095
0.437502, -0.150163, -0.290356
2.465882, -0.862241, -0.837554
2.425126, -0.899924, -0.860147
2.366494, -0.778797, -0.795744
2.451310, -0.848456, -0.813430
2.569329, -0.906924, -0.851152
2.539339, -0.859127, -0.768501
2.589916, -0.799135, -0.739152
2.592871, -0.829293, -0.719836
0.355265, 0.901353, -0.699407
-0.543783, 0.981869, -0.047949
-0.587385, 0.985535, -0.094039
-0.677208, 0.970502, -0.243487
0.556505, 0.935462, -0.902070
0.573397, 0.948215, -0.882977
-0.782222, 0.989747, -0.226565
0.327602, 0.947403, -0.661615
0.428370, -0.954459, -0.561615
-0.336277, -0.939659, -0.495505
-0.162160, -0.875543, -0.437041
-0.548760, -0.888235, -0.487307
0.653622, -0.945062, -0.542775
0.832517, -0.979780, -0.696848
0.183672, -0.854804, -0.385328
0.241993, -0.899280, -0.416172
0.886122, 0.893421, -0.710488
0.921523, 0.870416, -0.845598
0.782379, 0.924556, -0.701958
0.926676, 0.915588, -0.820158
0.037909, 0.973891, -1.041640
-0.904365, 0.950601, -0.966129
0.662566, 0.878033, -1.026655
0.897115, 0.905304, -0.861376
1.552748, -0.910015, -0.790684
1.438122, -0.910512, -0.790065
1.505778, -0.841129, -0.686475
1.369136, -0.868196, -0.716008
1.583686, -0.891905, -0.767089
1.780519, -0.932078, -0.902644
1.597580, -0.843355, -0.688688
1.494559, -0.885304, -0.691216
-0.242118, -0.181552, -0.334640
-0.354438, -0.167470, -0.373168
0.145356, -0.121422, -0.226723
-0.409120, -0.087971, -0.391518
0.159287, -0.186494, -0.228524
0.175235, -0.214139, -0.217099
0.646393, -0.103571, -0.331991
0.190007, -0.103309, -0.221793
2.273004, -0.843529, -0.799223
2.387142, -0.871196, -0.797759
2.323646, -0.799294, -0.767676
2.257772, -0.793948, -0.707446
2.594088, -0.930930, -0.812720
2.541997, -0.891145, -0.764739
2.504925, -0.858190, -0.750330
2.547684, -0.859337, -0.709251
0.127686, 0.923521, -0.826673
0.243506, 0.879365, -0.460172
0.431917, 0.969827, -0.780153
-0.069586, 0.954953, -0.503622
-0.408827, 0.909550, -0.566663
-0.698274, 0.930797, -0.697922
-0.262063, 0.942073, -0.437474
0.663640, 0.923748, -0.657623
0.813870, -0.960108, -0.624732
0.603727, -0.952648, -0.519940
0.871723, -0.891993, -0.544387
0.739309, -0.927230, -0.527231
1.335415, -0.947824, -0.891307
0.984763, -0.960183, -0.666757
1.021579, -0.901061, -0.599244
1.035514, -0.940988, -0.625206
-0.639007, 0.962893, 0.027123
0.300858, 0.910759, -0.643923
-0.493185, 0.994118, -0.328917
-0.682514, 0.974699, -0.293306
0.579473, 0.931554, -0.768774
0.356321, 0.926256, -0.624365
-0.676306, 0.971557, -0.041324
0.236307, 0.940520, -0.622968
0.393707, -0.964409, -0.564038
-0.149539, -0.965066, -0.521362
-0.385873, -0.910219, -0.454551
-0.552098, -0.899019, -0.465088
0.481422, -0.973045, -0.615781
0.467896, -0.957361, -0.486137
0.150260, -0.868130, -0.368245
0.042002, -0.885462, -0.349345
0.804055, -0.185842, -0.356100
0.792408, -0.174311, -0.326656
0.834096, -0.138213, -0.343439
0.775210, -0.097550, -0.301998
0.876380, -0.209938, -0.337152
0.894678, -0.193263, -0.313905
0.900921, -0.092648, -0.358451
0.859678, -0.126886, -0.308036
2.663818, -0.904810, -0.667898
2.610650, -0.924663, -0.750310
2.628137, -0.866118, -0.594512
2.563058, -0.830651, -0.571057
2.781618, -0.944645, -0.640897
2.651212, -0.901714, -0.614237
2.667696, -0.879516, -0.593572
2.603289, -0.880059, -0.556861
2.156659, -0.845416, -0.763573
2.306104, -0.878338, -0.773180
2.172333, -0.830402, -0.757701
2.105253, -0.843285, -0.719689
2.518428, -0.881966, -0.716014
2.510748, -0.935505, -0.772492
2.436911, -0.844976, -0.648470
2.326001, -0.817762, -0.643077
-0.090863, 0.883037, -0.373848
-0.096685, 0.846390, -0.364316
0.099768, 0.921484, -0.391255
-0.104718, 0.924514, -0.410165
-0.934699, 0.965472, -0.918944
-0.952722, 0.986640, -0.899860
0.732641, 0.913573, -0.588944
-0.045141, 0.907258, -0.393566
1.296463, -0.932328, -0.717066
1.132049, -0.947126, -0.662793
1.189660, -0.917488, -0.637534
1.106380, -0.932951, -0.613994
1.656192, -0.948411, -0.803496
1.354292, -0.965001, -0.674059
1.377572, -0.931969, -0.631282
1.166424, -0.914267, -0.567529
0.652520, 0.848297, -0.650721
0.186782, 0.922025, -0.457621
0.573353, 0.964874, -0.961340
0.065886, 0.952815, -0.476202
-0.719872, 0.936577, -0.680930
-0.355262, 0.930978, -0.637756
0.836533, 0.932844, -1.007166
0.308407, 0.924562, -0.452035
0.725674, -0.954646, -0.513071
0.694109, -0.975785, -0.569392
0.637682, -0.937965, -0.485922
0.621587, -0.913546, -0.437572
1.228443, -0.970108, -0.891096
1.189582, -0.986723, -0.939532
0.976934, -0.922920, -0.568467
0.751454, -0.927449, -0.444523
-0.203014, 0.928052, -0.563829
0.619433, 0.927124, -0.839907
0.405313, 0.950561, -0.573437
0.410219, 0.951477, -0.674066
-0.143538, 0.909200, -0.433618
-0.347796, 0.970257, -0.724145
-0.246154, 0.970870, -0.491492
0.333658, 0.946323, -0.481142
0.678844, -0.980351, -0.538733
0.306124, -0.962739, -0.416428
0.371535, -0.937171, -0.398294
0.348004, -0.960633, -0.401417
1.202411, -0.976627, -0.801134
1.220616, -0.985187, -0.881114
0.679364, -0.953230, -0.460233
0.388262, -0.960703, -0.377279
0.289669, 0.834552, -0.370214
-0.726316, 0.928333, -0.714339
0.482282, 0.926878, -0.495902
-0.718263, 0.954540, -0.651285
-0.643563, 0.958726, -1.007191
0.947681, 0.919822, -0.957695
0.699118, 0.920529, -0.555521
0.727708, 0.893431, -0.547547
1.503520, -0.965758, -0.883749
1.329630, -0.965371, -0.848641
1.080400, -0.945828, -0.589074
0.900636, -0.955650, -0.495041
1.635858, -0.967126, -0.852073
1.451909, -0.973008, -0.739986
1.246951, -0.954874, -0.592055
0.923908, -0.941503, -0.435770
1.167661, -0.983839, -0.586091
1.002426, -0.994795, -0.542252
0.982135, -0.978797, -0.471086
0.988427, -0.978815, -0.447538
1.655509, -0.973446, -0.678991
1.741535, -0.974106, -0.800370
1.433591, -0.968226, -0.543801
1.009096, -0.958369, -0.409111
1.920426, -0.975592, -0.685383
2.224774, -0.983654, -0.862836
1.535876, -0.989069, -0.502784
1.195140, -0.993228, -0.438117
1.819962, -0.985179, -0.621155
2.125621, -0.984395, -0.750764
1.450439, -0.978777, -0.410179
1.354048, -0.990495, -0.461234
1.097425, -0.999445, -0.647237
1.190585, -1.007227, -0.711451
0.850860, -0.984913, -0.387924
0.116619, -0.976012, -0.126272
1.478485, -0.992123, -0.703090
0.801004, -1.003771, -0.435258
0.990763, -0.986660, -0.424920
0.685657, -0.975311, -0.246995
-0.445550, 0.926062, -0.588873
-0.584001, 0.931539, -0.629209
0.718928, 0.934826, -0.597683
-0.037893, 0.960744, -0.463524
0.964304, 0.909154, -0.891958
0.953286, 0.879897, -0.962016
0.327085, 0.944083, -0.411755
-0.564070, 0.947682, -0.650688
1.418459, -0.970330, -0.830298
0.841776, -0.981755, -0.521285
0.741501, -0.944490, -0.374561
0.720423, -0.963988, -0.422850
1.249006, -0.984150, -0.668657
1.005232, -0.991450, -0.561393
0.896127, -0.972803, -0.462621
0.850676, -0.984731, -0.484851
2.315007, -0.965966, -0.762831
2.155778, -0.961587, -0.808334
1.700908, -0.945981, -0.536037
1.589235, -0.964804, -0.474336
2.278314, -0.963594, -0.719752
2.306038, -0.975247, -0.739163
1.854182, -0.925872, -0.525857
1.658371, -0.957649, -0.452798
-0.858654, 0.143743, -0.601636
-0.915155, 0.177375, -0.549305
-0.934126, 0.250513, -0.594906
-0.942559, 0.275032, -0.499933
-0.962099, 0.150917, -0.285257
0.183994, 0.249527, -0.849166
-0.953108, 0.263623, -0.289862
-0.887899, 0.304242, -0.752050
1.822326, -0.986881, -0.588155
2.304504, -0.995749, -0.791408
1.307992, -0.983443, -0.355013
1.090388, -0.981383, -0.288579
1.843699, -1.000435, -0.585722
1.845265, -1.011443, -0.655927
1.269426, -0.989452, -0.334807
0.959686, -0.989595, -0.216857
-0.693994, 0.933389, -0.792076
-0.480414, 0.956882, -0.742861
-0.251454, 0.977576, -0.505512
-0.221177, 0.976149, -0.479142
-0.708529, 0.925858, -0.585176
-0.737361, 0.948288, -0.594044
-0.411777, 0.955503, -0.595791
-0.614940, 0.947879, -0.627190
1.374957, -0.983322, -0.925799
1.266389, -0.990830, -0.879820
0.535665, -0.969024, -0.337743
0.585347, -0.990615, -0.414209
1.457332, -0.989561, -0.882450
1.391753, -0.994056, -0.906315
0.618172, -0.993847, -0.364940
0.430711, -0.986952, -0.287753
0.283930, -0.112420, -0.412943
-0.240296, -0.006431, -0.398922
-0.919954, 0.256918, -0.493220
-0.415687, 0.111644, -0.473880
-0.984721, 0.233159, -0.274329
-0.977384, 0.201793, -0.234997
-0.982818, 0.287588, -0.355789
-0.988226, 0.287960, -0.258192
2.261511, -0.974840, -0.631358
2.040521, -0.979057, -0.634845
1.804923, -0.945596, -0.464340
1.583072, -0.970753, -0.405191
2.326672, -1.001945, -0.628934
2.031844, -0.993825, -0.617678
1.667345, -0.966231, -0.372561
1.752126, -0.984550, -0.456624
-0.935859, 0.107642, -0.355369
-0.912266, 0.139738, -0.385318
-0.851047, 0.205529, -0.426959
-0.846592, 0.172354, -0.429594
-0.122559, -0.016096, -0.160879
-0.709334, 0.047913, -0.446125
-0.485851, 0.077686, -0.372997
-0.381724, 0.074240, -0.297468
1.718771, -1.003886, -0.531516
2.102663, -1.016606, -0.703498
1.079810, -0.996533, -0.281497
0.692756, -0.977305, -0.052230
1.887129, -1.018458, -0.602279
1.268900, -1.011483, -0.435909
0.852710, -0.975934, -0.085349
0.278416, -0.977704, 0.055175
-0.002657, 0.942592, -0.537579
0.188755, 0.925189, -0.498036
0.641853, 0.920534, -0.692356
0.155033, 0.967891, -0.565761
-0.336101, 0.954909, -0.686159
-0.355027, 0.938597, -0.773158
0.611666, 0.955323, -0.749230
0.650367, 0.952779, -0.894487
0.589977, -0.982458, -0.497805
0.099039, -0.959795, -0.339265
0.176841, -0.936253, -0.333268
-0.058268, -0.928419, -0.319421
1.088336, -0.996588, -0.820989
1.074801, -1.003341, -0.822366
0.609839, -0.982090, -0.430224
0.280167, -0.951292, -0.320071
2.388956, -0.942358, -0.775923
2.391652, -0.949390, -0.724870
2.246747, -0.873991, -0.582265
2.131474, -0.878796, -0.591794
2.382486, -0.945872, -0.572123
2.463657, -0.958915, -0.717568
2.142704, -0.887681, -0.508920
2.109380, -0.895281, -0.549987
-0.731310, 0.075720, -0.497633
-0.599844, 0.002040, -0.418672
-0.655388, 0.104249, -0.443379
-0.881500, 0.136526, -0.459484
0.057170, -0.031058, -0.133429
0.048073, -0.019149, -0.107899
0.065357, 0.039114, -0.105127
-0.108049, 0.050672, -0.153182
2.038349, -0.995901, -0.550105
2.211084, -1.004601, -0.626613
1.676526, -0.972152, -0.368458
1.214668, -0.962123, -0.230708
1.722449, -0.994870, -0.405676
2.144673, -1.025044, -0.625478
1.032016, -0.962209, -0.109036
1.273139, -0.979625, -0.261414
0.031401, -0.016902, -0.105684
0.024395, -0.034996, -0.104237
0.320644, 0.018058, -0.128573
0.100287, 0.042814, -0.082901
0.252595, -0.046731, -0.057101
0.259176, -0.042134, -0.095016
0.327716, 0.002756, -0.127193
0.273896, 0.034483, -0.098329
1.911922, -1.031975, -0.631600
1.033646, -1.009137, -0.314269
0.319083, -0.996136, 0.012039
0.062511, -0.971346, 0.087797
1.728297, -1.033356, -0.554781
1.339217, -1.035758, -0.533784
-0.166336, -0.967310, 0.047389
-0.205442, -0.973321, -0.002864
2.515367, -0.931321, -0.720771
2.452080, -0.934633, -0.653782
2.370257, -0.868186, -0.579239
2.371061, -0.895888, -0.613662
2.438752, -0.905127, -0.556326
2.434900, -0.931596, -0.610473
2.384135, -0.895023, -0.499660
2.320381, -0.892946, -0.495930
0.573741, -0.058707, -0.531941
-0.480041, 0.041890, -0.502753
-0.345258, 0.025367, -0.421335
0.375422, -0.043836, -0.430638
-0.780101, 0.055648, -0.606761
-0.757841, 0.051043, -0.573524
-0.657676, 0.089490, -0.587616
-0.738094, 0.119456, -0.542900
2.340634, -0.956684, -0.545350
2.235640, -0.960858, -0.506943
2.184086, -0.909997, -0.444361
2.073314, -0.925763, -0.471328
2.431674, -0.982074, -0.496351
2.282763, -0.980194, -0.454808
2.210037, -0.933705, -0.381455
2.111364, -0.940466, -0.432002
0.275487, -0.100026, -0.181274
0.269039, -0.095662, -0.163103
0.269591, 0.041356, -0.157721
0.289614, -0.012151, -0.154942
0.439930, -0.088509, -0.179547
0.355029, -0.043902, -0.112334
0.481419, 0.008814, -0.128104
0.433459, -0.019601, -0.122606
1.634935, -1.013701, -0.425757
1.163894, -0.999968, -0.280176
0.957180, -0.964359, -0.064407
0.644978, -0.968770, 0.025725
1.086670, -1.005447, -0.217789
1.623939, -1.016860, -0.436160
0.741876, -0.990971, -0.000708
0.426049, -0.973379, 0.075382
0.326052, -0.042212, -0.074173
0.193501, -0.079495, -0.009804
0.278957, 0.041459, -0.020389
0.180885, -0.023808, -0.007180
0.249914, -0.078599, -0.019581
0.155708, -0.035099, 0.005914
0.347762, 0.047166, -0.020406
0.225324, 0.003602, 0.008531
1.342505, -1.024535, -0.436100
0.924522, -1.030007, -0.362364
-0.563979, -0.967845, -0.169012
-0.538160, -0.952235, -0.210417
1.070164, -1.036363, -0.404600
0.966726, -1.042077, -0.420924
-0.488145, -0.911070, -0.300400
-0.448248, -0.930450, -0.320313
-0.368725, -0.014646, -0.435398
-0.434221, 0.018557, -0.474529
0.715758, 0.019004, -0.620009
-0.294920, 0.021026, -0.395635
-0.660586, 0.017781, -0.525559
-0.733063, 0.099659, -0.583803
-0.651222, 0.080934, -0.538659
-0.700837, 0.101625, -0.563071
2.624141, -0.961525, -0.557865
2.325475, -0.946481, -0.486578
2.358562, -0.882302, -0.476961
2.307332, -0.913814, -0.479077
2.528229, -0.963706, -0.424361
2.453714, -0.969495, -0.445876
2.447728, -0.907258, -0.398644
2.307835, -0.909336, -0.410550
-0.147693, -0.037872, -0.239345
-0.294884, -0.030924, -0.307967
-0.054074, 0.034651, -0.193224
-0.678048, 0.144587, -0.507558
0.081941, -0.034891, -0.180154
0.202247, -0.042496, -0.190725
0.472246, 0.026766, -0.265154
-0.026665, 0.000154, -0.185335
2.358716, -0.977187, -0.418090
2.349447, -0.986731, -0.445002
2.195404, -0.963145, -0.398542
2.140052, -0.954514, -0.382751
2.198834, -0.993097, -0.377546
1.996165, -0.984983, -0.368570
1.920437, -0.977951, -0.316596
1.697176, -0.964013, -0.247427
0.434246, -0.101758, -0.098405
0.473993, -0.046406, -0.094115
0.577822, 0.055297, -0.154334
0.419706, 0.010320, -0.100323
0.619791, -0.063034, -0.113581
0.485899, -0.093708, -0.077741
0.651981, 0.018633, -0.129918
0.579994, 0.029914, -0.094806
-0.215919, -0.984931, -0.017585
1.337084, -1.028918, -0.437158
-0.154052, -0.943782, 0.079331
-0.416988, -0.963249, -0.145271
-0.420677, -0.994052, -0.305497
0.846271, -1.033803, -0.297280
-0.575185, -0.952140, -0.134268
-0.640334, -0.917890, -0.327674
0.422239, -0.178527, -0.256661
0.452214, -0.215876, -0.257976
0.652655, -0.140576, -0.273461
0.626384, -0.123310, -0.247791
0.805768, -0.185297, -0.283617
0.636177, -0.184818, -0.247209
0.827928, -0.088706, -0.293394
0.731445, -0.114839, -0.222545
2.511111, -0.888060, -0.613003
2.541256, -0.924611, -0.671001
2.500126, -0.858407, -0.612302
2.430027, -0.857405, -0.568296
2.595571, -0.918689, -0.559390
2.605106, -0.948529, -0.572344
2.552399, -0.848240, -0.484280
2.458580, -0.874031, -0.504608
0.372458, -0.082373, -0.012806
0.220245, -0.075367, 0.019140
0.551936, -0.008442, -0.053019
0.353595, 0.004893, 0.003225
0.344596, -0.093225, 0.019198
0.191257, -0.080407, 0.032371
0.535932, -0.001182, -0.028067
0.299010, 0.030339, 0.031347
-0.946136, -0.891955, -0.081857
-0.316465, -0.990791, -0.469553
-0.971421, -0.841270, -0.181372
-0.835106, -0.931099, -0.206533
-0.976964, -0.884369, -0.158738
-0.905406, -0.943758, -0.019699
-0.029547, -0.830960, -0.730455
0.026940, -0.810157, -0.723576
-0.927656, 0.340184, -0.715969
-0.555837, 0.354458, -0.957954
-0.095428, 0.461831, -0.986978
-0.887851, 0.489622, -0.822505
-0.704269, 0.402739, 0.063505
0.250034, 0.361829, -0.919572
-0.566709, 0.426862, -0.930493
-0.983999, 0.507339, -0.613294
2.097432, -0.896090, -0.725651
1.869350, -0.933343, -0.707004
1.847568, -0.907334, -0.671416
1.811177, -0.903876, -0.638199
2.114952, -0.895336, -0.714826
2.197474, -0.922787, -0.718016
2.093302, -0.857271, -0.664911
2.001236, -0.905188, -0.682510
-0.917596, 0.437267, -0.719401
-0.985406, 0.594889, -0.639462
-0.643756, 0.585549, 0.066752
-0.980724, 0.670657, -0.680646
0.249209, 0.460612, -0.926196
0.211231, 0.461642, -0.972842
-0.964345, 0.569433, -0.599277
-0.515946, 0.622607, -0.961487
2.052542, -0.971918, -0.929177
1.905642, -0.976032, -0.910419
1.458037, -0.950538, -0.494084
1.073445, -0.963664, -0.370687
2.028468, -0.949964, -0.729596
2.071064, -0.963609, -0.816004
1.525967, -0.937895, -0.471756
1.607920, -0.955592, -0.513900
-0.070637, 0.420518, -0.437251
0.671796, 0.418892, -0.661238
0.672938, 0.458558, -0.657332
0.706983, 0.453384, -0.689194
0.201442, 0.440553, -0.445627
0.604384, 0.440246, -0.609220
0.078182, 0.515758, -0.427801
0.651036, 0.464120, -0.643666
-0.017968, 0.649452, -0.996111
-0.912536, 0.687209, -0.795045
-0.458313, 0.707798, 0.106388
-0.709109, 0.705704, -0.921453
-0.878326, 0.612856, -0.753432
-0.198900, 0.619875, -0.992796
-0.263585, 0.677682, 0.141607
-0.047334, 0.688350, -0.997768
0.336395, 0.217823, -0.510600
0.326386, 0.195794, -0.469462
0.427962, 0.341646, -0.520504
0.593199, 0.334437, -0.613324
0.237572, 0.154586, -0.482412
0.477802, 0.168130, -0.584672
0.466965, 0.347161, -0.539860
0.457639, 0.262974, -0.556254
2.938587, 0.854593, -0.879485
2.926712, 0.822080, -0.799268
2.855171, 0.936558, -0.927534
2.925476, 0.913808, -0.864929
3.036539, 0.878451, -0.850779
3.023960, 0.870566, -0.820104
3.022479, 0.885362, -0.874293
2.992681, 0.910679, -0.845750
-0.562725, 0.131224, 0.114840
-0.571936, 0.085740, -0.933713
-0.912898, 0.151009, -0.759422
-0.707646, 0.126236, -0.922883
-1.006721, 0.164988, -0.257363
-0.843169, 0.008223, -0.902049
-0.175102, 0.141500, -0.971718
0.220643, 0.183756, -0.958818
2.980878, 0.708882, -0.833281
2.903002, 0.672462, -0.791435
2.983590, 0.748728, -0.824137
2.910383, 0.789657, -0.794982
3.022096, 0.668318, -0.749540
3.042650, 0.681114, -0.732601
3.077955, 0.803153, -0.813944
3.009396, 0.743198, -0.760427
0.223102, -0.062259, -0.975287
-1.023109, -0.047852, -0.432015
-0.789334, 0.043489, -0.871958
-0.256623, 0.011947, -0.968057
0.148219, -0.065640, -0.982935
-0.900951, -0.102186, -0.877779
0.188932, 0.013183, -0.965219
-0.353159, -0.005860, -0.957557
-0.358289, 0.735192, -0.954824
-0.650392, 0.785962, -0.923348
-0.501712, 0.801583, -0.917624
-0.459629, 0.789669, -0.958459
-0.238161, 0.712885, 0.139328
-0.244104, 0.730780, -0.982077
-0.296717, 0.788459, 0.140653
-0.489919, 0.806929, -0.949676
0.106168, 0.188480, -0.382481
0.522854, 0.173435, -0.543626
-0.119520, 0.248310, -0.391690
0.480534, 0.205796, -0.518138
0.674531, 0.170191, -0.658205
0.776846, 0.228040, -0.900084
0.247226, 0.219994, -0.415220
0.782359, 0.260120, -0.902722
2.914428, 0.556961, -0.801767
2.915179, 0.570021, -0.752766
2.986473, 0.637126, -0.799796
2.946571, 0.617826, -0.745263
3.042952, 0.572299, -0.737084
2.991871, 0.555650, -0.657184
3.060329, 0.635682, -0.706838
2.961182, 0.600994, -0.710575
-0.644971, -0.196322, -0.892147
-0.759704, -0.281182, -0.902354
0.104799, -0.089587, -0.980483
-0.965210, -0.157596, -0.821988
-0.968319, -0.131105, -0.693464
-0.937959, -0.237186, -0.880507
-0.006326, -0.110648, -0.954262
-0.632921, -0.113263, -0.925185
2.889018, 0.863861, -0.727794
2.794489, 0.865848, -0.746285
2.850126, 0.905369, -0.777708
2.772496, 0.898848, -0.761657
2.914550, 0.839043, -0.667025
2.949313, 0.899651, -0.667811
3.005989, 0.947611, -0.758020
2.898269, 0.908213, -0.702969
-0.071575, -0.020306, -0.495343
0.525181, -0.127611, -0.634993
-0.205473, 0.033118, -0.534746
0.419377, -0.037814, -0.559054
0.177634, -0.071506, -0.509805
0.553684, -0.094924, -0.657672
0.132845, 0.065154, -0.507936
0.494020, -0.068211, -0.613451
2.751673, 0.796293, -0.648766
2.793876, 0.868534, -0.637880
2.783849, 0.901322, -0.746640
2.825050, 0.938120, -0.727374
2.849106, 0.811420, -0.605760
2.773935, 0.808498, -0.595855
2.878186, 0.889506, -0.663682
2.867453, 0.948952, -0.709457
0.604008, -0.112278, -0.663953
0.708716, -0.088605, -0.974734
0.768568, -0.042879, -0.941474
0.670280, -0.027231, -0.993415
0.734647, -0.066696, -0.950288
-0.661018, -0.274829, -1.007428
0.654807, -0.045729, -0.714034
-0.663248, -0.222132, -1.012428
2.863793, 0.675484, -0.649282
2.768844, 0.646180, -0.627472
2.899949, 0.759682, -0.680332
2.817525, 0.757841, -0.626898
2.885856, 0.682387, -0.588610
2.886662, 0.697751, -0.522923
2.882154, 0.755880, -0.637017
2.842849, 0.766796, -0.611645
-0.010980, -0.178433, -0.524829
0.092878, -0.222085, -0.508134
0.200287, -0.136698, -0.514037
0.254298, -0.168682, -0.505640
-0.083852, -0.163585, -0.547881
0.181077, -0.187529, -0.529296
0.597814, -0.059977, -0.749625
0.412109, -0.197751, -0.576792
-0.748945, 0.950992, -0.305969
-0.806041, 0.946263, -0.215915
-0.669222, 0.967344, -0.384877
0.099540, 0.996981, -0.166901
0.273553, 0.912706, -0.617026
-0.838003, 0.927182, -0.025520
-0.561346, 1.008204, -0.543242
-0.556861, 1.011680, -0.588132
-0.600381, -0.942888, -0.549598
-0.584230, -0.942480, -0.510015
-0.779300, -0.936433, -0.475354
-0.930143, -0.915595, -0.370144
0.517963, -0.987792, -0.593012
0.546125, -0.998125, -0.639642
-0.014253, -0.931755, -0.333920
-0.239487, -0.907429, -0.403585
2.881974, 0.422047, -0.780083
2.934927, 0.416512, -0.713477
2.959630, 0.448447, -0.765484
2.893081, 0.488617, -0.753659
3.020779, 0.439784, -0.720447
2.957550, 0.390416, -0.679538
3.044277, 0.459869, -0.726405
3.033036, 0.501339, -0.672631
-0.700004, -0.389899, -0.870811
-0.402836, -0.344941, -0.960417
-0.960400, -0.246088, 0.039576
-0.927717, -0.400481, -0.862671
-0.919109, -0.300595, -0.815587
-0.360336, -0.387261, -0.964629
-0.074341, -0.297092, -0.974955
-0.463616, -0.334036, -0.953058
2.672596, 0.816304, -0.602432
2.659928, 0.859927, -0.628686
2.658548, 0.874126, -0.693547
2.741036, 0.936831, -0.692313
2.834469, 0.866998, -0.572905
2.642615, 0.821836, -0.555282
2.827337, 0.891079, -0.605013
2.800104, 0.938703, -0.626490
0.673766, -0.060269, -0.993249
-0.667092, -0.344966, 0.086271
0.772245, -0.035998, -0.892994
-0.608466, -0.190508, -1.021541
-1.021203, -0.293987, -0.156084
-0.925028, -0.395569, -0.997723
-0.725014, -0.232099, -0.998568
-0.783951, -0.254731, 0.085422
1.197390, 0.456880, 0.037199
1.187045, 0.469943, 0.033019
1.334722, 0.527925, 0.020976
1.029992, 0.582922, 0.073419
0.016863, 0.395515, 0.187642
0.932628, 0.514340, 0.085207
1.120926, 0.581284, 0.065177
0.105631, 0.504148, 0.169894
2.402081, 0.151403, -0.142876
2.007010, 0.180794, -0.124650
2.522180, 0.194695, -0.174224
2.422847, 0.171107, -0.158376
1.346509, 0.168010, 0.024703
1.971381, 0.178324, -0.117345
1.328683, 0.250644, 0.027492
1.214373, 0.219942, 0.041523
2.127958, 0.161293, -0.142884
2.068307, 0.134436, -0.150068
2.247706, 0.218665, -0.164680
1.950856, 0.265153, -0.129789
0.955698, 0.173043, 0.095362
1.335185, 0.133238, 0.011087
1.031369, 0.215434, 0.077395
1.118734, 0.243871, 0.057263
2.888874, 0.301989, -0.646987
2.866907, 0.292078, -0.637067
2.847771, 0.330512, -0.654950
2.871409, 0.375118, -0.641359
2.919245, 0.290012, -0.631329
2.949172, 0.281307, -0.580265
2.976984, 0.350193, -0.624029
2.908463, 0.327662, -0.611778
-0.947812, -0.637187, -0.803361
0.274967, -0.599052, -0.679469
-0.943497, -0.618192, -0.829219
0.139087, -0.453212, -0.624916
-0.921826, -0.685908, -0.854451
0.291872, -0.555873, -0.684605
-0.933524, -0.626774, -0.866396
0.000127, -0.544930, -1.034290
1.083591, 0.284419, 0.056842
1.220942, 0.286863, 0.021185
1.701637, 0.415210, -0.083017
1.419202, 0.442876, 0.000232
0.695388, 0.284983, 0.131311
0.681484, 0.314309, 0.127804
0.579626, 0.332568, 0.160525
0.239811, 0.375649, 0.172509
1.363304, 0.124275, -0.008231
1.266754, 0.113580, 0.002820
1.584571, 0.217923, -0.050507
1.281174, 0.276362, -0.001636
-0.185516, 0.122702, 0.092974
-0.174334, 0.120654, 0.092175
0.304755, 0.172101, 0.165659
-0.070159, 0.166024, 0.127275
1.587227, 0.348625, -0.048654
1.522766, 0.307212, -0.042578
1.541798, 0.393754, -0.037500
1.294978, 0.400688, 0.000834
-0.140236, 0.269356, 0.122406
-0.040776, 0.284436, 0.155443
0.469211, 0.328912, 0.158857
0.468206, 0.400964, 0.156231
0.773764, 0.097169, 0.121092
0.572095, 0.101158, 0.136207
0.923702, 0.192959, 0.089276
1.174983, 0.269839, 0.011493
-0.376986, 0.159355, -0.027487
-0.345621, 0.147448, -0.015894
-0.328060, 0.204563, -0.007311
-0.111631, 0.206396, 0.102681
1.180839, 0.159310, 0.035705
1.860325, 0.176829, -0.122711
1.734126, 0.232942, -0.084155
1.771496, 0.229515, -0.104544
0.045743, 0.121422, 0.154386
0.983601, 0.117276, 0.073900
-0.093057, 0.155999, 0.135930
-0.010095, 0.195255, 0.155547
2.549989, 0.836137, -0.600846
2.479866, 0.815795, -0.561699
2.590379, 0.880057, -0.608246
2.638207, 0.922141, -0.665812
2.655186, 0.877762, -0.532484
2.622744, 0.870499, -0.521089
2.738729, 0.943488, -0.681982
2.612420, 0.916412, -0.614244
-0.534317, -0.377990, 0.122668
-0.856818, -0.368466, -1.005707
-0.510062, -0.311238, 0.122154
0.701856, -0.034356, -0.994735
-0.507957, -0.338167, 0.117462
-0.514185, -0.340645, 0.120951
-0.766612, -0.176003, 0.091457
-0.519060, -0.222530, 0.121301
2.273585, 0.699239, -0.482303
2.262493, 0.722730, -0.465619
2.331579, 0.733712, -0.507429
2.243134, 0.771216, -0.534264
2.353439, 0.710451, -0.416312
2.296289, 0.742962, -0.424382
2.393084, 0.781047, -0.488316
2.304624, 0.762254, -0.410310
0.740629, -0.233455, -0.810644
-0.926753, -0.592602, -1.001932
-0.660444, -0.425623, 0.111895
0.779339, -0.138992, -0.870059
-0.962117, -0.629061, -0.913114
-0.964572, -0.615614, -0.907823
-0.663190, -0.421123, 0.103350
-0.817307, -0.427992, 0.095090
1.906662, 0.574870, -0.371109
1.920801, 0.616999, -0.359425
1.993385, 0.677812, -0.418537
1.811057, 0.637451, -0.358618
2.027040, 0.581271, -0.346618
1.888487, 0.637811, -0.336545
2.071769, 0.660906, -0.360634
1.913159, 0.696561, -0.343365
0.694678, -0.425272, -0.758276
0.411193, -0.363368, -0.530453
0.732758, -0.260720, -0.985028
0.781980, -0.290283, -0.925370
0.653185, -0.402153, -0.967842
0.705791, -0.327165, -0.968853
0.582229, -0.339426, -1.023484
0.748003, -0.279910, -0.969208
1.123443, 0.171944, -0.101644
0.785349, 0.128547, -0.025551
1.097825, 0.194270, -0.111706
0.793124, 0.187224, -0.016625
0.911550, 0.122668, -0.026471
0.797905, 0.103676, -0.005583
1.026942, 0.200508, -0.056753
0.663395, 0.239477, 0.029109
-0.694975, -0.858978, -0.711705
-0.104757, -0.895464, -0.894209
-0.610265, -0.745034, -0.694481
-0.531105, -0.723299, -0.809669
-0.206060, -0.865365, -0.549289
0.096211, -0.879944, -0.552941
0.661950, -0.752748, -0.788211
0.475786, -0.815463, -0.668498
0.666244, 0.843335, -0.009926
0.298670, 0.832682, 0.081869
0.829981, 0.912431, -0.072126
0.637629, 0.944065, -0.043632
0.496760, 0.819104, 0.062867
0.579772, 0.866968, 0.032673
0.971289, 0.914911, -0.077607
0.505698, 0.931765, 0.032160
-0.693413, -0.117943, -0.746342
-0.537103, -0.049397, -0.835792
-0.726286, -0.016373, -0.729662
-0.332328, 0.091773, -0.902658
-0.397695, -0.231408, -0.531153
-0.707874, -0.125795, -0.767738
-0.516133, -0.127404, -0.576287
-0.821243, 0.000789, -0.723118
1.053339, 0.675202, -0.090344
0.781959, 0.647066, -0.031256
1.123262, 0.718818, -0.098287
0.797345, 0.769477, -0.031665
1.138187, 0.679999, -0.092807
0.837811, 0.707460, -0.017399
1.150741, 0.720303, -0.081953
0.936682, 0.727619, -0.043469
-0.690010, -0.287936, -0.809022
-0.598555, -0.299655, -0.845583
-0.750497, -0.173604, -0.753056
-0.658493, -0.098993, -0.825747
0.807675, -0.371372, -0.952882
-0.573368, -0.395310, -0.601196
-0.438664, -0.264829, -0.560219
-0.322398, -0.253074, -0.510640
1.197133, 0.916029, -0.178791
0.421370, 0.956735, 0.035003
1.856448, 0.928826, -0.524197
1.753649, 0.943994, -0.476740
1.153157, 0.927889, -0.121855
1.034836, 0.970967, -0.100556
1.841082, 0.950202, -0.472310
1.845184, 0.949351, -0.507667
-0.815867, 0.126663, -0.732321
-0.812145, 0.139930, -0.787188
-0.705060, 0.108907, -0.729309
-0.756533, 0.185908, -0.785956
-0.514730, -0.058750, -0.557645
-0.763621, 0.020599, -0.722536
-0.840957, 0.120620, -0.677260
-0.876713, 0.160497, -0.624316
0.679808, 0.670575, 0.000747
0.178183, 0.681801, 0.060602
0.597808, 0.748303, 0.023126
0.431221, 0.784733, 0.054062
0.425535, 0.629908, 0.067318
0.404163, 0.730090, 0.077676
0.656258, 0.766096, 0.014718
0.273587, 0.801793, 0.095128
-0.616782, -0.324791, -0.837864
-0.564236, -0.195085, -0.847987
-0.409131, -0.193162, -0.772902
-0.478759, -0.048575, -0.870006
-0.680287, -0.272079, -0.766613
-0.628364, -0.253943, -0.832235
-0.570445, -0.259724, -0.607919
-0.693933, -0.197561, -0.838490
0.959402, 0.510076, -0.075230
0.720764, 0.474941, -0.020514
1.039578, 0.585831, -0.081381
0.820494, 0.613424, -0.032842
1.073374, 0.500313, -0.073990
0.665204, 0.468451, 0.010682
1.080928, 0.601849, -0.066299
0.550782, 0.557916, 0.039114
-0.633806, -0.482041, -0.706298
-0.448605, -0.419857, -0.828427
-0.555421, -0.436642, -0.597356
-0.581611, -0.463061, -0.603498
0.654834, -0.588727, -0.733642
-0.645438, -0.542405, -0.607462
0.758225, -0.474916, -0.857908
-0.565522, -0.462003, -0.593393
1.194941, 0.788248, -0.129283
1.095930, 0.844890, -0.119200
1.436064, 0.847360, -0.268360
1.256661, 0.881749, -0.190398
1.133436, 0.784160, -0.097339
1.066921, 0.815610, -0.075862
1.510741, 0.867800, -0.285918
1.112824, 0.894545, -0.099896
-0.705029, -0.154109, -0.699351
-0.818116, -0.090853, -0.742376
-0.677864, 0.007424, -0.742877
-0.836973, -0.012508, -0.728920
0.694572, -0.264369, -0.694874
-0.456431, -0.200457, -0.561561
0.824474, -0.199301, -0.879753
-0.607867, -0.088230, -0.615881
-0.398621, 0.937219, -0.933876
-0.100201, 0.935583, -0.984564
-0.098488, 0.907810, 0.074969
-0.157054, 0.938002, 0.023242
-0.094215, 0.945322, -0.940279
-0.782268, 0.961783, -0.878606
-0.237207, 0.935632, -0.026310
-0.252205, 0.962354, 0.008444
1.278517, -0.886772, -0.997514
1.283667, -0.895813, -0.982978
1.450120, -0.746132, -0.934839
1.293279, -0.798750, -0.925760
1.604341, -0.895251, -1.008186
1.639410, -0.843743, -0.960022
1.566610, -0.741325, -0.926579
1.515609, -0.790306, -0.919819
0.887102, 0.321988, -0.047945
0.853717, 0.335907, -0.036465
0.992460, 0.402386, -0.084004
0.830120, 0.383027, -0.042202
0.952934, 0.278969, -0.050990
0.864866, 0.351408, -0.033697
0.964161, 0.374060, -0.050340
0.783203, 0.403635, -0.013258
-0.393512, -0.697988, -0.893815
-0.135992, -0.719811, -0.927288
-0.696155, -0.590007, -0.710302
-0.667740, -0.612158, -0.787959
0.705948, -0.757286, -0.977128
-0.629814, -0.707541, -0.590549
0.727034, -0.636993, -0.918863
-0.686219, -0.613845, -0.600933
1.558017, 0.895682, -0.357129
1.401535, 0.930359, -0.320314
1.859245, 0.909490, -0.504542
2.056751, 0.931702, -0.621526
1.617846, 0.922273, -0.329840
1.440247, 0.941804, -0.305854
2.059190, 0.926387, -0.543162
1.936897, 0.924351, -0.509279
-0.684257, 0.013368, -0.683006
-0.680644, 0.049737, -0.733883
-0.794589, 0.108650, -0.663921
-0.890338, 0.203727, -0.675459
0.305607, -0.183769, -0.450517
-0.247474, -0.119488, -0.456539
0.343643, -0.121860, -0.448036
-0.669011, 0.091653, -0.655200
1.479910, -0.240231, -0.783600
1.433504, -0.270777, -0.747056
1.525628, -0.220643, -0.797439
1.491198, -0.212582, -0.743988
1.555655, -0.234269, -0.808225
1.560116, -0.254794, -0.767528
1.607491, -0.182390, -0.784581
1.646552, -0.173765, -0.769495
-0.735023, 0.224559, -0.723903
-0.750890, 0.293543, -0.768249
-0.680017, 0.322703, -0.769322
-0.666413, 0.361757, -0.787941
-0.786734, 0.146195, -0.652246
-0.835784, 0.214713, -0.692818
-0.580918, 0.317753, -0.892905
-0.647901, 0.258444, -0.719342
0.288906, 0.444795, 0.065285
0.204629, 0.495914, 0.053813
0.455856, 0.625441, 0.048983
0.413531, 0.617033, 0.051087
0.545230, 0.494719, 0.042649
0.177609, 0.448097, 0.063933
0.397904, 0.577235, 0.068902
0.160774, 0.579363, 0.069438
-0.543394, -0.484244, -0.831395
-0.425928, -0.362554, -0.856900
-0.516041, -0.356303, -0.882721
-0.399783, -0.340652, -0.843395
-0.661683, -0.520963, -0.793901
-0.666202, -0.484131, -0.758835
-0.653773, -0.369565, -0.752578
0.146266, -0.367277, -0.882688
-0.683118, 0.963579, -0.925920
0.712153, 0.893616, -0.940824
-0.222152, 0.953897, -0.023887
-0.646740, 0.978345, -0.937053
0.667410, 0.864414, -0.813039
0.737259, 0.895830, -0.963977
-0.756100, 0.975965, -0.916890
0.732705, 0.889878, -0.821650
1.279338, -0.898169, -0.975977
1.230016, -0.889166, -0.938458
1.352806, -0.758998, -0.895520
1.225842, -0.842313, -0.898102
1.602311, -0.909655, -0.986577
1.549579, -0.907346, -0.970650
1.574094, -0.764577, -0.884516
1.569268, -0.795470, -0.892200
0.425484, 0.283434, 0.049662
0.116117, 0.297525, 0.044246
0.492857, 0.418265, 0.033898
0.149412, 0.335254, 0.038316
0.323807, 0.256263, 0.075727
0.146771, 0.264396, 0.060733
0.267559, 0.362088, 0.069341
0.079491, 0.363138, 0.038738
-0.512341, -0.692440, -0.826378
-0.256916, -0.607672, -0.912863
-0.471260, -0.558184, -0.811429
-0.490975, -0.574601, -0.829429
-0.427414, -0.731802, -0.519140
-0.749408, -0.721969, -0.724334
-0.555567, -0.601732, -0.782321
-0.263028, -0.600239, -0.923044
-0.556256, 0.161165, -0.684505
-0.747437, 0.226542, -0.745126
-0.653462, 0.293455, -0.869747
-0.240730, 0.335598, -0.927470
-0.078564, -0.056485, -0.395319
-0.493104, 0.072059, -0.536179
0.839943, -0.020689, -0.804534
-0.245543, 0.027170, -0.406857
0.446269, 0.163334, 0.047184
0.132253, 0.128453, 0.040818
0.568736, 0.186805, 0.021417
0.263937, 0.180742, 0.058969
0.611633, 0.183361, 0.030878
0.275515, 0.116582, 0.074956
0.581076, 0.252255, 0.033824
0.203845, 0.241384, 0.060717
-0.151628, -0.832671, -0.904078
-0.493972, -0.780517, -0.733228
-0.484376, -0.679542, -0.817770
-0.414861, -0.622135, -0.810441
-0.732774, -0.885187, -0.735480
-0.702633, -0.821909, -0.734409
-0.782371, -0.783518, -0.623579
-0.493063, -0.738158, -0.836997
2.002322, 0.689427, -0.402746
2.037185, 0.745619, -0.431983
2.143870, 0.781946, -0.515097
2.092516, 0.773751, -0.483971
2.143076, 0.718708, -0.414272
1.990585, 0.730324, -0.359046
2.220221, 0.793167, -0.468283
2.051592, 0.784260, -0.404312
0.757733, -0.208167, -0.803234
0.765060, -0.232403, -0.801725
0.531161, -0.187944, -0.570423
0.562233, -0.239104, -0.587994
0.454438, -0.299287, -1.035782
-0.708595, -0.481491, -1.006127
-0.598568, -0.449829, 0.131930
-0.912553, -0.565860, -1.015647
1.515735, -0.139092, -0.871344
1.521638, -0.150625, -0.822896
1.467118, -0.069946, -0.875673
1.582283, -0.086319, -0.844743
1.745421, -0.104994, -0.891742
1.705713, -0.160296, -0.851642
1.695990, -0.075732, -0.872719
1.620589, -0.056459, -0.845149
-0.777347, 0.315242, -0.628411
-0.662116, 0.420508, -0.724440
-0.651759, 0.347657, -0.587883
-0.775787, 0.341570, -0.623210
-0.202059, 0.170436, -0.369703
-0.492307, 0.212849, -0.531213
-0.048269, 0.212405, -0.328869
0.347930, 0.178501, -0.407556
2.336207, 0.846274, -0.575501
2.171708, 0.850211, -0.580622
2.391964, 0.881025, -0.581526
2.261195, 0.856232, -0.556250
2.351277, 0.837881, -0.480726
2.206223, 0.817593, -0.481007
2.442286, 0.890129, -0.549569
2.406100, 0.917280, -0.618641
0.451434, -0.139224, -0.519457
0.797301, -0.144644, -0.934371
0.484777, -0.013686, -1.031455
0.822188, -0.106298, -0.861904
-0.472969, -0.329217, 0.138847
-0.621091, -0.339890, 0.104590
-0.587740, -0.197382, 0.109401
-0.601003, -0.206679, 0.106800
2.446521, 0.833305, -0.575631
2.376676, 0.803498, -0.532869
2.560827, 0.911380, -0.651211
2.534113, 0.925811, -0.674185
2.420812, 0.807610, -0.494532
2.496883, 0.870996, -0.513115
2.547115, 0.902396, -0.529082
2.514303, 0.909842, -0.542848
0.774360, -0.093206, -0.990271
-0.518849, -0.398384, 0.132211
-0.905585, -0.385644, -1.017501
0.530374, -0.034535, -1.030662
-0.488339, -0.412044, 0.144759
-0.463351, -0.326455, 0.142479
-0.512108, -0.213283, 0.124827
-0.514455, -0.214708, 0.123802
-0.183346, 0.153903, -0.372714
0.057709, 0.138881, -0.344385
0.404959, 0.208071, -0.429700
-0.705203, 0.468984, -0.838353
0.860381, 0.043691, -0.959015
0.859884, 0.072457, -0.820219
0.846229, 0.193365, -0.953027
0.865144, 0.198362, -0.821328
-0.839746, 0.497568, -0.610900
-0.666349, 0.481047, -0.710395
-0.841274, 0.542805, -0.697969
-0.656961, 0.600175, -0.835966
0.859677, 0.225096, -0.779979
0.381239, 0.222850, -0.414472
0.165811, 0.331104, -0.333114
0.679510, 0.339859, -0.559766
-0.703660, 0.483559, -0.833658
-0.870156, 0.449890, -0.665004
-0.819754, 0.529875, -0.636688
-0.539218, 0.475988, -0.533395
0.850366, 0.257752, -0.948784
0.744684, 0.261228, -0.625566
0.842147, 0.364589, -0.828424
0.863372, 0.349269, -0.914654
-0.415453, 0.628646, -0.909415
-0.513079, 0.631469, -0.875741
-0.718369, 0.719366, -0.774297
-0.636331, 0.722992, -0.821783
0.889166, 0.453488, -0.917131
-0.819939, 0.618494, -0.688388
0.913661, 0.520623, -0.835116
0.737840, 0.448969, -0.596188
-0.355095, -0.122450, 0.091678
-0.732861, -0.067149, -0.025937
1.769880, -0.108376, -0.071670
-0.537732, 0.067665, 0.051207
-0.312808, -0.184171, 0.142432
-0.601730, -0.001090, 0.032979
-0.514749, -0.009519, 0.026784
-0.539093, -0.035244, 0.025187
2.762951, 0.852072, -0.976276
2.659990, 0.834462, -0.966973
2.708941, 0.883239, -1.002470
2.665753, 0.921061, -1.009050
2.797957, 0.790513, -0.958956
2.895184, 0.791421, -0.920444
2.795569, 0.883193, -0.991336
2.853108, 0.867503, -0.947907
-0.390697, -0.162117, 0.044077
-0.569988, 0.037787, 0.103581
-0.121492, -0.077026, 0.163826
-0.487638, 0.111200, 0.106018
-0.281344, 0.075088, -0.946566
-0.568028, 0.037471, -0.938525
-0.294426, 0.170420, -0.954030
-0.741762, 0.137108, -0.930198
2.233021, 0.799301, -0.974362
2.239317, 0.751889, -0.942784
2.263104, 0.906121, -1.007202
2.302711, 0.902205, -0.987188
2.589191, 0.827286, -0.962243
2.430407, 0.796762, -0.949144
2.464851, 0.901196, -1.005161
2.530601, 0.925794, -0.988947
0.247609, 0.080173, -0.963080
-1.018115, 0.075770, -0.385214
-0.706484, 0.114700, -0.925950
-0.857003, 0.155893, -0.941114
0.066461, 0.069486, -0.973535
-0.942490, 0.172068, 0.077385
-0.286813, 0.176824, -0.959847
-0.983139, 0.232549, 0.021495
2.749130, 0.854741, -0.944165
2.660375, 0.811692, -0.907030
2.702888, 0.923174, -0.970037
2.619534, 0.902320, -0.957253
2.759798, 0.774762, -0.888537
2.858535, 0.788995, -0.834090
2.755388, 0.930209, -0.977853
2.730813, 0.899983, -0.930393
3.258346, -0.168769, -0.157311
2.647391, -0.118596, -0.148077
3.271008, -0.106101, -0.157694
2.010481, -0.091572, -0.122134
1.828754, -0.199326, -0.092298
0.296985, -0.171015, 0.189350
2.047736, -0.104335, -0.121293
-0.229138, -0.077760, 0.127944
1.905993, 0.784515, -0.969114
1.929910, 0.738051, -0.940341
1.909279, 0.869081, -0.981714
1.974714, 0.883240, -0.976373
2.145677, 0.726671, -0.954655
2.109420, 0.782805, -0.934716
2.095747, 0.908204, -1.000270
2.128952, 0.902936, -0.982216
-0.459486, -0.117928, 0.048543
-0.595881, -0.003892, 0.029574
-0.377879, -0.039695, 0.117663
-0.533011, 0.017748, 0.029489
-0.445771, -0.161039, 0.043604
-0.542366, -0.158343, 0.021360
-0.132518, -0.073284, 0.171772
-0.506805, 0.070103, 0.056845
2.918399, 0.813983, -0.940865
2.987028, 0.833095, -0.910733
3.004274, 0.873786, -0.945146
2.963256, 0.929231, -0.941796
3.061089, 0.844107, -0.945441
3.093131, 0.888012, -0.895862
3.011887, 0.901389, -0.947499
3.040066, 0.910177, -0.907695
3.303603, -0.131624, -0.220852
2.883068, -0.176062, -0.144484
2.980953, -0.032562, -0.144572
0.331836, -0.108950, 0.186448
1.479383, -0.147616, 0.021477
-0.589071, -0.104489, -0.006263
3.189515, -0.102312, -0.146697
-0.608854, 0.011026, -0.013229
2.321234, 0.752140, -1.001635
2.294541, 0.755108, -0.971931
2.208465, 0.865858, -1.015841
2.395746, 0.830194, -0.991689
2.494809, 0.731800, -0.987040
2.592028, 0.873646, -0.981654
2.378146, 0.891613, -1.034488
2.540578, 0.872595, -0.982703
3.319283, -0.147411, -0.381487
3.279414, -0.137259, -0.211175
3.338567, -0.076500, -0.615247
3.223710, -0.044203, -0.151352
3.298411, -0.140204, -0.266895
3.295762, -0.110092, -0.171432
3.310703, -0.106862, -0.166272
2.595982, -0.077311, -0.142133
1.926855, 0.732502, -0.990729
1.859888, 0.785363, -0.972581
1.797473, 0.921491, -1.027198
1.944539, 0.849819, -0.996805
2.180571, 0.758181, -0.991840
2.127330, 0.759112, -0.986572
1.976885, 0.868217, -1.022737
1.999053, 0.882080, -1.007608
3.131770, 0.876689, -0.941732
3.112695, 0.806567, -0.837086
3.165976, 0.885075, -0.948812
3.149029, 0.897370, -0.885385
3.252712, 0.846956, -0.877499
3.200561, 0.795636, -0.795836
3.250566, 0.905093, -0.923177
3.176968, 0.924737, -0.908772
3.304377, -0.082992, -0.867890
3.308889, -0.124813, -0.611133
3.307066, -0.085598, -0.740704
3.290951, -0.049091, -0.716381
3.318754, -0.117057, -0.668146
3.313597, -0.135246, -0.392939
3.314167, -0.024908, -0.714648
3.305463, -0.058484, -0.426676
1.506333, 0.730928, -0.972902
1.586357, 0.767857, -0.976534
1.529257, 0.894611, -1.023939
1.450761, 0.886193, -0.975107
1.686292, 0.797041, -0.983850
1.653155, 0.743250, -0.974883
1.765276, 0.849614, -1.011354
1.767156, 0.912747, -0.994951
-0.163890, -0.017924, -0.554862
0.003330, 0.061829, -0.515959
-0.232755, 0.082686, -0.591392
-0.346767, 0.107035, -0.629206
0.306426, -0.064348, -0.542443
0.396847, -0.099733, -0.547925
0.265173, -0.019078, -0.516947
0.190652, -0.021246, -0.487552
2.643640, 0.780842, -0.800353
2.598909, 0.782881, -0.787359
2.613998, 0.865437, -0.859667
2.565974, 0.852408, -0.840770
2.785335, 0.832770, -0.743061
2.736834, 0.812839, -0.710397
2.700475, 0.882069, -0.849535
2.656907, 0.861882, -0.817319
3.119418, 0.808922, -0.806012
3.092199, 0.810612, -0.691613
3.143417, 0.926994, -0.898922
3.120764, 0.916080, -0.781893
3.204501, 0.864059, -0.710916
3.172640, 0.822849, -0.623645
3.156600, 0.890072, -0.803347
3.151741, 0.924952, -0.825043
0.789729, -0.412845, -0.811198
0.808518, -0.412595, -0.896873
-0.610559, -0.318138, -0.565026
0.805472, -0.330363, -0.815684
-0.524922, -0.439039, -0.471220
-0.725265, -0.402651, -0.537318
-0.667497, -0.355670, -0.538452
-0.738261, -0.305675, -0.595018
3.258821, 0.803859, -0.774744
3.219229, 0.797743, -0.711279
3.256887, 0.883353, -0.817938
3.254202, 0.912802, -0.884121
3.284968, 0.864711, -0.608745
3.269896, 0.848201, -0.607108
3.316988, 0.937928, -0.935534
3.309133, 0.941768, -0.817642
0.802653, -0.406168, -0.873716
0.755747, -0.446087, -0.781524
-0.778816, -0.285833, -0.653146
0.734755, -0.335828, -0.714924
-0.766143, -0.395646, -0.528675
-0.813388, -0.383846, -0.556488
-0.790192, -0.330933, -0.565413
-0.816307, -0.337133, -0.600555
3.215871, 0.815938, -0.666767
3.192449, 0.810542, -0.521606
3.220225, 0.898263, -0.710006
3.191639, 0.884134, -0.594414
3.232371, 0.820721, -0.560031
3.164688, 0.794251, -0.416971
3.250329, 0.927916, -0.671068
3.218236, 0.911954, -0.483007
3.292874, 0.793733, -0.472665
3.211911, 0.777492, -0.329049
3.312180, 0.910199, -0.698966
3.327044, 0.948454, -0.746936
3.235858, 0.775348, -0.333709
3.213970, 0.848422, -0.281023
3.358776, 0.942937, -0.912829
3.225724, 0.863126, -0.269506
3.311646, 0.007057, -0.152316
2.597396, 0.000480, -0.141334
2.681436, 0.119530, -0.140788
1.950954, 0.067157, -0.101346
2.399575, 0.000057, -0.116981
-0.473072, -0.013154, 0.026588
1.262223, 0.057323, 0.053164
-0.522134, 0.089955, -0.000146
3.070095, 0.872651, -0.711537
3.040082, 0.818791, -0.656155
3.090596, 0.909649, -0.749436
3.049393, 0.953828, -0.823958
3.148478, 0.845586, -0.577472
3.090334, 0.848731, -0.502907
3.140509, 0.927421, -0.687961
3.138255, 0.946898, -0.745561
3.003248, 0.910039, -0.684010
2.998739, 0.869053, -0.597293
3.023324, 0.903907, -0.661678
3.020294, 0.918829, -0.646680
3.010269, 0.798023, -0.438970
2.973828, 0.815757, -0.467961
3.080560, 0.920638, -0.622595
3.033858, 0.883464, -0.516066
0.786708, -0.445398, -0.864887
-0.754633, -0.419521, -0.690675
-0.801688, -0.272880, -0.730372
-0.174071, -0.381438, -0.460891
-0.868599, -0.395992, -0.657899
-0.879790, -0.366603, -0.668802
-0.849738, -0.295782, -0.698024
-0.885273, -0.317337, -0.634284
-0.509916, 0.018193, 0.015740
-0.525628, 0.083286, 0.054138
0.417176, 0.081687, 0.180436
-0.469174, 0.194499, 0.097528
-0.057315, -0.007066, 0.176596
-0.387016, 0.232719, -0.937373
-0.430481, 0.057152, 0.064183
-0.905110, 0.363944, 0.068601
3.148236, 0.869317, -0.527979
3.087839, 0.794937, -0.416660
3.159807, 0.891173, -0.500359
3.139371, 0.884090, -0.537923
3.132875, 0.856312, -0.359336
3.026304, 0.804850, -0.310675
3.188275, 0.901542, -0.417057
3.104229, 0.868035, -0.391444
3.230738, 0.776525, -0.422943
3.109547, 0.792734, -0.308113
3.295417, 0.917890, -0.596377
3.220855, 0.897269, -0.437970
3.102075, 0.846468, -0.194642
3.015299, 0.798998, -0.190594
3.211962, 0.884989, -0.297650
3.190726, 0.890910, -0.297261
0.819038, -0.843021, -1.022575
0.774332, -0.902245, -1.036793
0.903342, -0.821741, -0.978047
0.859487, -0.828394, -0.890146
0.894175, -0.883799, -0.881114
0.855035, -0.862807, -0.851377
0.908666, -0.773030, -0.811065
0.793423, -0.785829, -0.744993
3.221262, 0.799306, -0.219159
2.705402, 0.897260, -0.148259
3.335411, 0.904364, -0.585667
3.310889, 0.894292, -0.458522
2.624316, 0.862892, -0.144668
1.564674, 0.902181, -0.012925
3.307956, 0.902094, -0.337734
3.229746, 0.885952, -0.177980
-0.232081, -0.046445, 0.147066
-0.438119, 0.005310, 0.067127
0.009209, 0.046361, 0.184496
-0.465725, 0.100164, 0.054675
-0.246209, 0.015733, 0.147557
-0.448047, 0.013885, 0.059012
0.012359, 0.085847, 0.187973
-0.426694, 0.140807, 0.065511
3.017883, 0.824478, -0.265708
2.907866, 0.827529, -0.238784
3.141511, 0.889195, -0.333852
3.161264, 0.921328, -0.340841
3.025465, 0.854489, -0.208553
2.846475, 0.865504, -0.186254
3.239266, 0.933237, -0.318525
2.995313, 0.893308, -0.212965
-0.742332, -0.375964, -0.633433
-0.793688, -0.318125, -0.776166
0.766109, -0.392251, -0.791884
-0.730268, -0.247492, -0.831866
-0.905063, -0.345615, -0.623329
-0.919043, -0.346318, -0.611966
-0.857377, -0.257482, -0.793012
-0.893475, -0.234298, -0.765211
3.060508, 0.820457, -0.411227
2.971715, 0.802873, -0.391013
3.113672, 0.928949, -0.550849
3.087700, 0.906732, -0.477671
3.057530, 0.848908, -0.351092
2.844168, 0.821271, -0.278496
3.119735, 0.930276, -0.375463
2.922746, 0.898270, -0.308225
0.892417, -0.893931, -0.981833
0.761697, -0.867391, -1.023589
0.795816, -0.771815, -1.014349
0.778579, -0.834442, -1.018698
0.909259, -0.920510, -0.878743
0.859326, -0.910444, -0.845694
0.762943, -0.823976, -0.702228
0.637327, -0.834920, -0.647643
2.914865, 0.836208, -0.167926
2.368908, 0.921568, -0.149509
2.500046, 0.923866, -0.144431
3.229211, 0.907395, -0.255197
1.345693, 0.935955, 0.036758
1.056118, 0.922338, 0.095469
2.562475, 0.933879, -0.145649
3.073954, 0.907398, -0.171645
0.822902, -0.904721, -1.010379
0.846311, -0.914551, -0.989977
0.835480, -0.803608, -0.941545
0.794182, -0.825093, -0.993720
0.749588, -0.913297, -0.741158
0.680458, -0.901677, -0.676550
0.580866, -0.790927, -0.627573
0.408575, -0.785825, -0.530396
2.188686, 0.889388, -0.151854
2.330820, 0.902449, -0.159494
3.244342, 0.936630, -0.245193
3.197085, 0.932085, -0.242104
-0.418353, 0.887360, -0.062325
-0.089565, 0.855234, 0.065217
2.465542, 0.963872, -0.144159
2.337969, 0.985450, -0.150667
0.849189, -0.933617, -0.889538
0.778567, -0.897757, -1.000704
0.549139, -0.808302, -0.644275
0.825425, -0.848464, -0.932651
0.627913, -0.913038, -0.696753
0.521382, -0.917084, -0.631125
0.320196, -0.803120, -0.526715
0.238261, -0.801425, -0.477131
0.907254, 0.917276, 0.103290
1.530756, 0.924288, -0.027205
2.106325, 0.959061, -0.151303
2.989486, 0.941424, -0.198928
0.018990, 0.840171, 0.182766
0.062792, 0.873465, 0.189571
2.455028, 0.977645, -0.154761
1.270111, 0.970968, 0.043028
1.175131, -0.880735, -0.884866
1.328050, -0.919080, -0.969085
1.366458, -0.836718, -0.897290
1.211234, -0.792824, -0.796889
1.596180, -0.842960, -0.904765
1.542632, -0.880264, -0.916108
1.506500, -0.799742, -0.850269
1.554565, -0.787580, -0.809894
0.190736, 0.884109, -0.446117
0.216699, 0.873908, -0.446828
-0.918098, 0.986256, -0.836695
0.347919, 0.861433, -0.475374
0.399475, 0.866956, -0.475102
0.275966, 0.875893, -0.433952
0.727321, 0.925353, -0.963971
0.726885, 0.844939, -0.699822
-0.414072, 0.215263, -0.924256
-0.960482, 0.254765, -0.764037
0.038676, 0.304987, -0.985967
-0.153292, 0.314271, -0.984096
-0.448735, 0.148752, 0.134122
-0.645513, 0.196994, -0.928153
-0.527523, 0.296745, 0.114869
-0.964401, 0.267605, -0.708582
2.858339, 0.847532, -0.232411
2.661402, 0.866850, -0.196942
2.960962, 0.908582, -0.261903
2.834356, 0.895043, -0.233922
2.595365, 0.894385, -0.173850
2.586096, 0.909793, -0.181808
3.066366, 0.919632, -0.256243
3.035879, 0.937414, -0.260345
0.911193, -0.729889, -0.058139
0.560037, -0.689590, 0.043605
0.789390, -0.646689, -0.024874
0.649891, -0.630520, 0.007211
0.795382, -0.705356, -0.007884
0.314560, -0.649034, 0.106571
0.735679, -0.623050, 0.015890
0.417165, -0.603812, 0.104164
-0.885919, 0.629038, -0.674495
0.100262, 0.390317, -0.311147
0.272959, 0.684931, -0.932376
-0.393965, 0.664783, -0.918978
-0.967096, 0.640353, -0.439348
-0.984201, 0.571618, -0.272616
-0.944453, 0.700801, -0.589841
-0.846339, 0.737649, -0.763366
1.247006, 0.422794, -0.991925
1.214955, 0.475741, -0.946401
1.227847, 0.526488, -1.047724
1.274105, 0.511050, -0.953206
1.434269, 0.488155, -1.025421
1.470949, 0.484651, -1.002412
1.342682, 0.558502, -1.032662
1.436391, 0.497066, -1.008148
0.159799, -0.944137, -0.537161
0.886384, -0.970902, -1.043167
-0.278456, -0.881261, -0.520611
-0.504244, -0.892339, -0.549464
-0.469251, -0.917830, -0.542176
-0.516043, -0.920525, -0.508747
-0.672955, -0.839614, -0.534594
-0.718240, -0.859111, -0.519284
0.691013, 0.986370, 0.117369
-0.047641, 0.843553, 0.038559
1.809453, 0.989512, -0.187912
0.604170, 0.992979, 0.088427
-0.261710, 0.899761, -0.110889
-0.580577, 0.922350, -0.191622
0.082283, 0.967068, 0.086835
0.900190, 1.004584, -0.040833
1.088737, 0.454377, -0.997343
1.059722, 0.398284, -1.014273
1.096902, 0.495232, -1.004979
0.986261, 0.474562, -1.037359
1.187098, 0.470431, -1.034910
1.185432, 0.471203, -0.951455
1.116987, 0.487122, -1.008344
1.185361, 0.505656, -0.952729
-0.851394, -0.186458, -1.001310
-0.904025, -0.253808, -1.012351
0.770959, 0.076552, -0.941755
0.775354, 0.101969, -0.784246
-0.750642, -0.160587, -1.000531
-0.926442, -0.109182, 0.096616
0.755498, 0.113651, -0.893304
-0.257077, 0.033478, -1.040615
1.928797, 0.916653, -0.219768
1.876239, 0.947947, -0.219165
2.368985, 0.985714, -0.290237
2.195674, 0.991273, -0.312960
1.531789, 0.950253, -0.082227
1.217627, 0.956747, 0.017045
1.655585, 0.978534, -0.121078
2.107415, 0.999513, -0.320866
0.872666, -0.961156, -0.969209
0.781822, -0.943608, -0.912028
-0.375649, -0.868520, -0.526155
0.208129, -0.907667, -0.562211
-0.417934, -0.944444, -0.568591
-0.674057, -0.921383, -0.524868
-0.639331, -0.874421, -0.514728
-0.875623, -0.899267, -0.537111
0.284775, 0.930764, 0.183724
0.260579, 0.967244, 0.168151
1.474214, 1.004227, -0.211582
1.398952, 0.993639, -0.161055
-0.494075, 0.945416, -0.226164
-0.700478, 0.944658, -0.265659
-0.234372, 0.947209, -0.113582
1.219073, 1.010202, -0.149914
3.091923, -0.321963, -1.020116
3.119952, -0.378968, -0.918192
3.141095, -0.297337, -1.047547
3.137117, -0.286641, -0.921309
3.192941, -0.374631, -0.994446
3.197379, -0.366928, -0.903359
3.203769, -0.260496, -1.042786
3.184877, -0.308826, -0.940513
1.013261, 0.371237, -1.006461
1.029359, 0.428177, -0.821519
1.073412, 0.475232, -0.926570
0.975328, 0.437007, -1.021765
1.143265, 0.439928, -0.855286
1.143601, 0.453809, -0.843067
1.103339, 0.485079, -0.896430
1.075264, 0.504202, -0.837598
-0.063765, -0.958369, -0.435079
-0.241052, -0.949129, -0.454902
-0.254425, -0.896815, -0.423013
-0.852598, -0.903445, -0.410657
0.605603, -0.977110, -0.567568
0.049242, -0.969218, -0.430902
0.233705, -0.916318, -0.379709
0.027478, -0.899833, -0.330116
-0.693807, 0.953267, -0.038470
-0.843765, 0.936129, 0.018544
-0.470168, 1.003757, -0.421817
-0.773368, 0.980762, -0.300351
0.345864, 0.905569, -0.661330
0.076105, 0.927826, -0.573787
0.421821, 0.945931, -0.717195
-0.688502, 1.006671, -0.506984
0.599185, -0.980015, -0.784105
-0.003171, -0.976711, -0.607483
-0.705588, -0.901793, -0.565860
0.421906, -0.893347, -0.661664
-0.435593, -0.969779, -0.635076
-0.747860, -0.934583, -0.623343
-0.918264, -0.913054, -0.515139
-0.868210, -0.915557, -0.454291
-0.083875, 0.871510, -0.018398
-0.398750, 0.925720, -0.207442
0.333772, 0.985257, 0.104588
0.633939, 0.998509, -0.003082
-0.336201, 0.931179, -0.170195
-0.684241, 0.940117, -0.314542
0.764501, 1.010005, -0.086156
0.801834, 1.014129, -0.119509
-0.162659, -0.025008, -1.042093
-0.718885, -0.185433, 0.101537
0.799670, 0.001893, -0.781330
0.800527, 0.047053, -0.971266
-0.911948, -0.036733, 0.091378
-0.576979, -0.122588, 0.117811
-0.775526, 0.001554, 0.101469
-0.708023, 0.018617, 0.098016
1.333244, 0.927116, -0.078453
1.480064, 0.949466, -0.152368
1.764787, 0.982511, -0.234980
1.928318, 0.990022, -0.354843
0.762712, 0.964680, 0.068695
0.381877, 0.959659, 0.162881
1.420257, 0.991204, -0.176462
2.075778, 1.008255, -0.441767
0.040573, -0.983144, -0.634063
-0.275427, -0.941913, -0.571928
-0.403830, -0.934684, -0.576007
-0.667497, -0.925572, -0.817133
-0.727483, -0.945789, -0.613670
-0.574042, -0.968351, -0.671010
-0.893008, -0.934767, -0.497300
-0.863902, -0.887483, -0.689163
0.066236, 0.939453, 0.082074
-0.335735, 0.927535, -0.189788
1.322130, 1.008457, -0.283161
0.625487, 1.012829, -0.150797
-0.418694, 0.956684, -0.236789
-0.543331, 0.947995, -0.319749
0.265939, 1.001387, -0.041329
-0.128377, 0.949694, -0.107502
-0.726603, -0.157737, 0.099333
-1.005335, -0.216894, -0.724825
0.798380, 0.070861, -0.865979
0.805455, 0.102244, -0.902224
-1.035249, -0.137457, -0.398611
-0.730831, -0.040961, 0.095159
-0.798861, -0.129200, -0.999086
-0.746908, 0.028947, 0.097144
1.721715, 0.956388, -0.174159
1.632938, 0.951945, -0.152628
2.335840, 0.988256, -0.357219
1.653973, 0.980181, -0.176526
0.867185, 0.969405, 0.056015
1.233378, 0.945430, -0.010575
1.720777, 0.999353, -0.223032
1.489052, 0.987534, -0.166245
3.115066, -0.382532, -0.798200
3.096103, -0.352434, -0.778190
3.139192, -0.263749, -0.865975
3.116016, -0.320553, -0.728713
3.206010, -0.336180, -0.816858
3.137039, -0.366658, -0.743151
3.150407, -0.268676, -0.815267
3.145928, -0.277398, -0.642863
0.966929, 0.427907, -0.718456
0.924024, 0.362038, -1.015727
1.029906, 0.519317, -0.842386
0.978712, 0.444550, -0.987440
1.030824, 0.455650, -0.717996
0.897978, 0.423727, -0.643492
1.027645, 0.472282, -0.764985
0.931125, 0.526544, -0.640108
-0.476082, 0.200092, -0.989903
-0.392477, 0.239826, -0.985073
0.507845, 0.306330, -0.964780
-0.445012, 0.266994, -0.982533
-0.243862, 0.218715, -0.735061
-0.283448, 0.200216, -0.716667
0.622923, 0.205958, -0.786080
-0.117497, 0.288240, -0.524806
2.346135, 0.838511, -0.418047
2.288968, 0.852985, -0.462516
2.376227, 0.882389, -0.484134
2.377548, 0.888620, -0.494411
2.295700, 0.872036, -0.362445
2.163557, 0.893343, -0.383272
2.676824, 0.974673, -0.529538
2.520894, 0.960932, -0.437446
2.709528, -0.225461, -1.012843
2.712536, -0.203812, -0.980116
2.701628, -0.183486, -1.015507
2.628844, -0.167407, -0.975735
2.851500, -0.227255, -1.023102
2.776352, -0.210241, -0.966467
2.756190, -0.140205, -1.049833
2.787265, -0.145400, -0.964054
0.424416, -0.987773, -0.556251
-0.051871, -0.959609, -0.351708
-0.048631, -0.937657, -0.314277
-0.453168, -0.909107, -0.372249
0.390440, -0.991989, -0.429219
0.124628, -0.982563, -0.302080
0.015228, -0.940612, -0.236730
-0.018552, -0.946813, -0.239016
0.260257, 0.896358, -0.507948
0.552052, 0.895744, -0.654422
0.456461, 0.967365, -0.705735
-0.918117, 0.969347, -0.079240
-0.383303, 0.931452, -0.757259
0.603405, 0.900105, -0.662647
0.471571, 0.949313, -0.574576
0.517062, 0.951955, -0.597650
-0.695454, 0.202877, -0.949010
0.215770, 0.216406, -0.986663
0.634519, 0.209769, -0.859383
0.266093, 0.333529, -0.970049
0.290503, 0.156234, -0.564628
-0.247050, 0.261226, -0.734849
0.643915, 0.211032, -0.815118
0.472338, 0.247676, -0.639084
2.548848, 0.872317, -0.483410
2.511601, 0.899617, -0.459200
2.580834, 0.898176, -0.517030
2.501524, 0.899157, -0.472699
2.459680, 0.859784, -0.364888
2.510958, 0.919909, -0.390654
2.859608, 0.972227, -0.514724
2.620232, 0.950775, -0.452744
2.694004, 0.849635, -0.453751
2.600144, 0.884445, -0.509952
2.803628, 0.923785, -0.503188
2.840416, 0.960607, -0.591090
2.671823, 0.838987, -0.415906
2.624423, 0.895781, -0.446315
2.804593, 0.926694, -0.453391
2.718392, 0.933611, -0.422391
1.792761, -0.023014, -0.118347
1.564248, -0.016563, -0.056312
1.734846, 0.105190, -0.098284
1.157973, 0.018279, 0.039861
1.114148, -0.043257, 0.052240
0.113369, -0.037760, 0.166744
0.880546, 0.032993, 0.105587
0.052243, 0.045294, 0.147977
-0.477253, -0.029146, -0.670387
-0.344828, 0.066488, -0.744918
-0.307386, 0.186513, -0.753156
-0.505288, 0.067235, -0.714354
-0.425902, -0.049829, -0.563068
-0.476199, -0.041621, -0.584203
-0.467120, 0.031820, -0.596158
-0.515457, 0.030061, -0.619065
2.049147, 0.781991, -0.614017
1.992459, 0.843205, -0.651837
2.212481, 0.899673, -0.772462
2.176991, 0.925887, -0.800787
2.227212, 0.838379, -0.633988
2.071211, 0.814845, -0.584891
2.233212, 0.860003, -0.652920
2.314538, 0.922209, -0.774854
1.275168, 0.086071, -0.995142
1.238159, 0.092900, -0.959917
1.258765, 0.135898, -1.018905
1.197646, 0.170443, -0.952866
1.336911, 0.072703, -1.003437
1.330122, 0.084359, -0.967249
1.424110, 0.144903, -1.037591
1.356998, 0.167809, -0.968936
0.887760, 0.605332, -0.893128
0.594751, 0.560241, -0.490404
0.577096, 0.665827, -0.471143
-0.475850, 0.722995, -0.532547
-0.743038, 0.674535, -1.028478
0.887358, 0.607314, -0.938327
0.883027, 0.654297, -0.889094
0.843342, 0.627766, -0.870005
1.608647, 0.234807, -1.040918
1.619049, 0.211542, -0.986177
1.570698, 0.264688, -1.014318
1.537131, 0.282407, -0.997228
1.807277, 0.230960, -1.037855
1.810416, 0.218346, -0.989174
1.800035, 0.286405, -1.034632
1.851164, 0.293625, -0.987240
0.882523, 0.417386, -0.827763
0.882836, 0.376456, -0.881756
0.865736, 0.484610, -0.845731
0.894172, 0.472064, -0.912923
0.827470, 0.422501, -0.853821
0.803088, 0.469122, -0.882407
0.829129, 0.469950, -0.871333
0.745103, 0.483500, -0.947947
1.573941, 0.113586, -1.033211
1.491161, 0.115976, -0.984301
1.482679, 0.152253, -1.032043
1.631141, 0.157618, -0.990647
1.706877, 0.097686, -1.014446
1.772933, 0.093917, -1.006264
1.816736, 0.188616, -1.043852
1.807384, 0.177561, -0.997250
1.228665, -0.044861, -0.982420
1.195578, -0.053663, -0.917902
1.222081, 0.037552, -0.998091
1.179538, 0.007347, -0.913536
1.380046, 0.004038, -1.010266
1.314610, 0.006889, -0.974454
1.343208, 0.012692, -1.009938
1.379277, 0.055282, -0.987477
0.827014, -0.937797, -0.945748
-0.048810, -0.914552, -0.524595
-0.090874, -0.863633, -0.506950
0.099145, -0.878173, -0.514163
-0.311501, -0.912147, -0.514138
0.179816, -0.953506, -0.530106
-0.477477, -0.842254, -0.505596
-0.447567, -0.870385, -0.489821
0.172742, 0.914639, 0.188391
0.780670, 0.978526, 0.109660
1.268576, 0.981682, 0.017318
1.290164, 0.983996, -0.004880
-0.143357, 0.892450, -0.036999
-0.303080, 0.920807, -0.124154
-0.175301, 0.910005, -0.063656
-0.041666, 0.936566, 0.087633
0.949352, 0.719698, -0.920877
-0.673156, 0.828281, -0.610180
0.954562, 0.802587, -0.951039
-0.035409, 0.817296, -0.355768
0.924623, 0.768344, -0.937389
0.766473, 0.661737, -1.008480
-0.759208, 1.001380, 0.016719
0.943782, 0.828606, -0.971155
1.556072, 0.360382, -1.043578
1.641362, 0.364427, -0.994660
1.598935, 0.416426, -1.037913
1.537323, 0.370913, -0.994608
1.740233, 0.312669, -1.016844
1.808866, 0.355841, -1.005285
1.768219, 0.403043, -1.042740
1.693706, 0.409987, -1.013726
1.205573, 0.182523, -1.024289
1.248143, 0.224043, -0.931229
1.209737, 0.281251, -1.012336
1.194564, 0.245896, -0.934592
1.320922, 0.214593, -1.023934
1.432004, 0.234673, -0.968733
1.320661, 0.282007, -1.008239
1.427545, 0.282876, -1.003404
1.943558, 0.087492, -1.044789
1.909253, 0.090174, -1.001089
1.892871, 0.145368, -1.018246
1.928167, 0.163122, -0.988674
2.086215, 0.099861, -1.023436
2.204213, 0.102790, -0.983011
2.066236, 0.159544, -1.026467
2.068909, 0.142158, -0.998242
0.210652, 0.272123, -0.354657
0.792209, 0.231971, -0.676863
0.544998, 0.325985, -0.486355
-0.158814, 0.341241, -0.353743
0.743605, 0.244718, -1.000727
0.825666, 0.251735, -0.873340
-0.811981, 0.193613, -1.014696
0.810511, 0.395085, -0.884666
1.538563, -0.014244, -1.033071
1.585125, 0.005327, -0.985537
1.550723, 0.062639, -1.039215
1.599782, 0.051198, -0.976931
1.658082, -0.013619, -1.017796
1.737525, -0.010679, -0.994631
1.685279, 0.070862, -1.012187
1.702560, 0.067234, -1.004108
0.575207, -0.009307, -0.616662
0.763080, 0.029669, -0.946377
0.494486, 0.092963, -0.544312
0.759371, 0.092377, -0.792278
0.588397, 0.023396, -0.632374
0.710705, 0.028424, -0.970840
0.703429, 0.101813, -0.715645
0.768139, 0.070562, -0.912706
2.028537, 0.930629, -0.213889
2.088505, 0.912347, -0.243836
2.351414, 0.956592, -0.236320
2.218726, 0.969255, -0.253725
1.982439, 0.943751, -0.191681
1.035027, 0.926369, 0.063921
2.470108, 0.980511, -0.243549
1.833950, 0.969281, -0.167152
1.228389, 0.345862, -1.034166
1.234797, 0.318844, -0.930078
1.225436, 0.356487, -0.993885
1.254290, 0.398876, -0.963607
1.352884, 0.326736, -1.044638
1.345148, 0.309202, -0.966848
1.337648, 0.386425, -1.003940
1.339163, 0.415346, -0.994045
2.849950, 0.845661, -0.478717
2.735531, 0.882419, -0.528034
2.828740, 0.895955, -0.548706
2.924880, 0.962206, -0.599324
2.839100, 0.834175, -0.426314
2.738076, 0.858719, -0.385086
2.897744, 0.912471, -0.493281
2.860771, 0.925890, -0.463501
1.198200, -0.130507, -0.987134
1.265251, -0.161086, -0.959938
1.270011, -0.082448, -1.032474
1.233926, -0.086649, -0.955670
1.442426, -0.145682, -1.007812
1.449780, -0.126420, -0.987390
1.391369, -0.088829, -1.016820
1.466504, -0.096279, -0.991242
2.331260, 0.097427, -1.040916
2.438079, 0.103234, -0.991386
2.303822, 0.168903, -1.043802
2.399973, 0.169590, -1.005898
2.615953, 0.104237, -1.023102
2.478865, 0.118201, -0.985956
2.542104, 0.160198, -1.031451
2.634899, 0.205727, -0.968826
1.904334, -0.008595, -1.028676
1.986177, 0.010767, -0.986244
1.896784, 0.069789, -1.030237
1.937939, 0.040791, -0.992580
2.053654, 0.019243, -1.027191
2.063452, -0.025824, -1.006535
2.109768, 0.039973, -1.014925
2.150981, 0.079144, -1.008842
2.641673, 0.852299, -0.293721
2.662614, 0.858219, -0.319719
2.937404, 0.942461, -0.396578
2.862297, 0.937193, -0.366368
2.463253, 0.888827, -0.237512
2.536919, 0.891293, -0.275816
2.707378, 0.933025, -0.279786
2.904261, 0.943658, -0.362688
0.830959, 0.066458, -0.760029
-0.664566, 0.253238, -0.617006
0.233823, 0.201531, -0.369686
-0.121207, 0.202675, -0.351862
0.814493, 0.130354, -0.923475
0.867218, 0.129677, -0.881422
0.839332, 0.186849, -0.899263
0.823655, 0.229888, -0.883690
1.459224, -0.107087, -1.036469
1.635897, -0.116554, -0.985727
1.549403, -0.090194, -1.043797
1.566212, -0.076075, -0.997450
1.686200, -0.112211, -1.044156
1.702769, -0.140628, -0.975370
1.661927, -0.047463, -1.037866
1.673607, -0.072837, -0.984735
2.313833, 0.010847, -1.017779
2.325967, 0.025402, -1.004593
2.384774, 0.085767, -1.047717
2.396157, 0.049895, -0.981145
2.465133, 0.018419, -1.018523
2.591849, 0.011133, -0.973691
2.570535, 0.040768, -1.030769
2.582006, 0.064786, -0.989963
0.318952, -0.078090, -0.441079
-0.065738, -0.038266, -0.400471
0.663535, 0.045284, -0.600754
-0.491652, 0.115854, -0.546102
-0.606891, -0.070130, 0.118107
-0.733625, -0.118419, 0.101221
0.799675, 0.026955, -0.980282
-0.914964, -0.220268, -1.020598
0.748298, 0.991900, -0.079622
-0.046571, 0.899905, -0.082995
2.254114, 1.001154, -0.551153
1.787011, 0.998031, -0.421213
0.065958, 0.924853, 0.048127
-0.276616, 0.933767, -0.216398
0.442329, 0.994799, -0.003847
1.480795, 1.007075, -0.389149
1.477356, -0.257559, -1.029231
1.468408, -0.254518, -1.007917
1.571847, -0.211079, -1.031097
1.642211, -0.177401, -0.992210
1.702225, -0.246000, -1.019706
1.794039, -0.218600, -0.975033
1.761601, -0.184114, -1.044858
1.773994, -0.156782, -0.978625
1.210769, -0.373276, -0.995579
1.182814, -0.367429, -0.940404
1.241295, -0.281958, -1.037234
1.139474, -0.310691, -0.908334
1.322338, -0.360580, -1.036672
1.439499, -0.359624, -0.989319
1.305845, -0.285788, -1.002967
1.297761, -0.306075, -0.985830
0.038713, 0.054592, -0.468227
0.384747, 0.011932, -0.506710
-0.003321, 0.170554, -0.471381
0.409979, 0.079141, -0.502049
0.358881, 0.046011, -0.542783
0.419186, 0.039713, -0.566322
0.237810, 0.140489, -0.485021
0.331678, 0.077372, -0.470661
2.355946, 0.888245, -0.211770
1.958959, 0.888863, -0.170391
2.612301, 0.954804, -0.235735
2.561961, 0.958794, -0.244975
1.973327, 0.902165, -0.162215
2.039319, 0.941487, -0.196376
2.576679, 0.968105, -0.208308
2.166876, 0.952605, -0.206921
1.874286, -0.101183, -1.045018
1.964226, -0.117843, -0.989653
1.945601, -0.071382, -1.019466
1.995385, -0.043249, -1.006895
2.149583, -0.139900, -1.020963
2.195865, -0.090957, -0.985208
2.136989, -0.066811, -1.017367
2.126687, -0.061869, -0.996521
-0.308457, -0.973866, -0.642354
0.712264, -0.947053, -0.837274
0.642136, -0.917563, -0.772384
0.229938, -0.899038, -0.579092
-0.861625, -0.926926, -0.672234
-0.701885, -0.971533, -0.735413
-0.958605, -0.913397, -0.380994
-0.480685, -0.928529, -0.885722
-0.392866, 0.958371, -0.270255
-0.248049, 0.943130, -0.194615
1.356708, 1.010265, -0.335607
0.660308, 1.022127, -0.273153
-0.543950, 0.956132, -0.362537
-0.485160, 0.942414, -0.394593
-0.229542, 0.962530, -0.171694
0.232479, 1.016496, -0.237368
1.919593, -0.208857, -1.035791
1.977644, -0.254187, -0.995614
1.916094, -0.157395, -1.040289
1.993504, -0.156577, -1.009666
2.174930, -0.227480, -1.035157
2.150516, -0.209706, -0.996693
2.220154, -0.200739, -1.015144
2.055002, -0.149729, -1.011160
2.020429, 0.829949, -0.514181
1.937685, 0.817043, -0.468083
2.285619, 0.898743, -0.626641
2.368291, 0.938463, -0.688485
2.099650, 0.812183, -0.454799
2.050812, 0.881054, -0.485928
2.270138, 0.884850, -0.541853
2.108371, 0.886037, -0.488442
0.504143, -0.188998, -0.545669
-0.363882, -0.040736, -0.503273
0.839044, -0.112070, -0.932617
0.019055, -0.103852, -0.415136
-0.545964, -0.330569, 0.117709
-0.914243, -0.417094, -1.018667
-0.549570, -0.281251, 0.109088
0.813457, -0.068164, -0.988062
1.542555, -0.355762, -1.022243
1.564296, -0.331586, -0.983115
1.517103, -0.298349, -1.011137
1.541819, -0.301149, -0.970830
1.822894, -0.330266, -1.030938
1.737985, -0.325781, -0.972665
1.828829, -0.268329, -1.013816
1.667103, -0.278322, -1.009800
1.127923, -0.455320, -0.999178
1.151117, -0.446609, -0.974992
1.178349, -0.424509, -1.015782
1.141645, -0.426869, -0.952285
1.323097, -0.450373, -1.021705
1.306629, -0.485566, -0.991534
1.365445, -0.417417, -1.005569
1.351799, -0.394957, -0.961706
0.784133, -0.945332, -1.033164
0.208290, -0.923516, -0.540001
0.798062, -0.840658, -0.950890
0.794672, -0.874834, -0.961333
0.060944, -0.897009, -0.443526
-0.124542, -0.910381, -0.497924
-0.048060, -0.865135, -0.481381
-0.255606, -0.843587, -0.477948
1.494486, 0.944220, -0.038371
0.106630, 0.887737, 0.187094
2.390406, 0.989226, -0.201533
2.177702, 0.997586, -0.229728
-0.177256, 0.882477, -0.050410
-0.465820, 0.934228, -0.157555
1.436348, 1.001542, -0.112607
1.121917, 0.998000, 0.032678
2.396443, -0.115308, -1.036037
2.338661, -0.136552, -1.000357
2.252117, -0.056253, -1.016004
2.269873, -0.039992, -1.008570
2.512663, -0.106884, -1.028611
2.557063, -0.094658, -0.968731
2.429116, -0.073407, -1.032748
2.558586, -0.064552, -0.986095
1.883004, 0.722113, -0.391147
1.750384, 0.734513, -0.375127
1.949564, 0.771539, -0.436415
1.866921, 0.789150, -0.420286
1.812961, 0.773614, -0.345338
1.733369, 0.740445, -0.296746
2.002031, 0.814003, -0.425260
1.834690, 0.815744, -0.360719
0.777055, -0.239848, -0.805280
-0.445501, -0.171982, -0.565537
0.091636, -0.178020, -0.431540
0.589633, -0.230608, -0.596336
-0.392059, -0.396123, -1.037361
0.810461, -0.227922, -0.873744
-0.702891, -0.439630, -1.008352
0.473053, -0.165117, -1.035571
1.490260, -0.470296, -1.035042
1.502250, -0.480507, -0.967866
1.430521, -0.415752, -1.029443
1.485829, -0.428791, -0.969226
1.604366, -0.455622, -1.040672
1.772041, -0.452649, -1.008657
1.675124, -0.396316, -1.028462
1.639231, -0.384726, -0.991093
-0.439172, -0.988250, -0.674544
-0.814504, -0.956250, -0.518257
-0.866732, -0.950429, -0.435677
-0.827917, -0.945415, -0.403550
0.209104, -0.978274, -0.442380
0.330364, -0.991926, -0.545283
-0.423267, -0.938843, -0.421553
-0.425901, -0.915979, -0.384033
-0.771831, 0.960898, -0.127836
-0.854964, 0.892901, -0.021220
-0.469938, 0.999093, -0.509705
-0.872930, 0.978590, -0.222987
0.297113, 0.944458, -0.710832
0.133521, 0.925171, -0.636481
-0.725716, 0.997749, -0.486028
-0.513735, 1.004243, -0.580407
2.315903, -0.223245, -1.036934
2.258809, -0.243967, -1.000659
2.301852, -0.169331, -1.023682
2.265006, -0.193224, -0.996413
2.479675, -0.238158, -1.016201
2.459410, -0.220029, -0.975082
2.562868, -0.161850, -1.017680
2.533617, -0.189383, -0.979430
1.857596, -0.328699, -1.023889
1.854633, -0.355985, -0.978558
1.986655, -0.261636, -1.025064
2.031230, -0.267885, -0.987478
2.004324, -0.333965, -1.042540
2.164718, -0.351986, -0.986005
2.063944, -0.302924, -1.014012
2.167269, -0.304970, -0.990375
2.666297, -0.702306, -1.036497
2.711424, -0.724857, -0.982826
2.685744, -0.642067, -1.031319
2.702590, -0.672813, -1.004553
2.723439, -0.715274, -1.023044
2.740602, -0.712630, -1.009871
2.777683, -0.631397, -1.025628
2.736679, -0.670197, -0.992340
1.795488, -0.466462, -1.045616
1.896662, -0.467880, -1.010573
1.961797, -0.373370, -1.015299
1.929259, -0.401536, -0.997291
2.001906, -0.464058, -1.019940
2.055133, -0.430328, -1.003734
2.089302, -0.388605, -1.043358
2.217009, -0.407126, -0.999116
1.458218, -0.150586, -0.781363
1.314814, -0.127376, -0.727922
1.410615, -0.097247, -0.793379
1.520231, -0.104036, -0.761309
1.667504, -0.159314, -0.810219
1.605276, -0.115001, -0.784032
1.590950, -0.055965, -0.804543
1.537817, -0.076961, -0.770534
-0.685439, 0.408297, -0.726044
-0.679841, 0.382248, -0.752090
-0.709906, 0.423724, -0.685737
-0.698029, 0.417522, -0.712833
-0.914436, 0.326850, -0.587674
0.174488, 0.351896, -0.867974
-0.873289, 0.421268, -0.583448
-0.820083, 0.360399, -0.604741
2.817887, -0.899919, -0.996186
2.915828, -0.896101, -1.036900
2.909191, -0.843513, -1.044760
2.874523, -0.760303, -0.980216
2.933323, -0.902595, -1.049036
2.984707, -0.860529, -1.007778
2.991523, -0.807836, -1.039963
3.016238, -0.809478, -0.982980
0.662648, -0.444942, -0.686227
-0.735567, -0.380632, -0.735655
-0.740314, -0.309195, -0.682853
-0.639762, -0.295014, -0.604266
-0.635005, -0.286041, -0.869776
-0.497960, -0.309554, -0.905585
-0.918543, -0.285103, -0.695610
0.226166, -0.241914, -0.726389
2.954640, 0.864734, -0.411113
2.867148, 0.850937, -0.370832
2.967445, 0.883058, -0.400176
3.048813, 0.934120, -0.438533
2.787582, 0.872488, -0.270120
2.757411, 0.871201, -0.292117
3.031502, 0.920702, -0.395419
2.972031, 0.924991, -0.352475
3.093040, -0.707234, -0.714591
3.038050, -0.722820, -0.664879
3.048267, -0.639542, -0.687611
3.013042, -0.686814, -0.650030
3.119531, -0.781666, -0.637001
3.079855, -0.728277, -0.546167
3.117185, -0.702103, -0.629634
3.067587, -0.683071, -0.563902
0.881682, 0.086361, -1.016739
0.950019, 0.084774, -0.855547
0.947358, 0.120649, -0.782672
0.906596, 0.127234, -0.734780
0.803896, 0.085803, -0.566155
0.730993, 0.048076, -0.564721
0.923329, 0.134341, -0.744550
0.741087, 0.110847, -0.509045
2.233415, -0.575475, -1.024978
2.292825, -0.590217, -0.996829
2.230780, -0.494770, -1.040857
2.336843, -0.517421, -0.985109
2.544944, -0.544725, -1.030802
2.541225, -0.551175, -0.988718
2.455358, -0.520410, -1.031141
2.523402, -0.499114, -1.000922
3.095340, -0.628490, -0.674603
3.020985, -0.638860, -0.595995
3.041655, -0.520436, -0.695665
3.004019, -0.557750, -0.612241
3.128226, -0.601052, -0.562276
3.058306, -0.620889, -0.569715
3.132432, -0.532308, -0.608247
3.074194, -0.565319, -0.572752
0.948106, 0.176300, -0.941493
0.909159, 0.176154, -0.982809
0.960801, 0.197554, -0.915546
0.907308, 0.208137, -0.718051
0.875283, 0.177516, -0.665985
0.719513, 0.191365, -0.512683
0.801371, 0.269268, -0.564972
0.780537, 0.240307, -0.580442
2.385924, -0.455114, -1.033272
2.268081, -0.452899, -0.981738
2.326268, -0.392429, -1.014097
2.284933, -0.410192, -0.976391
2.587860, -0.422165, -1.017866
2.544550, -0.478458, -1.002696
2.534431, -0.405707, -1.035292
2.579371, -0.415163, -0.966411
-0.593122, 0.559482, -0.807515
-0.491512, 0.514321, -0.766732
-0.553831, 0.607743, -0.863161
-0.480626, 0.596746, -0.853037
-0.876853, 0.484668, -0.624775
-0.734161, 0.503082, -0.817413
-0.685368, 0.539743, -0.589668
-0.549677, 0.571191, -0.869085
2.900132, -0.711552, -1.047711
2.893091, -0.745334, -1.000637
2.927192, -0.652067, -1.041962
2.907333, -0.645142, -0.967934
2.970498, -0.723923, -1.010197
3.032721, -0.705100, -0.953571
3.029592, -0.665524, -1.045062
3.069280, -0.660164, -0.956597
1.092094, -0.129671, -0.703464
1.022023, -0.160691, -0.632731
1.070082, -0.095238, -0.675219
1.008210, -0.104930, -0.622370
1.225470, -0.136850, -0.751244
1.210917, -0.133857, -0.709719
1.138428, -0.117383, -0.716024
1.303206, -0.091305, -0.744059
2.531191, -0.835878, -1.026475
2.644836, -0.896964, -1.025840
2.651185, -0.764698, -1.041078
2.627633, -0.776935, -0.996394
2.755263, -0.846310, -1.021284
2.679069, -0.898371, -1.031305
2.815120, -0.807345, -1.029646
2.816904, -0.822607, -0.995226
2.154756, -0.658847, -1.048402
2.268677, -0.660217, -1.001873
2.161938, -0.638622, -1.032438
2.366295, -0.636411, -1.016389
2.422273, -0.689106, -1.038248
2.540437, -0.690065, -0.995859
2.529698, -0.664578, -1.022112
2.413318, -0.631939, -1.014839
2.944668, 0.820121, -0.505387
2.854534, 0.840716, -0.539378
3.015521, 0.959540, -0.690224
2.918905, 0.903562, -0.552320
2.966242, 0.850988, -0.479923
2.886293, 0.844925, -0.426654
3.012859, 0.956466, -0.646548
2.924890, 0.879892, -0.492019
1.792863, -0.571703, -1.032079
1.890721, -0.586144, -1.004650
1.801380, -0.520595, -1.031209
1.814738, -0.524562, -0.998694
2.103880, -0.563927, -1.036868
2.022934, -0.556473, -0.999251
2.133976, -0.524886, -1.030183
2.038238, -0.503327, -0.994962
3.059885, -0.461529, -0.695638
3.007885, -0.476410, -0.607348
3.083303, -0.443600, -0.661159
3.055372, -0.399750, -0.580085
3.101202, -0.465570, -0.611122
3.081986, -0.496280, -0.460622
3.097874, -0.444169, -0.600838
3.069298, -0.452455, -0.550712
0.980273, 0.316471, -0.833598
0.967606, 0.287071, -0.913467
0.944771, 0.332487, -0.986919
0.939729, 0.389321, -0.729259
0.821055, 0.331615, -0.562944
0.713973, 0.283607, -0.508856
0.914745, 0.388774, -0.605876
0.775750, 0.364315, -0.536428
2.358037, -0.345374, -1.013285
2.363856, -0.353802, -1.010205
2.410547, -0.297528, -1.011320
2.289883, -0.310304, -0.982669
2.442866, -0.312531, -1.044954
2.492443, -0.352325, -0.987938
2.411167, -0.266643, -1.034531
2.538628, -0.266413, -0.983728
-0.880657, 0.203174, -0.938171
0.627232, 0.196158, -0.990995
0.463854, 0.316342, -1.014413
0.665447, 0.269073, -0.966038
-0.940132, 0.249968, -0.911048
-0.082697, 0.117384, -0.506220
-0.881973, 0.355738, -0.936052
0.216381, 0.231101, -0.511819
-0.893088, -0.410448, -0.524794
-0.924279, -0.368562, -0.642698
-0.915825, -0.276094, -0.520213
-0.924655, -0.291106, -0.503656
-0.724455, -0.403148, -0.438722
-0.672816, -0.472439, -0.420018
-0.783398, -0.335828, -0.452203
-0.705934, -0.373385, -0.423092
2.494718, 0.894998, -0.195234
2.261867, 0.912402, -0.193450
2.701722, 0.926457, -0.209876
2.676314, 0.926199, -0.245181
2.039496, 0.879889, -0.161204
2.090311, 0.901116, -0.180905
2.879865, 0.945485, -0.236754
2.354428, 0.940624, -0.189765
2.577565, -0.554734, -1.031004
2.636980, -0.567068, -0.982085
2.716562, -0.501961, -1.003852
2.671273, -0.487549, -0.966200
2.758445, -0.563967, -1.014015
2.824707, -0.555261, -0.960112
2.819650, -0.540083, -1.040647
2.782813, -0.490639, -0.961371
1.730436, 0.621812, -0.306408
1.629595, 0.630927, -0.284450
1.792135, 0.683087, -0.352261
1.664137, 0.693290, -0.318672
1.750038, 0.613002, -0.269280
1.577809, 0.600238, -0.239236
1.822961, 0.682391, -0.308150
1.701079, 0.695136, -0.293535
0.621402, -0.382271, -0.668123
-0.545691, -0.370273, -0.606844
0.774085, -0.310281, -0.949345
0.096306, -0.291392, -0.448618
0.739854, -0.368673, -0.946727
0.754600, -0.390927, -0.932978
0.719069, -0.271205, -0.986597
0.751460, -0.271894, -0.968901
1.420303, -0.551053, -1.019754
1.507665, -0.555665, -0.978369
1.576016, -0.533129, -1.035001
1.597919, -0.489031, -1.004947
1.707409, -0.563471, -1.026897
1.653283, -0.544955, -1.006977
1.746358, -0.496355, -1.037281
1.766199, -0.519057, -1.010167
2.622090, -0.431118, -1.021307
2.643553, -0.475586, -0.991916
2.692875, -0.391993, -1.033149
2.690394, -0.402940, -0.976776
2.825992, -0.456345, -1.011062
2.812294, -0.434379, -0.967815
2.767776, -0.403647, -1.019502
2.859407, -0.395102, -0.954902
2.264162, -0.140568, -0.829127
2.146086, -0.137985, -0.791282
2.335556, -0.056914, -0.826905
2.306075, -0.090143, -0.756991
2.395403, -0.094638, -0.819998
2.440127, -0.132071, -0.774259
2.441065, -0.079027, -0.807607
2.496446, -0.040550, -0.750338
1.185555, -0.031690, -0.877288
1.172207, -0.023115, -0.818228
1.182526, 0.053915, -0.892305
1.098888, 0.014297, -0.783033
1.376285, 0.008588, -0.919325
1.384876, -0.030067, -0.912508
1.328192, 0.012673, -0.923763
1.306849, 0.048783, -0.885431
3.289275, -0.861534, -1.009679
3.266983, -0.898851, -0.989434
3.234233, -0.803450, -1.028439
3.244962, -0.777739, -0.865677
3.266980, -0.868942, -0.907168
3.186049, -0.885457, -0.836833
3.302626, -0.841133, -0.975533
3.254077, -0.827296, -0.858114
0.879161, -0.109370, -1.017220
0.907557, -0.135038, -0.983483
0.950780, -0.127044, -0.893751
0.935280, -0.087714, -0.964459
0.743021, -0.174718, -0.545487
0.623973, -0.171744, -0.493176
0.823025, -0.088727, -0.589747
0.585083, -0.125256, -0.469944
2.270397, -0.873232, -1.042588
2.086457, -0.899785, -1.043716
2.272252, -0.789057, -1.040671
2.330930, -0.736116, -1.016377
2.295866, -0.866514, -1.027262
2.493228, -0.879209, -1.028629
2.331357, -0.755484, -1.039172
2.469913, -0.809444, -1.026739
0.137774, -0.489190, -0.152574
-0.016889, -0.489527, -0.154291
-0.079819, -0.397589, -0.182700
-0.088083, -0.426758, -0.170224
0.156165, -0.486303, -0.113457
0.062752, -0.517930, -0.116571
0.156616, -0.437638, -0.105393
-0.003283, -0.423172, -0.131558
0.673452, -0.917605, -0.745265
0.443343, -0.917411, -0.648603
0.809365, -0.859947, -0.968887
0.017856, -0.813338, -0.464659
0.292812, -0.896062, -0.542504
0.210064, -0.904037, -0.506256
0.102572, -0.810753, -0.468980
0.005313, -0.862627, -0.454317
1.243488, 0.905006, 0.043608
1.403380, 0.937344, -0.008583
1.625726, 0.958681, -0.056867
2.180203, 0.959887, -0.170566
-0.587399, 0.898995, -0.093350
-0.591314, 0.944163, -0.141935
2.252743, 0.996952, -0.179256
0.505525, 0.961999, 0.173739
-0.432790, 0.683635, -0.748383
-0.436971, 0.667718, -0.800752
-0.541145, 0.737176, -0.821528
-0.339361, 0.745561, -0.894815
-0.619455, 0.529459, -0.545753
-0.758753, 0.618313, -0.595233
-0.027359, 0.512820, -0.321554
-0.579073, 0.734645, -0.830909
2.866555, -0.587947, -1.046402
2.903971, -0.592902, -0.940921
2.899623, -0.522230, -1.035432
2.974643, -0.507740, -0.949905
3.024894, -0.569445, -0.982485
3.038763, -0.617028, -0.931585
2.982291, -0.529129, -1.039678
3.058860, -0.547782, -0.919246
2.574838, -0.964346, -0.151029
3.012717, -0.969711, -0.147368
-0.928979, -0.678250, 0.012624
-0.535232, -0.925568, 0.055773
0.161991, -0.980164, 0.181658
-0.651805, -0.931037, 0.054244
0.076017, -0.813434, -0.901084
-0.326483, -0.794024, -0.973370
2.208614, -0.010675, -0.828850
2.175371, -0.026468, -0.796485
2.387566, 0.073565, -0.828063
2.315288, 0.075695, -0.794200
2.424939, -0.025823, -0.784017
2.419595, -0.016368, -0.762475
2.469337, 0.072622, -0.785232
2.408227, 0.037551, -0.777830
2.763847, -0.136804, -0.386183
2.712767, -0.110520, -0.395952
2.734758, -0.040488, -0.374978
2.658755, -0.028103, -0.389305
2.772580, -0.118825, -0.348776
2.619526, -0.112696, -0.279117
2.790883, -0.060316, -0.322661
2.629584, -0.064962, -0.299631
0.995648, 0.743306, -0.866566
0.623057, 0.767230, -0.456293
0.996648, 0.899263, -0.974732
1.009992, 0.909562, -0.833585
0.481856, 0.738546, -0.358222
0.484575, 0.827817, -0.366596
0.743745, 0.882455, -0.485312
0.624577, 0.895225, -0.420460
1.236495, 0.112308, -0.910133
1.115608, 0.089346, -0.786979
1.216108, 0.154199, -0.886382
1.114598, 0.155320, -0.812110
1.458579, 0.088759, -0.944201
1.418025, 0.073643, -0.904369
1.440256, 0.145637, -0.953571
1.301708, 0.132127, -0.879786
3.286129, -0.727405, -0.982910
3.241480, -0.735299, -0.947858
3.290197, -0.661532, -1.032890
3.229099, -0.680986, -0.835495
3.300658, -0.757036, -0.932815
3.271348, -0.744673, -0.804183
3.304954, -0.710839, -0.922371
3.234110, -0.664653, -0.698520
1.780949, -0.833920, -1.043319
1.698449, -0.858254, -1.041304
1.746332, -0.799427, -1.037637
1.909420, -0.812119, -1.019949
1.957404, -0.820817, -1.030992
2.047414, -0.887227, -1.044937
1.935140, -0.761651, -1.042396
2.037902, -0.786956, -1.014811
-0.737803, 0.782832, -0.800076
-0.153710, 0.783193, -0.901586
-0.572206, 0.803644, -0.859996
-0.413725, 0.816103, -0.727588
-0.681007, 0.737159, -0.585226
-0.806651, 0.770662, -0.766768
-0.837695, 0.842157, -0.741129
-0.792461, 0.785206, -0.575941
2.922089, -0.485405, -1.020948
2.968669, -0.465457, -0.976650
2.946108, -0.410312, -1.033298
2.953167, -0.426051, -0.959732
3.005774, -0.465094, -1.047212
3.020861, -0.474096, -0.933984
3.035072, -0.396240, -0.987238
3.034906, -0.379447, -0.934677
-0.877822, 0.860841, -0.746131
-0.391550, 0.870678, -0.724718
-0.503457, 0.942167, -0.767870
-0.313959, 0.947364, -0.857560
-0.824990, 0.877307, -0.565552
-0.839709, 0.889061, -0.720899
-0.822227, 0.922491, -0.714129
-0.688872, 0.940016, -0.827317
2.923694, -0.352624, -0.992984
2.938752, -0.323749, -0.968857
2.913662, -0.254746, -1.025908
2.920670, -0.276383, -0.949657
3.081099, -0.356195, -0.975539
3.009447, -0.317253, -0.918828
3.053999, -0.253296, -1.038809
3.083251, -0.302741, -0.929225
0.332819, -0.515703, -0.025313
0.225089, -0.501889, -0.017908
0.325782, -0.496997, -0.030303
0.227588, -0.485338, -0.030521
0.431007, -0.526296, -0.013829
0.012342, -0.478995, 0.003009
0.233249, -0.411468, 0.026431
0.147937, -0.485461, 0.015299
-0.548862, -0.877787, 0.056379
-1.000708, -0.611794, -0.202166
-0.563277, -0.719385, 0.027275
-0.228804, -0.678896, -0.996084
-0.465742, -0.776409, -0.948243
-0.105982, -0.776748, -0.992381
-0.669456, -0.737904, -0.912896
-0.685329, -0.780991, -0.905416
2.353574, 0.104258, -0.804735
2.311459, 0.105831, -0.764335
2.349324, 0.210720, -0.799573
2.246610, 0.166716, -0.771816
2.491093, 0.121962, -0.808085
2.481733, 0.145384, -0.741351
2.528990, 0.205375, -0.795038
2.455562, 0.164928, -0.778995
1.266392, 0.202617, -0.902890
1.088336, 0.213757, -0.772052
1.262045, 0.295317, -0.917037
1.157513, 0.268997, -0.820825
1.370458, 0.201800, -0.928018
1.423600, 0.240771, -0.911918
1.370579, 0.263871, -0.958840
1.367268, 0.287316, -0.900378
3.295204, -0.595576, -0.993092
3.256304, -0.613867, -0.847944
3.291094, -0.546114, -0.989118
3.212962, -0.537572, -0.779559
3.307675, -0.590844, -0.947584
3.263256, -0.602958, -0.768707
3.282473, -0.523908, -0.817969
3.249310, -0.515149, -0.616690
2.834666, -0.089726, -0.675101
2.760063, -0.137798, -0.628575
2.860441, -0.048443, -0.655258
2.780686, -0.058834, -0.637323
2.919934, -0.110515, -0.635073
2.874012, -0.118944, -0.585296
2.954900, -0.069280, -0.628229
2.910696, -0.029967, -0.594930
1.905895, 0.011856, -0.936533
1.844923, -0.032953, -0.901788
1.876637, 0.052812, -0.950336
1.864393, 0.071458, -0.917068
2.145788, 0.000055, -0.963657
2.148863, -0.008094, -0.930195
2.208184, 0.056658, -0.977014
2.170310, 0.038380, -0.907283
3.295918, -0.933803, -0.586014
3.300303, -0.940373, -0.710503
3.318703, -0.870243, -0.799081
3.287994, -0.903177, -0.421192
3.311974, -0.921134, -0.631332
3.325284, -0.922172, -0.819720
3.301417, -0.873085, -0.464028
3.301836, -0.869177, -0.317282
1.482495, -0.815118, -1.028192
1.466747, -0.880340, -1.041350
1.435419, -0.789760, -1.032362
1.506215, -0.725739, -1.008433
1.639557, -0.800990, -1.026276
1.578691, -0.870252, -1.034269
1.610677, -0.742527, -1.047407
1.712865, -0.728736, -1.018633
1.039468, -0.853281, -0.991460
1.117662, -0.875135, -1.021994
1.059355, -0.790760, -1.005970
1.062820, -0.821748, -0.997367
1.280456, -0.830630, -1.041828
1.228827, -0.857572, -1.035076
1.211321, -0.771768, -1.036722
1.310163, -0.734943, -1.020154
1.345464, -0.996116, -0.928019
0.443972, -0.998417, -0.449395
0.207550, -0.976405, -0.282348
-0.004755, -0.944595, -0.198197
1.422144, -0.996672, -0.904284
0.891323, -1.017232, -0.620510
0.141334, -0.977924, -0.204227
0.044568, -0.962720, -0.164808
-0.369118, 0.946886, -0.752554
-0.548729, 0.969881, -0.735743
0.055985, 0.966534, -0.873587
-0.027142, 0.966200, -0.869934
-0.891910, 0.963944, -0.712974
-0.023869, 0.984067, -0.925569
-0.003180, 0.963921, -0.457302
0.105416, 0.984394, -0.871833
2.952468, -0.225427, -1.045206
2.996744, -0.211497, -0.973194
2.963676, -0.158856, -1.005433
2.998817, -0.179350, -0.916808
2.982147, -0.248890, -1.047853
3.041048, -0.239713, -0.964069
3.058589, -0.165300, -1.034897
3.043198, -0.134867, -0.981220
1.254584, 0.333114, -0.890239
1.218479, 0.302916, -0.860458
1.250058, 0.387066, -0.895831
1.182110, 0.385453, -0.848722
1.423722, 0.319284, -0.950265
1.361105, 0.304641, -0.893404
1.460127, 0.428476, -0.945434
1.271606, 0.385545, -0.861755
3.250402, -0.475596, -1.018971
3.257735, -0.454391, -0.850769
3.278219, -0.395600, -0.956146
3.249469, -0.412894, -0.847941
3.295964, -0.470119, -0.863795
3.260705, -0.473168, -0.679657
3.293205, -0.403785, -0.805215
3.244549, -0.434259, -0.719182
-0.428464, -0.865301, -0.921460
-0.739567, -0.968541, -0.952570
-0.592508, -0.919856, -0.891971
0.385342, -0.840242, -0.967102
-0.865989, -0.918067, -0.791834
-0.733484, -0.832348, 0.069988
-0.922727, -0.912981, -0.763918
0.285275, -0.916029, -1.008294
2.815264, 0.045417, -0.686327
2.850420, -0.007408, -0.635042
2.855781, 0.093661, -0.674272
2.867770, 0.103214, -0.612582
2.930673, 0.027370, -0.652730
2.867255, -0.002014, -0.586571
2.915327, 0.081916, -0.616176
2.927739, 0.065368, -0.547437
1.960161, -0.134133, -0.138364
2.012022, -0.132223, -0.160754
1.945366, -0.058843, -0.134633
1.822542, -0.110372, -0.120847
0.852446, -0.173811, 0.116306
0.703180, -0.161265, 0.133254
1.552470, -0.100193, -0.032391
1.278644, -0.136384, 0.040879
1.286170, 0.866432, -0.750882
1.277930, 0.855286, -0.723443
1.338005, 0.879287, -0.762069
1.233240, 0.885028, -0.715727
1.526871, 0.815686, -0.759601
1.458626, 0.831485, -0.742636
1.492174, 0.863530, -0.776274
1.525887, 0.844484, -0.757052
2.022212, 0.085574, -0.967752
1.938615, 0.123970, -0.917721
1.913284, 0.181262, -0.947606
1.938476, 0.156684, -0.905679
2.107849, 0.100437, -0.967514
2.136390, 0.087972, -0.913894
2.097814, 0.170124, -0.961062
2.216906, 0.150025, -0.924534
3.298768, -0.794200, -0.646980
3.286438, -0.782692, -0.452675
3.306565, -0.732383, -0.385515
3.299884, -0.728554, -0.353925
3.307714, -0.763931, -0.346756
3.300683, -0.804447, -0.359612
3.310818, -0.765950, -0.610986
2.675633, -0.750026, -0.140624
1.213231, 0.490058, -0.880693
1.166888, 0.449005, -0.823508
1.215834, 0.493457, -0.894117
1.212893, 0.498033, -0.845404
1.341457, 0.477875, -0.926806
1.271560, 0.443493, -0.868805
1.435843, 0.522235, -0.968061
1.417110, 0.516117, -0.928895
3.236103, -0.369672, -0.947487
3.232277, -0.381950, -0.798817
3.277577, -0.273317, -0.922535
3.239892, -0.291909, -0.910660
3.303416, -0.346654, -0.998308
3.279931, -0.347694, -0.683811
3.298245, -0.291589, -0.869501
3.264715, -0.285194, -0.784538
-0.782825, -0.739493, -0.919005
0.477657, -0.596807, -0.961013
-0.839614, -0.662945, -0.922495
0.468976, -0.510043, -0.978549
0.343497, -0.669901, -1.001299
0.094649, -0.570104, -0.630284
-0.899589, -0.669927, -0.889048
-0.040996, -0.494824, -0.594694
2.579528, 0.289223, -0.780391
2.541892, 0.272787, -0.767386
2.686452, 0.328734, -0.738669
2.597368, 0.315801, -0.731883
2.834564, 0.304931, -0.723234
2.717596, 0.283072, -0.691253
2.724037, 0.333787, -0.722716
2.788214, 0.310724, -0.672030
1.573780, 0.316842, -0.959006
1.555437, 0.317521, -0.934097
1.564231, 0.430840, -0.955127
1.628433, 0.376696, -0.923973
1.696043, 0.356338, -0.948242
1.743608, 0.317184, -0.912284
1.848659, 0.387015, -0.975867
1.647195, 0.396304, -0.926686
3.317626, -0.502881, -0.910221
3.257871, -0.466559, -0.436927
3.289955, -0.419887, -0.743586
3.279405, -0.417563, -0.532840
3.287351, -0.539694, -0.405617
3.263477, -0.499955, -0.350816
3.310036, -0.391418, -0.713236
3.283029, -0.493726, -0.337639
-0.902495, -0.899588, -0.844441
0.455406, -0.726425, -0.848166
-0.910919, -0.803921, -0.846250
-0.899930, -0.835561, -0.858005
-0.886031, -0.888427, -0.856871
-0.914998, -0.901761, -0.835415
-0.706549, -0.772731, -0.885638
-0.906898, -0.854519, -0.845180
2.907344, 0.122621, -0.677323
2.771911, 0.128022, -0.625533
2.866458, 0.193554, -0.671989
2.828165, 0.180827, -0.618845
2.959573, 0.162616, -0.649844
2.920254, 0.127270, -0.544800
2.947176, 0.231089, -0.615975
2.903268, 0.220246, -0.618260
1.876999, 0.240526, -0.943849
1.893628, 0.194860, -0.920830
1.917377, 0.269788, -0.950608
1.913600, 0.300357, -0.928216
2.232819, 0.238316, -0.956818
2.183735, 0.245944, -0.911179
2.128676, 0.286971, -0.976037
2.033780, 0.277708, -0.915905
3.304898, -0.622876, -0.631482
3.308528, -0.652425, -0.195363
3.312092, -0.593457, -0.357626
3.298327, -0.597321, -0.200298
3.326875, -0.690113, -0.181399
3.318484, -0.658777, -0.233428
3.308224, -0.622002, -0.473164
1.998296, -0.639652, -0.116454
1.137608, 0.834808, -0.767830
1.067882, 0.770321, -0.671872
0.983618, 0.841470, -0.668660
1.151599, 0.874763, -0.773495
1.212753, 0.759099, -0.769127
1.171435, 0.759918, -0.711159
1.349569, 0.916105, -0.883151
1.240225, 0.917133, -0.854698
3.064133, -0.115226, -0.307796
2.992873, -0.119046, -0.291417
3.125400, -0.038813, -0.400020
3.001601, -0.069411, -0.304930
2.992200, -0.158241, -0.240693
2.981925, -0.110638, -0.268343
2.989736, -0.076221, -0.237359
2.948754, -0.040496, -0.239551
2.706301, -0.013567, -0.956059
2.732851, 0.043047, -0.879774
2.750463, 0.104558, -0.949819
2.663767, 0.104323, -0.872414
2.802639, -0.002712, -0.916844
2.852105, 0.014175, -0.838080
2.838980, 0.084684, -0.912759
2.772977, 0.049734, -0.898194
0.024154, -0.913981, 0.191352
-0.490645, -0.929950, 0.070261
0.362823, -0.897845, 0.177810
-0.368195, -0.912320, 0.115641
-0.470970, -0.920844, 0.089127
-0.649952, -0.862876, -0.855106
1.107048, -0.948514, 0.035952
-0.554605, -0.852706, 0.113835
2.897988, -0.079251, -1.033817
2.973908, -0.095235, -0.927431
2.998920, -0.048376, -1.001851
3.002292, -0.059223, -0.966527
3.055184, -0.091309, -1.034574
3.048904, -0.118465, -0.946987
2.993692, -0.049923, -1.040210
3.025160, -0.035169, -0.967791
1.872419, 0.369376, -0.970997
1.961050, 0.352138, -0.931871
2.017225, 0.373408, -0.975849
1.851698, 0.377938, -0.933778
2.190886, 0.357930, -0.964142
2.089930, 0.349864, -0.913554
2.168814, 0.418017, -0.952233
2.132614, 0.430972, -0.938317
3.295352, -0.529574, -0.527295
3.312248, -0.565039, -0.214443
3.296177, -0.462856, -0.457069
3.299591, -0.526046, -0.233645
3.311869, -0.537329, -0.425291
3.299206, -0.543656, -0.154970
3.313707, -0.486138, -0.349019
2.928890, -0.536090, -0.145357
2.668335, 0.352696, -0.960074
2.711158, 0.402692, -0.891390
2.657665, 0.444081, -0.964454
2.661719, 0.425279, -0.913586
2.846419, 0.383434, -0.909740
2.896133, 0.375800, -0.880772
2.868450, 0.445241, -0.901076
2.779655, 0.425395, -0.868080
0.625739, -0.624116, 0.163045
-0.979491, -0.332136, -0.051669
1.332854, -0.585529, 0.039597
-0.557723, -0.446821, 0.051449
-0.589016, -0.498465, 0.055012
-0.720198, -0.368039, -0.867156
-0.523283, -0.484262, 0.074845
-0.991234, -0.191821, -0.041789
1.255039, 0.570364, -0.915017
1.153489, 0.604002, -0.828058
1.198376, 0.684291, -0.942984
1.262981, 0.685335, -0.914997
1.339472, 0.614233, -0.967680
1.358232, 0.635841, -0.935828
1.445157, 0.641774, -0.982327
1.306159, 0.682036, -0.917648
3.273283, -0.245042, -1.004882
3.233388, -0.215173, -0.869382
3.279721, -0.191086, -0.896683
3.262311, -0.203031, -0.869223
3.287525, -0.241443, -0.886717
3.295112, -0.222380, -0.786131
3.306578, -0.174495, -0.997810
3.262681, -0.168189, -0.759571
3.103420, 0.125226, -0.384833
3.011599, 0.125312, -0.346419
3.062549, 0.227701, -0.347429
3.003622, 0.227698, -0.353555
3.016913, 0.157580, -0.232406
2.925643, 0.127656, -0.222570
2.992481, 0.212647, -0.224675
2.936624, 0.245448, -0.214685
2.772587, 0.257959, -0.925553
2.752645, 0.274309, -0.862297
2.663926, 0.293879, -0.958565
2.768895, 0.348988, -0.896655
2.840787, 0.247710, -0.929108
2.889072, 0.247989, -0.858394
2.898928, 0.341087, -0.905829
2.847000, 0.325954, -0.878886
1.004841, -0.774086, 0.078013
-0.599472, -0.645498, 0.056807
0.915673, -0.697842, 0.101680
-0.519271, -0.608080, 0.087333
-0.543897, -0.672734, 0.088289
-0.551595, -0.687281, 0.087667
0.032184, -0.642113, 0.190534
-0.613957, -0.575170, 0.055505
3.104649, 0.012647, -0.382158
3.008164, -0.014935, -0.328602
3.079072, 0.040820, -0.358002
3.036005, 0.054743, -0.303952
2.955760, -0.019330, -0.219199
2.871070, -0.030596, -0.206006
3.090450, 0.044429, -0.286891
2.854191, 0.044666, -0.207088
2.697704, 0.156452, -0.938576
2.768764, 0.146336, -0.897264
2.773483, 0.194494, -0.911261
2.706359, 0.190341, -0.884825
2.826831, 0.126909, -0.927395
2.783447, 0.122014, -0.897416
2.829687, 0.207802, -0.901045
2.842724, 0.196863, -0.875735
2.364296, -0.875760, -0.135650
-0.547134, -0.796460, 0.082719
-0.196987, -0.737064, 0.178307
-0.562407, -0.787740, 0.078998
-0.340745, -0.822017, 0.139659
-0.634745, -0.776437, 0.062865
-0.160866, -0.748841, 0.181710
-0.832249, -0.641781, -0.811355
1.300429, 0.739863, -0.965248
1.292857, 0.841215, -0.956603
1.216323, 0.905588, -0.991520
1.276480, 0.869967, -0.968345
1.417795, 0.741756, -0.977965
1.303819, 0.746888, -0.921080
1.381250, 0.828969, -0.999077
1.336482, 0.853099, -0.964385
3.301839, -0.115933, -0.996229
3.261361, -0.114514, -0.839312
3.309041, -0.022405, -0.997741
3.262259, -0.014839, -0.844341
3.310384, -0.146979, -0.932734
3.271909, -0.091009, -0.740131
3.305591, 0.004070, -0.928099
3.256689, -0.054589, -0.700473
-0.628238, 0.126653, 0.089044
0.184169, 0.119898, -0.989961
-0.738403, 0.007217, -0.029450
-0.970474, 0.206894, 0.018081
-1.013416, 0.133608, -0.223448
-0.873459, -0.025631, -0.958909
-1.023207, 0.154215, -0.348213
-0.964007, 0.134994, -0.746853
2.279026, 0.731062, -0.920315
2.253406, 0.732113, -0.895354
2.174660, 0.870584, -0.959439
2.151836, 0.847952, -0.925549
2.387368, 0.744854, -0.908683
2.480476, 0.770475, -0.891150
2.344395, 0.906340, -0.974826
2.474325, 0.911853, -0.949297
3.321906, 0.062175, -1.011412
3.244679, 0.037395, -0.820511
3.319098, 0.108266, -1.000765
3.253051, 0.073453, -0.887582
3.304078, 0.048578, -0.861591
3.270543, 0.014788, -0.684169
3.299383, 0.103846, -0.890064
3.252715, 0.076891, -0.773176
0.928012, -0.374323, -0.875333
0.905871, -0.388726, -0.846943
0.935439, -0.281269, -0.990800
0.837750, -0.324727, -0.700666
0.918150, -0.372181, -0.684207
0.807361, -0.412741, -0.677021
0.850208, -0.323801, -0.689905
0.787334, -0.310095, -0.600481
0.810419, -0.379735, -0.707522
0.642478, -0.419429, -0.586066
0.866446, -0.282499, -1.005481
0.907773, -0.342139, -0.901105
0.790627, -0.406500, -0.591366
0.652387, -0.392024, -0.518089
0.733647, -0.343846, -0.568996
0.724277, -0.350805, -0.537739
1.048589, -0.042185, -1.045275
0.988209, -0.030420, -1.036696
1.100087, 0.027695, -1.010309
1.075851, 0.028079, -0.948652
1.179508, -0.041349, -1.041274
1.097597, -0.047714, -0.887126
1.139822, 0.035840, -0.993656
1.081303, 0.031424, -0.909744
0.929219, -0.473575, -0.923513
0.850845, -0.479375, -0.991499
0.906630, -0.383947, -0.977086
0.857260, -0.447846, -0.764759
0.866742, -0.484882, -0.689957
0.717815, -0.475482, -0.603565
0.913437, -0.413679, -0.728092
0.819883, -0.429532, -0.638463
0.801868, 0.891573, -0.033132
0.312633, 0.855901, 0.088693
0.746923, 0.913796, -0.036046
0.361844, 0.946314, 0.056190
0.351657, 0.900196, 0.097871
0.149018, 0.850957, 0.049523
0.613123, 0.939384, 0.023165
0.142859, 0.919585, 0.001388
0.995562, -0.366304, -0.867689
0.863641, -0.341656, -1.022603
0.885313, -0.248973, -1.031154
0.979108, -0.315299, -0.929783
1.018111, -0.351667, -0.863130
1.027581, -0.366200, -0.795494
1.023971, -0.333334, -0.892477
0.993710, -0.312838, -0.756461
-0.335607, -0.022607, 0.086099
-0.396631, -0.004591, 0.034143
-0.248372, 0.022658, 0.095784
-0.358067, 0.052725, 0.097549
0.330230, 0.222447, -0.780896
-0.518201, 0.179031, 0.089284
-0.641635, 0.223521, -0.003454
-0.994888, 0.341995, -0.066242
0.896101, -0.101488, -1.023754
0.965722, -0.120630, -0.947904
0.913470, -0.043108, -1.021467
0.933487, -0.103253, -0.781903
0.983554, -0.132590, -0.716769
0.808176, -0.161240, -0.623665
0.913585, -0.076524, -0.694188
0.835754, -0.112230, -0.650373
3.111107, -0.829768, -0.986522
3.039953, -0.900584, -1.018810
3.158895, -0.757247, -0.999123
3.075722, -0.811727, -0.991373
3.180420, -0.828832, -0.980067
3.102469, -0.853750, -0.960520
3.177247, -0.797165, -1.003196
3.190614, -0.788109, -0.962789
1.041905, -0.047858, -0.880291
1.018072, -0.029304, -0.909024
0.966346, 0.009003, -1.027268
0.881898, 0.058458, -1.037315
1.105941, -0.028384, -0.886374
1.072646, -0.050425, -0.774149
1.101822, 0.019063, -0.820738
1.055623, 0.015317, -0.754524
1.070100, 0.086875, -1.022112
0.926717, 0.085470, -1.040766
1.100949, 0.131590, -0.988752
1.059881, 0.135093, -0.978861
1.128776, 0.072982, -1.001736
1.157126, 0.075589, -0.924587
1.176114, 0.122765, -0.975901
1.131300, 0.150858, -0.931703
0.999392, -0.348266, -1.030867
0.943090, -0.341899, -1.040182
1.057410, -0.319474, -0.976365
0.942831, -0.299557, -1.030228
1.067562, -0.343593, -1.010679
1.067951, -0.354054, -0.932456
1.105331, -0.301289, -1.016528
1.088502, -0.318918, -0.924882
-0.823454, 0.072954, -0.090609
-0.826883, 0.133043, -0.076135
-0.803953, 0.173728, -0.084348
-0.531698, 0.083117, -0.062671
0.262244, 0.225560, -0.723627
0.190173, 0.225497, -0.932107
-0.242695, 0.293088, -0.946410
-0.811702, 0.363386, 0.063486
0.940129, -0.491103, -1.037395
1.016716, -0.466964, -0.943073
1.038583, -0.417807, -1.045389
1.004310, -0.457897, -0.922407
1.046455, -0.486910, -1.036370
1.024940, -0.459709, -0.951733
1.050179, -0.410859, -1.044088
1.048275, -0.427713, -0.893285
0.444541, 0.641846, 0.086348
0.219211, 0.720453, 0.096700
0.417880, 0.763131, 0.095115
0.123345, 0.821002, 0.034514
0.340607, 0.649335, 0.104551
0.078054, 0.675283, 0.027490
0.333129, 0.765243, 0.113655
0.177440, 0.814887, 0.087407
0.952746, -0.464820, -0.845555
0.920723, -0.469914, -0.976504
0.922115, -0.393302, -1.007865
0.871504, -0.408718, -1.014825
1.045251, -0.451197, -0.830675
1.004851, -0.500068, -0.795881
1.016061, -0.431050, -0.881320
1.008181, -0.438889, -0.788541
3.160605, -0.740082, -0.995029
3.169057, -0.690519, -0.944325
3.145028, -0.658369, -1.002071
3.181888, -0.654736, -0.968873
3.228152, -0.720780, -0.994942
3.235705, -0.701197, -0.943889
3.243318, -0.659236, -0.994468
3.203869, -0.652591, -0.900511
0.934552, 0.083196, -1.030218
0.935964, 0.097615, -1.024205
1.012932, 0.106068, -0.993941
0.984167, 0.110774, -0.996240
1.084402, 0.064014, -0.860957
1.009842, 0.066508, -0.810646
1.058120, 0.136790, -0.870070
1.017292, 0.107947, -0.823815
1.070535, 0.191062, -0.994629
1.048020, 0.183491, -0.983391
1.033611, 0.206357, -1.049001
1.070794, 0.218447, -0.997202
1.106976, 0.188965, -0.984949
1.080467, 0.190922, -0.910931
1.108180, 0.263690, -0.984277
1.133445, 0.274229, -0.948017
2.682499, 0.894853, -0.362218
2.408721, 0.908664, -0.305090
2.637472, 0.930063, -0.325798
2.756704, 0.956810, -0.364060
2.493575, 0.912205, -0.275967
2.219002, 0.930141, -0.261480
2.797073, 0.956083, -0.306988
2.835480, 0.966702, -0.347363
1.096052, 0.312483, -1.022968
1.014813, 0.298576, -1.033037
1.096167, 0.362283, -1.024711
1.090105, 0.387631, -0.970254
1.121612, 0.344467, -0.989006
1.161973, 0.338752, -0.938699
1.198864, 0.392550, -0.986777
1.132256, 0.407419, -0.913378
3.083229, -0.736974, -0.873230
3.070448, -0.721334, -0.833137
3.108241, -0.667914, -0.834812
3.088225, -0.655349, -0.779324
3.162448, -0.713185, -0.888137
3.142502, -0.730049, -0.794478
3.186158, -0.633761, -0.813357
3.159348, -0.651724, -0.734719
0.994459, 0.052898, -0.965550
0.883444, 0.107899, -1.020341
0.981767, 0.105285, -0.955002
0.944340, 0.152639, -0.981397
0.952610, 0.076215, -0.699959
0.861715, 0.067822, -0.657259
1.005851, 0.127537, -0.722172
0.920536, 0.144402, -0.717698
3.138270, -0.569679, -0.970158
3.124778, -0.564297, -0.947133
3.168900, -0.543470, -1.021214
3.145308, -0.537964, -0.912014
3.198959, -0.608388, -0.983989
3.175940, -0.598535, -0.921852
3.189655, -0.522870, -0.979514
3.211602, -0.511646, -0.850736
0.940167, 0.192440, -1.028207
1.021577, 0.176150, -0.870873
1.046965, 0.263068, -0.919023
1.030535, 0.224758, -0.940621
1.071869, 0.188882, -0.818239
1.096856, 0.180015, -0.804234
1.096512, 0.248606, -0.856105
1.053521, 0.275749, -0.807715
3.101853, -0.603545, -0.837067
3.087522, -0.607443, -0.735683
3.087339, -0.541421, -0.864426
3.089347, -0.518240, -0.708545
3.175264, -0.620089, -0.740911
3.146855, -0.624967, -0.704013
3.174967, -0.520509, -0.807626
3.134916, -0.532710, -0.642219
1.003280, 0.176385, -0.908330
0.977441, 0.179576, -0.828115
1.007394, 0.224206, -0.931862
0.883782, 0.223322, -1.010908
0.991346, 0.172671, -0.785507
0.888984, 0.170515, -0.608112
0.928677, 0.248064, -0.688091
0.896108, 0.253549, -0.627629
2.421857, 0.903706, -0.326730
2.336127, 0.907603, -0.334649
2.692556, 0.952787, -0.420109
2.402387, 0.944856, -0.335938
2.267818, 0.931830, -0.290479
1.948704, 0.929271, -0.242076
2.679152, 0.974804, -0.313394
2.702104, 0.980005, -0.398745
3.151225, -0.472080, -0.968143
3.095919, -0.479660, -0.937234
3.137503, -0.423205, -0.971580
3.155339, -0.397028, -0.960873
3.240776, -0.462835, -0.977335
3.218085, -0.494498, -0.909033
3.166671, -0.417742, -1.043413
3.175128, -0.436493, -0.913517
1.043946, 0.306157, -0.859604
0.978850, 0.261223, -0.996030
1.061716, 0.375593, -0.905682
0.944378, 0.306067, -1.024461
1.140018, 0.324349, -0.867044
1.010750, 0.326856, -0.763057
1.071919, 0.360780, -0.862761
1.050438, 0.339014, -0.832488
-0.077379, 0.068360, -0.421643
-0.191176, 0.069392, -0.437363
-0.184354, 0.132835, -0.445434
-0.233316, 0.106810, -0.438434
-0.070365, 0.041896, -0.391618
0.640715, -0.009508, -0.634157
0.397506, 0.018502, -0.475975
0.305271, 0.020891, -0.432992
2.175300, 0.925225, -0.320626
2.193990, 0.920786, -0.373141
2.695638, 0.982592, -0.450906
2.659060, 0.984718, -0.463437
1.839454, 0.952626, -0.232520
1.987520, 0.926629, -0.303252
2.274359, 0.971575, -0.320958
2.425641, 0.990248, -0.393328
3.148491, -0.478881, -0.833120
3.109425, -0.485639, -0.701310
3.112738, -0.436872, -0.863424
3.116120, -0.392652, -0.700369
3.149222, -0.485922, -0.763579
3.113257, -0.489091, -0.679568
3.153654, -0.419418, -0.772758
3.156123, -0.410566, -0.741437
1.000937, 0.264431, -0.814035
0.905403, 0.266588, -1.007619
1.019273, 0.320055, -0.964496
1.001758, 0.342810, -0.862831
0.979786, 0.294856, -0.723673
0.910618, 0.331651, -0.644046
1.065585, 0.416598, -0.737876
0.964513, 0.345550, -0.667430
1.844748, 0.928322, -0.269816
1.898760, 0.905170, -0.311657
2.262698, 0.936434, -0.403024
2.549199, 0.994379, -0.502491
1.776325, 0.968282, -0.238646
1.645077, 0.941365, -0.210217
2.126507, 0.966138, -0.374725
2.488021, 0.991784, -0.458960
1.108835, 0.609909, -0.997667
0.979825, 0.556587, -1.045851
1.034306, 0.639565, -1.049176
1.064865, 0.638665, -1.011956
1.132767, 0.587200, -1.034645
1.122149, 0.603345, -0.979029
1.205103, 0.682485, -1.004867
1.162286, 0.644476, -0.986506
2.166226, -0.127948, -0.750896
2.106499, -0.112001, -0.717508
2.232233, -0.087211, -0.757703
2.140976, -0.044912, -0.726964
2.348319, -0.134523, -0.743557
2.358635, -0.097930, -0.678177
2.351645, -0.055855, -0.714967
2.393142, -0.062313, -0.690800
1.071696, -0.034697, -0.750349
1.140361, -0.055015, -0.737473
1.053123, 0.010114, -0.741636
1.108921, 0.049896, -0.739180
1.405553, 0.004943, -0.867732
1.327390, -0.010853, -0.812509
1.257835, 0.059991, -0.826554
1.361144, 0.059729, -0.804162
3.215423, -0.859082, -0.839646
3.212244, -0.894487, -0.905774
3.189352, -0.822878, -0.839648
3.159283, -0.786701, -0.711671
3.277005, -0.913565, -0.922017
3.200797, -0.891554, -0.587238
3.239525, -0.862605, -0.741635
3.193681, -0.848689, -0.587529
2.192415, -0.221412, -0.818187
2.121344, -0.233361, -0.767212
2.273155, -0.201905, -0.821916
2.219180, -0.193496, -0.777145
2.426172, -0.220870, -0.784881
2.459361, -0.223406, -0.751097
2.533380, -0.149001, -0.787926
2.429484, -0.181222, -0.745646
2.109661, -0.242741, -0.725795
2.076990, -0.270836, -0.722038
2.143119, -0.217120, -0.737409
2.062757, -0.214244, -0.714713
2.420206, -0.245123, -0.727238
2.341370, -0.230174, -0.694078
2.300691, -0.189078, -0.736217
2.224995, -0.168127, -0.693265
2.130441, -0.156263, -0.691496
2.143013, -0.136649, -0.661967
2.193045, -0.067797, -0.692392
1.976439, -0.053185, -0.659225
2.262931, -0.116306, -0.681312
2.170079, -0.114795, -0.655111
2.176281, -0.084330, -0.669917
2.139244, -0.083348, -0.646012
0.971125, -0.050718, -0.644342
0.979365, -0.026326, -0.623711
0.897796, 0.038283, -0.604052
1.072495, 0.033213, -0.662087
1.147491, -0.041188, -0.707680
1.195009, -0.036573, -0.707219
1.187221, 0.043762, -0.731340
1.185166, 0.043852, -0.698848
3.141525, -0.908234, -0.732696
3.139366, -0.920811, -0.770480
3.144194, -0.868566, -0.689562
3.100174, -0.822138, -0.510924
3.202068, -0.913682, -0.790188
3.142118, -0.908257, -0.499259
3.173744, -0.867495, -0.524217
3.158903, -0.885047, -0.487761
3.112377, -0.223843, -1.043219
3.100336, -0.193089, -0.917301
3.137835, -0.175202, -0.973728
3.163333, -0.184004, -0.921514
3.210865, -0.234727, -1.031584
3.187406, -0.259364, -0.913637
3.196338, -0.145081, -1.038631
3.171461, -0.195192, -0.886873
1.063832, 0.545050, -0.976799
1.052152, 0.569319, -0.836951
1.026565, 0.610831, -1.017423
0.997908, 0.658652, -1.020129
1.148865, 0.558485, -0.864369
1.087242, 0.605861, -0.850223
1.108427, 0.649983, -0.918825
1.068458, 0.664633, -0.831645
2.167702, -0.337989, -0.751117
2.130726, -0.398648, -0.705431
2.244938, -0.334754, -0.734152
2.150468, -0.295568, -0.716275
2.318244, -0.378294, -0.733242
2.353303, -0.392199, -0.693336
2.253316, -0.294835, -0.724281
2.283269, -0.299511, -0.692692
2.008063, -0.287537, -0.681615
1.991663, -0.267438, -0.638659
2.025270, -0.204383, -0.680079
1.927773, -0.239871, -0.628811
2.336049, -0.248296, -0.645278
2.274215, -0.275628, -0.620476
2.290453, -0.185661, -0.647397
2.169477, -0.221859, -0.652808
2.035648, -0.112187, -0.620261
1.921606, -0.165945, -0.578438
1.960320, -0.096368, -0.620093
1.901646, -0.051527, -0.587960
2.163000, -0.150316, -0.623005
2.097845, -0.158327, -0.573851
2.088358, -0.058299, -0.610541
2.041022, -0.067086, -0.595973
0.731194, -0.022887, -0.485339
0.632342, -0.045164, -0.438579
0.636105, -0.017833, -0.448710
0.778424, 0.017416, -0.492834
0.990178, -0.037772, -0.597237
1.027846, -0.011505, -0.603880
1.010048, 0.034575, -0.608389
1.006599, 0.036928, -0.588716
3.104133, -0.894967, -0.560515
3.077209, -0.918600, -0.590797
3.084327, -0.842851, -0.456170
3.054271, -0.814251, -0.436494
3.128656, -0.901521, -0.469543
3.068642, -0.911272, -0.310035
3.110685, -0.864791, -0.348182
3.039697, -0.839530, -0.343882
2.106951, -0.467143, -0.726659
2.180470, -0.489819, -0.718809
2.236124, -0.425892, -0.737219
2.140482, -0.430004, -0.712832
2.259292, -0.470678, -0.738096
2.261271, -0.492255, -0.696994
2.294592, -0.445023, -0.753849
2.293482, -0.409411, -0.712107
1.949110, -0.358997, -0.670294
1.938483, -0.381724, -0.632437
2.134364, -0.329416, -0.664161
2.056409, -0.331169, -0.638869
2.186344, -0.399348, -0.662727
2.159530, -0.413490, -0.622119
2.246318, -0.334389, -0.650031
2.199776, -0.341984, -0.640442
2.021935, -0.266879, -0.603694
1.773249, -0.303752, -0.570527
1.997757, -0.214974, -0.609179
1.904729, -0.224866, -0.564034
2.120674, -0.281578, -0.612258
2.134352, -0.303848, -0.577554
2.227828, -0.200838, -0.595404
2.099129, -0.215160, -0.581606
1.973378, -0.397168, -0.594023
1.877698, -0.437184, -0.559745
1.895740, -0.335314, -0.582521
1.908090, -0.340822, -0.567338
2.020848, -0.419270, -0.598207
2.043723, -0.418705, -0.564118
2.104404, -0.311420, -0.604640
1.979154, -0.332750, -0.568030
2.043441, -0.523871, -0.669706
1.864878, -0.527075, -0.625927
2.027188, -0.417477, -0.672754
1.853689, -0.432281, -0.627802
2.161066, -0.523698, -0.696575
2.116870, -0.524512, -0.646933
2.156115, -0.464686, -0.659467
2.207445, -0.431712, -0.643863
1.840567, -0.269742, -0.548583
1.637375, -0.320743, -0.483493
1.816023, -0.233835, -0.544867
1.795577, -0.203157, -0.512707
1.920274, -0.292558, -0.528846
1.915781, -0.318608, -0.507107
1.965126, -0.193349, -0.539115
1.980346, -0.189136, -0.520051
1.617485, -0.430643, -0.512468
1.565737, -0.455557, -0.481111
1.708182, -0.356402, -0.529417
1.714104, -0.361404, -0.486233
1.993873, -0.430761, -0.545597
1.771614, -0.435185, -0.504774
1.954141, -0.349556, -0.539099
1.856689, -0.395101, -0.511423
1.773213, -0.578437, -0.543604
1.544379, -0.576723, -0.479259
1.663069, -0.524061, -0.530111
1.683757, -0.532725, -0.507240
1.871756, -0.561103, -0.545801
1.801298, -0.574723, -0.523904
1.953186, -0.475957, -0.542690
1.693312, -0.505425, -0.486177
1.979367, -0.757919, -0.344600
1.797521, -0.783938, -0.334371
1.945443, -0.724023, -0.310249
1.764747, -0.682139, -0.282154
1.879292, -0.762902, -0.288660
1.792134, -0.806353, -0.268393
1.777160, -0.687311, -0.233498
1.745106, -0.713584, -0.237398
-0.608581, 0.304379, -0.540016
-0.639217, 0.377297, -0.542176
-0.214153, 0.333809, -0.355464
-0.416521, 0.407060, -0.454774
-0.762134, 0.391632, -0.542779
-0.774612, 0.354958, -0.487658
-0.787156, 0.460319, -0.523338
-0.777042, 0.409777, -0.477468
1.659329, -0.693175, -0.572699
1.656954, -0.706387, -0.548841
1.604434, -0.618872, -0.526245
1.544449, -0.638280, -0.503971
1.998558, -0.670060, -0.580512
1.879411, -0.711879, -0.582933
1.922881, -0.641356, -0.565106
1.782855, -0.648826, -0.539181
2.078429, -0.853995, -0.369038
1.863529, -0.867185, -0.389725
1.906797, -0.806329, -0.351325
1.895743, -0.819449, -0.346814
2.116252, -0.915957, -0.371572
1.923282, -0.891390, -0.357556
2.003825, -0.849598, -0.345628
1.730495, -0.842893, -0.273655
-0.775000, 0.261898, -0.575501
0.244056, 0.014748, -0.379151
0.003946, 0.110478, -0.320237
0.458912, 0.108891, -0.448653
-0.790679, 0.210476, -0.550101
-0.755743, 0.174264, -0.522343
-0.786754, 0.336121, -0.555335
-0.860742, 0.361774, -0.515839
1.996533, -0.543791, -0.630166
1.798740, -0.542720, -0.572551
1.919769, -0.450644, -0.594019
1.857561, -0.456218, -0.576756
2.149240, -0.553025, -0.599200
1.900036, -0.555173, -0.576822
2.156936, -0.485389, -0.605948
2.051664, -0.451102, -0.574000
3.002261, 0.440425, -0.903583
2.940617, 0.414972, -0.871255
2.966349, 0.467968, -0.930839
2.959226, 0.455876, -0.872056
3.025529, 0.404509, -0.884459
3.074693, 0.430127, -0.757029
3.038070, 0.485321, -0.916301
3.085951, 0.497424, -0.795859
-0.251664, -0.519524, 0.161368
-0.483022, -0.542150, 0.101739
-0.213481, -0.473312, 0.176129
-0.492448, -0.446749, 0.078925
-0.165232, -0.512988, 0.186588
-0.598828, -0.433850, 0.081487
-0.276467, -0.454636, 0.152194
-0.488915, -0.458149, 0.076438
-0.224246, 0.433697, 0.099349
-0.965048, 0.636809, -0.594728
-0.174061, 0.496235, 0.116532
-0.487203, 0.619349, -0.002882
-0.390541, 0.514819, 0.034948
-0.396615, 0.553491, 0.059937
-0.234640, 0.529060, 0.074685
-0.361041, 0.646358, 0.076612
2.310460, -0.967339, -0.598899
2.460539, -0.979888, -0.676748
2.058957, -0.965132, -0.516304
1.803927, -0.937861, -0.458036
2.401273, -0.995889, -0.558558
2.275207, -0.991329, -0.586989
2.083180, -0.958277, -0.459503
1.966616, -0.955194, -0.462295
-0.073255, -0.036574, -0.367590
-0.152599, -0.047976, -0.384216
-0.323792, 0.034075, -0.413021
0.032098, 0.028079, -0.351191
-0.820857, 0.038942, -0.547721
-0.809237, 0.085504, -0.537945
-0.892288, 0.166275, -0.506228
-0.828809, 0.129908, -0.517793
1.788894, -0.676149, -0.644520
1.739617, -0.664984, -0.590664
1.826840, -0.575765, -0.622981
1.745509, -0.620295, -0.573864
2.134940, -0.619370, -0.630376
1.901443, -0.675155, -0.620137
2.061743, -0.598413, -0.640055
1.912360, -0.594185, -0.598016
2.251324, -0.843296, -0.419198
2.226846, -0.854398, -0.400782
2.228655, -0.774079, -0.358415
2.166232, -0.817481, -0.376935
2.258854, -0.855563, -0.339114
2.265606, -0.883046, -0.362175
2.232162, -0.793981, -0.333411
2.142926, -0.785753, -0.336133
-0.289709, 0.080084, -0.376252
-0.584885, 0.162445, -0.544225
-0.363269, 0.180468, -0.412877
-0.684471, 0.247686, -0.559864
-0.651400, 0.212773, -0.526705
-0.717488, 0.194854, -0.564932
-0.614259, 0.259196, -0.530637
-0.704695, 0.263684, -0.537623
2.962463, 0.287644, -0.902775
2.949330, 0.302672, -0.846805
2.947952, 0.330632, -0.919262
2.974006, 0.335699, -0.807337
3.056506, 0.265677, -0.881676
3.070084, 0.296511, -0.813148
3.072582, 0.357065, -0.848088
3.053141, 0.322496, -0.776785
-0.503808, -0.696806, 0.092192
-0.531893, -0.660001, 0.106138
-0.442891, -0.613181, 0.118938
-0.556468, -0.596574, 0.089941
0.069607, -0.706169, 0.196884
-0.532944, -0.681556, 0.111217
-0.195227, -0.650939, 0.182739
-0.554446, -0.575079, 0.090175
1.784845, -0.898011, -0.734787
1.764247, -0.944909, -0.889841
1.738778, -0.864578, -0.695920
1.595067, -0.884071, -0.641682
1.959847, -0.932945, -0.903444
1.856242, -0.923191, -0.803896
1.869231, -0.836030, -0.665460
1.725873, -0.882844, -0.648775
1.075686, 0.287096, 0.086480
-0.327387, 0.447826, 0.140210
0.967762, 0.433841, 0.102179
-0.604555, 0.512490, -0.918068
0.743539, 0.291324, 0.140725
-0.385723, 0.390172, 0.093371
-0.344824, 0.363257, 0.040835
-0.400834, 0.447618, 0.044236
-0.876958, -0.060934, -0.638273
-0.637962, -0.105184, -0.590867
0.586828, -0.139156, -0.552421
-0.836749, 0.017143, -0.635241
-0.760622, -0.085583, -0.561437
-0.905090, -0.043213, -0.545310
-0.793752, -0.033376, -0.567158
-0.922203, 0.046939, -0.518061
1.999688, -0.613162, -0.688104
2.031069, -0.632060, -0.691136
1.873358, -0.595556, -0.673510
1.891032, -0.569993, -0.655400
2.140696, -0.611479, -0.713524
2.213847, -0.649844, -0.665872
2.318096, -0.573066, -0.685845
2.214683, -0.587726, -0.642386
1.812933, -0.738363, -0.683280
1.762034, -0.807132, -0.697343
1.740181, -0.690841, -0.625953
1.899995, -0.724173, -0.671347
2.053658, -0.732245, -0.703079
2.093769, -0.783365, -0.712394
2.155791, -0.716297, -0.691087
1.976128, -0.688026, -0.627200
1.899174, -0.873841, -0.824083
1.856546, -0.924296, -0.895036
1.896704, -0.847855, -0.765695
1.768232, -0.840174, -0.674461
2.104949, -0.844354, -0.772686
2.050050, -0.889442, -0.831462
2.109520, -0.827959, -0.746136
1.974946, -0.840589, -0.705801
-0.655396, -0.108953, -0.586703
0.177053, -0.174512, -0.408997
0.685492, -0.138934, -0.620604
-0.474115, -0.074001, -0.511111
-0.766545, -0.090521, -0.601582
-0.753310, -0.075067, -0.577192
-0.799785, 0.008097, -0.612038
-0.860032, 0.022712, -0.595394
0.634452, -0.319320, -0.614403
-0.381059, -0.264702, -0.509971
0.798356, -0.255927, -0.776729
-0.614708, -0.216501, -0.580261
-0.719402, -0.253244, -0.550148
-0.860893, -0.202376, -0.669250
-0.816672, -0.167336, -0.629298
-0.814276, -0.133151, -0.600118
2.877354, 0.032470, -0.178132
2.775395, 0.028568, -0.168976
2.750280, 0.097159, -0.163059
2.771444, 0.083092, -0.188389
2.043901, 0.010095, -0.125190
1.420059, 0.028384, 0.016530
2.702897, 0.072676, -0.162993
1.781860, 0.080245, -0.084530
1.040676, 0.119974, 0.090054
-0.456966, 0.238544, 0.085084
-0.132767, 0.191168, 0.192095
-0.440073, 0.423153, 0.125797
-0.400026, 0.130532, 0.068285
-0.688794, 0.393676, 0.062579
0.077049, 0.180386, 0.186445
-0.945674, 0.466799, 0.056737
-0.735719, -0.279985, -0.629846
0.667966, -0.309304, -0.647844
-0.709614, -0.161200, -0.623550
0.659807, -0.244756, -0.625977
-0.872292, -0.189334, -0.633210
-0.892737, -0.226226, -0.632928
-0.833466, -0.132307, -0.599342
-0.878526, -0.105511, -0.572655
2.726541, -0.953440, -0.501205
2.518754, -0.928162, -0.459808
2.515785, -0.884991, -0.461984
2.461197, -0.904771, -0.487194
2.722101, -0.959441, -0.466450
2.761467, -0.979479, -0.489397
2.546700, -0.878352, -0.391672
2.473794, -0.898026, -0.410381
0.812094, -0.085032, -0.723744
0.005918, -0.086028, -0.366938
0.750870, -0.029772, -0.648431
-0.329737, 0.065700, -0.391521
-0.466683, -0.007506, -0.462578
-0.591255, -0.002047, -0.502733
-0.307986, 0.039085, -0.343517
-0.537341, 0.083175, -0.467438
1.895913, -0.913563, -0.927860
1.842173, -0.872517, -0.823163
1.907501, -0.792653, -0.766399
1.804999, -0.816190, -0.731010
2.186356, -0.857770, -0.854243
2.120167, -0.911416, -0.912645
2.130691, -0.817323, -0.789232
2.132947, -0.834539, -0.779782
0.824541, -0.159201, -0.767498
-0.585248, -0.136839, -0.553747
-0.011063, -0.132750, -0.379007
-0.499344, -0.028692, -0.507128
-0.662738, -0.093388, -0.567980
-0.755556, -0.123840, -0.617547
-0.592503, -0.037990, -0.520935
-0.610995, -0.020113, -0.471088
3.012715, 0.290361, -0.523102
3.015331, 0.267260, -0.491781
3.055134, 0.322275, -0.554063
2.941129, 0.331861, -0.501930
3.069811, 0.278097, -0.519923
2.968198, 0.246196, -0.426677
3.067217, 0.323562, -0.474431
2.970658, 0.356268, -0.434777
2.348141, 0.349548, -0.952440
2.278436, 0.360654, -0.942759
2.263077, 0.393029, -0.980223
2.335774, 0.419537, -0.938412
2.561572, 0.340983, -0.942344
2.515116, 0.367364, -0.933233
2.534496, 0.442064, -0.969753
2.612230, 0.402759, -0.912455
3.314154, -0.508903, -0.412479
0.135090, -0.604481, 0.188795
3.315208, -0.473254, -0.414446
0.063169, -0.543972, 0.188464
1.596264, -0.644710, -0.044822
-0.387579, -0.550728, 0.130633
3.318406, -0.471059, -0.450802
-0.570856, -0.430317, 0.042556
-0.781398, -0.542147, -0.750344
-0.629940, -0.525803, -0.834135
0.518764, -0.486625, -0.579893
0.642592, -0.490959, -0.676505
-0.911337, -0.523013, -0.554340
-0.667609, -0.532672, -0.817521
-0.887245, -0.468344, -0.582235
-0.560798, -0.449737, -0.868640
2.759828, -0.929937, -0.580737
2.768059, -0.946091, -0.539406
2.743721, -0.884094, -0.479846
2.685782, -0.885204, -0.454359
2.815915, -0.943418, -0.429932
2.833773, -0.969063, -0.475200
2.711614, -0.901186, -0.393998
2.627614, -0.867482, -0.398628
-0.046462, -0.090165, -0.350520
0.766613, -0.041252, -0.659428
0.765456, -0.024519, -0.653242
0.900533, 0.005076, -0.854435
-0.131306, -0.021980, -0.316729
-0.317288, -0.006235, -0.378474
-0.055357, 0.022033, -0.264267
-0.312905, 0.053501, -0.351219
2.184168, -0.903611, -0.950087
2.097041, -0.882595, -0.912079
1.985106, -0.790890, -0.834204
2.066220, -0.785183, -0.782413
2.377157, -0.908252, -0.897404
2.214636, -0.841618, -0.830301
2.338603, -0.770415, -0.807362
2.253042, -0.768127, -0.780304
0.807509, -0.156635, -0.728946
0.827408, -0.160547, -0.767921
0.862469, -0.095043, -0.813173
-0.435379, -0.083856, -0.469755
-0.463531, -0.121352, -0.470860
-0.437445, -0.166067, -0.428214
-0.404776, -0.061024, -0.434602
-0.528130, -0.083491, -0.505521
0.843348, -0.269398, -0.893433
0.613723, -0.306737, -0.594294
0.792141, -0.234848, -0.739553
-0.658714, -0.160850, -0.579043
-0.636758, -0.280108, -0.564789
-0.734372, -0.222703, -0.590835
-0.685411, -0.189771, -0.569765
-0.769641, -0.197358, -0.626551
-0.620542, -0.545711, -0.563542
-0.766083, -0.555992, -0.597030
-0.729364, -0.494461, -0.591018
0.767237, -0.457935, -0.820764
-0.842012, -0.586284, -0.484319
-0.810600, -0.565563, -0.720302
-0.843440, -0.453805, -0.680622
-0.891028, -0.491796, -0.644693
3.033375, 0.130194, -0.530256
2.950419, 0.169572, -0.490465
3.049865, 0.188231, -0.550499
2.974382, 0.218224, -0.440666
3.087239, 0.147577, -0.476842
3.024935, 0.121898, -0.472252
3.060094, 0.224581, -0.424990
3.030845, 0.199578, -0.381197
2.336785, 0.251762, -0.947299
2.326547, 0.223459, -0.910503
2.323380, 0.299448, -0.957769
2.375772, 0.320830, -0.933980
2.527256, 0.229678, -0.963744
2.613233, 0.257646, -0.891448
2.456347, 0.304419, -0.956816
2.528980, 0.318752, -0.897569
3.328976, -0.710157, -0.198940
0.780590, -0.768660, 0.117436
3.322326, -0.575916, -0.359844
-0.345054, -0.646329, 0.137902
2.403129, -0.713490, -0.140805
-0.622016, -0.635862, 0.050312
1.059383, -0.695386, 0.075296
-0.416455, -0.597063, 0.121001
0.122286, -0.718611, -0.500268
-0.825861, -0.746711, -0.580649
0.673534, -0.617468, -0.738860
-0.739097, -0.595850, -0.775683
-0.944749, -0.718063, -0.509356
-0.831636, -0.687694, -0.746824
-0.873610, -0.607681, -0.712905
-0.910934, -0.632133, -0.677407
0.158804, 0.390942, -0.573061
-0.012371, 0.440217, -0.591867
0.339373, 0.471943, -0.608441
0.043271, 0.493813, -0.560002
0.445071, 0.402241, -0.663325
0.037891, 0.403693, -0.553035
-0.150163, 0.506029, -0.639469
0.422189, 0.451397, -0.631361
1.216558, -0.227434, -1.008277
1.180376, -0.248130, -0.944247
1.204584, -0.173462, -1.032808
1.234592, -0.191104, -0.950820
1.358475, -0.252166, -1.019707
1.324741, -0.249683, -0.974032
1.363742, -0.172075, -1.037714
1.361799, -0.188231, -0.996930
1.335085, 0.938470, -0.175401
1.314728, 0.952296, -0.158147
2.306737, 0.973077, -0.533871
2.009006, 0.976373, -0.477861
1.369618, 0.958765, -0.163369
1.345883, 0.977423, -0.213058
2.138615, 0.975912, -0.466804
2.186450, 0.985345, -0.553870
-0.807433, 0.438109, -0.342336
-0.892330, 0.453820, 0.003389
-0.812032, 0.447535, -0.336449
-0.924739, 0.539325, -0.012072
-0.807655, 0.494253, 0.015269
0.230453, 0.440636, -0.721173
-0.025981, 0.468110, -0.656428
0.119151, 0.515897, -0.657450
2.304701, -0.844729, -1.003623
2.127448, -0.865051, -1.005307
2.197498, -0.814548, -1.011821
2.319523, -0.795970, -0.974180
2.477120, -0.884409, -1.021712
2.344531, -0.902228, -1.017418
2.461465, -0.750649, -0.976378
2.357680, -0.794659, -0.975853
0.737669, -0.170469, -0.615899
0.807061, -0.189245, -0.690763
0.864255, -0.105364, -0.730158
0.926332, -0.084990, -0.953500
0.491876, -0.187559, -0.414970
0.286557, -0.208743, -0.367460
0.490743, -0.111932, -0.445239
0.514002, -0.120989, -0.412816
-0.026840, 0.294294, -0.586666
-0.076773, 0.325805, -0.688417
-0.028837, 0.377344, -0.678624
0.004950, 0.380124, -0.570311
0.340966, 0.311587, -0.648501
0.055207, 0.355788, -0.814213
0.257682, 0.339022, -0.584882
0.088588, 0.458079, -0.833332
2.248496, -0.129722, -0.945744
2.250746, -0.128330, -0.927432
2.261812, -0.083365, -0.963287
2.245032, -0.067166, -0.918503
2.486100, -0.131871, -0.962948
2.567569, -0.080558, -0.900025
2.494668, -0.060637, -0.952804
2.431341, -0.031295, -0.915879
0.775171, -0.291649, -0.523893
0.538335, -0.322423, -0.424938
0.596097, -0.226386, -0.450095
0.663253, -0.247217, -0.464204
1.171943, -0.249177, -0.684011
1.110186, -0.256343, -0.636901
1.012191, -0.197819, -0.614252
0.934468, -0.248939, -0.566614
-0.125449, 0.303468, -0.863278
-0.064135, 0.323291, -0.890854
-0.047991, 0.293267, -0.779268
0.035966, 0.336868, -0.833757
-0.450969, 0.335013, -0.871650
-0.301897, 0.329973, -0.854667
-0.256169, 0.351847, -0.875182
-0.366975, 0.372576, -0.887662
1.366536, -0.375985, -0.698839
1.200209, -0.383033, -0.643930
1.382177, -0.331981, -0.710318
1.241245, -0.317375, -0.664437
1.451551, -0.382282, -0.705378
1.419705, -0.403712, -0.688398
1.548489, -0.348660, -0.728776
1.445995, -0.345832, -0.692862
-0.672908, 0.172190, -0.830413
-0.318785, 0.191329, -0.895498
-0.723108, 0.227332, -0.805905
-0.776491, 0.217731, -0.805609
-0.869653, 0.115493, -0.690008
-0.834432, 0.067332, -0.717471
-0.815003, 0.179314, -0.824447
0.235288, 0.200023, -0.766438
0.072129, 0.501680, -0.844737
0.027193, 0.492217, -0.867805
-0.023214, 0.572295, -0.913255
0.084550, 0.542272, -0.896294
-0.310148, 0.553340, -0.864006
-0.212402, 0.563425, -0.907555
-0.105290, 0.560669, -0.900906
-0.145552, 0.617220, -0.928499
2.990393, -0.739102, -0.589454
2.962500, -0.728421, -0.558036
3.004314, -0.702001, -0.566687
2.974734, -0.684347, -0.519944
3.041251, -0.735950, -0.488860
3.003561, -0.807592, -0.505294
3.039330, -0.731918, -0.507837
3.004787, -0.698758, -0.460406
0.633336, 0.057769, -0.507732
0.628283, 0.054654, -0.510407
0.853808, 0.126621, -0.680355
0.711383, 0.113552, -0.564315
0.597546, 0.075036, -0.438080
0.391192, 0.068875, -0.361933
0.563058, 0.126102, -0.429928
0.385912, 0.090871, -0.377577
-0.108151, 0.543833, -0.636039
0.333913, 0.531267, -0.594839
-0.117130, 0.595487, -0.620582
-0.119866, 0.621526, -0.660050
0.295320, 0.529042, -0.560751
0.423960, 0.541570, -0.641063
0.350791, 0.649569, -0.589280
0.350430, 0.609582, -0.585367
-0.137315, 0.781537, 0.045166
-0.268474, 0.918861, 0.023088
-0.251793, 0.960101, 0.127423
-0.265158, 0.959782, 0.126776
-0.202328, 0.933563, 0.131517
-0.261600, 0.912560, 0.022961
-0.221530, 0.961553, 0.129798
-0.119927, 0.888135, 0.059908
1.836137, -0.838620, -1.012035
1.865653, -0.908876, -1.017821
1.780391, -0.827707, -1.001332
1.871394, -0.747727, -0.959916
1.946930, -0.891171, -1.032252
1.996456, -0.841259, -0.997857
2.125044, -0.759775, -1.003415
2.119179, -0.790378, -0.977203
-0.833590, 0.293257, -0.310860
-0.899720, 0.323843, -0.238950
-0.805973, 0.296349, -0.339216
-0.851296, 0.316346, -0.301825
-0.947306, 0.345132, -0.065918
-0.029034, 0.321806, -0.670026
-0.866609, 0.392939, 0.019534
-0.021033, 0.371201, -0.707272
0.782190, -0.285577, -0.680258
0.895195, -0.262143, -0.842922
0.832087, -0.204947, -0.711729
0.871194, -0.180994, -0.990752
0.434351, -0.291278, -0.420463
0.344690, -0.277139, -0.397006
0.527050, -0.247076, -0.449726
0.270764, -0.269950, -0.384358
0.399639, 0.168538, -0.708658
0.018741, 0.163467, -0.613378
0.172278, 0.250596, -0.588928
-0.084435, 0.252102, -0.631351
-0.064491, 0.177348, -0.569586
0.084012, 0.287543, -0.826151
0.328237, 0.248811, -0.634700
-0.091601, 0.284084, -0.723505
-0.888291, 0.889808, -0.031908
-0.022665, 0.943481, -0.649247
-0.304068, 0.978619, -0.334580
-0.862029, 0.972413, -0.229370
0.106712, 0.955638, -0.596514
0.094303, 0.956629, -0.741901
-0.662853, 0.992647, -0.529185
-0.675379, 1.007582, -0.601092
-0.058175, 0.207359, -0.885153
0.066274, 0.057164, -0.560114
-0.113075, 0.257385, -0.868184
-0.139589, 0.311887, -0.891206
-0.334507, 0.195077, -0.881720
-0.127646, 0.193722, -0.860676
-0.229661, 0.257438, -0.857983
-0.120644, 0.227236, -0.860840
0.402633, -0.060370, -0.477948
0.842059, -0.037933, -0.904326
0.762074, -0.018629, -0.708568
0.337183, 0.024588, -0.430123
-0.543908, -0.141614, 0.122523
-0.710771, -0.144432, -1.011417
-0.972268, -0.194555, -0.990597
-0.711560, 0.014707, 0.098234
1.473069, 0.976910, -0.177725
0.870841, 0.988794, -0.060893
2.160293, 0.995179, -0.473936
2.016617, 0.997291, -0.457222
0.000335, 0.894832, 0.037665
0.191778, 0.959932, 0.110065
1.333585, 1.000462, -0.243320
2.013610, 1.006984, -0.462673
-0.681033, -0.017207, -0.814228
-0.440637, 0.072924, -0.866873
-0.660857, 0.034911, -0.817049
-0.747542, 0.056260, -0.811817
-0.664165, -0.050203, -0.859738
-0.709986, -0.012415, -0.818665
-0.803179, -0.052211, -0.762248
-0.017264, 0.059532, -0.927710
-0.300727, 0.529812, -0.902393
-0.237052, 0.554256, -0.918611
-0.417375, 0.598111, -0.836509
-0.443304, 0.617887, -0.859063
0.228295, 0.499636, -0.823187
0.183184, 0.548414, -0.932018
0.034750, 0.584036, -0.957633
-0.080606, 0.605918, -0.954236
0.186625, 0.628008, -0.852184
0.065037, 0.650849, -0.903414
0.143730, 0.703936, -0.848427
0.203098, 0.691372, -0.826713
-0.066209, 0.636220, -0.922717
0.027834, 0.655335, -0.926506
0.172312, 0.717864, -0.889020
0.265738, 0.684377, -0.746920
0.027397, 0.858069, 0.203391
-0.277356, 0.904007, 0.029548
1.803375, 0.933967, -0.086940
-0.345502, 0.960702, 0.087365
-0.222266, 0.795120, 0.001441
-0.352508, 0.947010, 0.103057
-0.227198, 0.949271, 0.066088
-0.063689, 0.887770, 0.131540
1.342477, -0.831742, -0.998943
1.302604, -0.832972, -0.972340
1.529894, -0.736538, -0.993147
1.479608, -0.796084, -0.962421
1.537381, -0.865405, -1.023998
1.507881, -0.908528, -1.029047
1.731550, -0.717290, -0.993005
1.614154, -0.753565, -0.971858
1.327143, 0.353460, -0.168037
1.152987, 0.323275, -0.115980
1.425132, 0.384357, -0.193871
1.146665, 0.370645, -0.116944
1.402967, 0.335710, -0.166917
1.250635, 0.310119, -0.113999
1.393014, 0.405923, -0.167335
1.210710, 0.436783, -0.120690
-0.340793, -0.682961, -0.507313
-0.554694, -0.627065, -0.732024
0.719782, -0.633700, -0.876413
-0.700754, -0.615680, -0.691701
-0.926647, -0.766405, 0.085269
0.594231, -0.727467, -0.960481
-0.728694, -0.893726, -0.996106
0.656163, -0.675970, -0.760116
-0.561958, 0.180420, -0.266125
-0.493914, 0.161948, -0.314986
-0.552270, 0.279608, -0.281476
-0.309109, 0.262324, -0.250192
-0.629409, 0.175167, -0.326721
-0.386269, 0.145623, -0.272735
-0.641981, 0.238451, -0.298953
-0.397884, 0.219500, -0.290984
2.903522, -0.770873, -0.558228
2.854187, -0.818676, -0.488660
2.885060, -0.693946, -0.451045
2.862179, -0.745030, -0.479083
2.951910, -0.792573, -0.457677
2.896859, -0.775059, -0.386854
2.929588, -0.720494, -0.451696
2.814191, -0.699820, -0.393394
0.541459, 0.067288, -0.461036
0.924910, 0.055308, -0.872210
0.790923, 0.122114, -0.633700
0.925436, 0.145341, -0.907963
0.242058, 0.038227, -0.326580
0.124984, 0.047187, -0.301784
0.270099, 0.143355, -0.319327
0.221287, 0.123969, -0.311726
-0.917708, 0.130295, -0.222694
-0.930828, 0.202286, -0.071453
-0.920901, 0.283097, -0.142624
-0.940482, 0.276735, -0.113709
-0.904696, 0.221560, -0.028123
0.234714, 0.248297, -0.838555
-0.887576, 0.274535, -0.011071
-0.872796, 0.323312, -0.792063
0.637747, -0.416717, -0.588293
0.836200, -0.396675, -0.774881
0.563027, -0.332304, -0.521576
0.868716, -0.314965, -0.965329
0.344290, -0.389544, -0.417972
0.395366, -0.428926, -0.410254
0.516429, -0.346622, -0.455208
0.306325, -0.370306, -0.430214
0.461600, 0.048907, -0.772720
0.447556, 0.075025, -0.759661
-0.076107, 0.090094, -0.648124
0.350678, 0.095769, -0.672080
-0.029174, 0.038737, -0.581843
0.021295, 0.069209, -0.556684
0.041098, 0.090951, -0.560179
0.060536, 0.081741, -0.555545
-0.498550, -0.249644, -0.855861
-0.488436, -0.262073, -0.872385
-0.438294, -0.122773, -0.834492
-0.533934, -0.123439, -0.858045
-0.240013, -0.298899, -0.928768
-0.174024, -0.285499, -0.934022
-0.687955, -0.178572, -0.805098
-0.667174, -0.211583, -0.833394
2.961692, -0.841155, -0.195557
2.781592, -0.815585, -0.185970
3.020976, -0.734348, -0.209428
2.775709, -0.787344, -0.182852
2.857039, -0.832588, -0.177448
2.370852, -0.861077, -0.162341
2.263273, -0.749082, -0.149364
2.148433, -0.796251, -0.156433
1.379806, 0.095624, -0.725555
1.343169, 0.114600, -0.669490
1.450707, 0.179765, -0.730933
1.425949, 0.190420, -0.689195
1.678619, 0.098829, -0.735647
1.565153, 0.085942, -0.704512
1.638841, 0.160725, -0.751402
1.521852, 0.179124, -0.711804
-0.334813, 0.706067, -0.863418
-0.091200, 0.704625, -0.935961
-0.254720, 0.742269, -0.894092
-0.326928, 0.753195, -0.844151
-0.435552, 0.649465, -0.889960
-0.437810, 0.658800, -0.841020
-0.565723, 0.737624, -0.837159
-0.319220, 0.700711, -0.910547
2.026560, 0.942821, -0.396444
1.792558, 0.964732, -0.327639
1.902989, 0.965343, -0.337099
2.319962, 0.977583, -0.483675
1.511329, 0.959818, -0.190316
1.631045, 0.977576, -0.248335
2.119689, 0.987537, -0.448050
2.122031, 0.984417, -0.471761
-0.106452, 0.837115, -0.667659
0.216976, 0.812561, -0.649302
0.069908, 0.900710, -0.627434
0.059561, 0.868088, -0.618309
-0.120151, 0.851074, -0.658428
-0.159191, 0.860771, -0.613162
0.087871, 0.910606, -0.767318
-0.150727, 0.885337, -0.574315
0.092295, -0.002335, -0.822334
0.209275, 0.087724, -0.837042
0.134489, 0.096885, -0.821448
0.043920, 0.142770, -0.879574
-0.288282, 0.044856, -0.890622
0.163457, 0.067095, -0.888701
-0.257091, 0.138523, -0.894082
-0.152804, 0.115731, -0.909988
-0.948501, -0.068048, -0.231509
-0.951449, -0.055203, -0.245923
-0.939557, 0.016152, -0.188336
-0.913210, -0.019838, -0.337780
-0.931271, 0.003265, -0.008773
-0.833712, 0.108445, 0.024220
0.207839, 0.207908, -0.894386
-0.940374, 0.144294, -0.664629
-0.139450, 0.673880, -0.637663
-0.090307, 0.683711, -0.673475
-0.132677, 0.774539, -0.636276
-0.069694, 0.785164, -0.647487
0.066710, 0.685828, -0.544854
-0.045671, 0.678188, -0.541298
-0.068541, 0.708305, -0.543213
-0.188867, 0.751691, -0.610530
3.029128, -0.633699, -0.554271
2.942314, -0.637088, -0.544128
3.004481, -0.541015, -0.521465
2.955132, -0.599374, -0.468071
3.021860, -0.665291, -0.422394
2.972162, -0.651549, -0.420079
3.034043, -0.555773, -0.507450
2.956268, -0.569085, -0.427643
0.951676, 0.192110, -0.838886
0.934782, 0.165763, -0.813282
0.944128, 0.238226, -0.911903
0.941229, 0.243158, -0.919593
0.703070, 0.206608, -0.532135
0.457543, 0.174184, -0.391160
0.660144, 0.240058, -0.458551
0.419793, 0.259111, -0.374100
-0.098659, -0.235280, -0.690748
0.159587, -0.168754, -0.807343
0.001708, -0.187451, -0.620713
0.078333, -0.111298, -0.792322
0.134157, -0.144136, -0.876481
0.003855, -0.125882, -0.905543
0.213262, -0.044804, -0.794571
0.182791, 0.030500, -0.896603
-0.444043, -0.374772, -0.850337
0.056331, -0.384864, -0.893628
-0.450328, -0.333463, -0.869752
0.135708, -0.273029, -0.878595
-0.412668, -0.436179, -0.906053
-0.473068, -0.449603, -0.863777
-0.541486, -0.309985, -0.854768
-0.501672, -0.306666, -0.864854
-0.475939, -0.010999, -0.197238
-0.557840, -0.004870, -0.303897
-0.581005, 0.089816, -0.240832
-0.600368, 0.065279, -0.299008
-0.702475, 0.024603, -0.350506
-0.517209, 0.036145, -0.334544
-0.616990, 0.081409, -0.320430
-0.521590, 0.127352, -0.342167
-0.574893, -0.107247, -0.313302
-0.517863, -0.162698, -0.290521
-0.521323, -0.085573, -0.222385
-0.455450, -0.040399, -0.296683
-0.397923, -0.162912, -0.286639
-0.417187, -0.167922, -0.310920
-0.754177, -0.045197, -0.365511
-0.307691, -0.110908, -0.254909
1.846698, 0.868110, -0.363766
1.808136, 0.918661, -0.355925
2.383183, 0.946517, -0.551546
2.298620, 0.935231, -0.561317
1.820497, 0.911167, -0.328326
1.857190, 0.941321, -0.346572
2.231176, 0.954520, -0.463501
2.340998, 0.953915, -0.504566
0.844683, -0.440155, -0.963117
0.817900, -0.493931, -0.949309
0.503515, -0.448998, -0.504956
0.837715, -0.381008, -0.984088
0.350091, -0.546810, -0.441325
0.239608, -0.497103, -0.430012
0.482242, -0.480305, -0.453780
0.252096, -0.477091, -0.403695
-0.045589, -0.083832, -0.685816
0.202949, -0.081320, -0.614552
0.359400, -0.015955, -0.681089
0.005534, -0.027240, -0.607865
0.157726, -0.119508, -0.606018
0.105960, 0.015672, -0.790875
-0.097960, -0.004729, -0.674937
-0.084601, 0.011128, -0.703991
-0.663433, 0.049660, -0.117556
-0.544813, 0.029836, -0.095439
-0.854333, 0.193769, -0.122625
-0.852773, 0.170210, -0.154129
0.219084, 0.215789, -0.691864
-0.688743, 0.146704, 0.003018
0.248275, 0.247740, -0.686347
-0.717829, 0.340563, 0.040487
-0.530754, -0.040485, -0.570122
-0.258743, -0.088603, -0.460145
-0.136792, -0.044066, -0.406416
-0.714335, 0.063371, -0.688552
-0.748791, -0.315359, 0.101000
0.838174, -0.148932, -0.960776
0.849134, -0.082361, -0.957211
0.850343, -0.122071, -0.939090
1.963094, 0.869112, -0.488834
1.857762, 0.874807, -0.455587
1.967489, 0.888647, -0.527504
2.189594, 0.920686, -0.611326
1.946482, 0.854838, -0.452651
1.768071, 0.915438, -0.379367
2.079857, 0.890160, -0.528507
1.961554, 0.906192, -0.496878
2.287365, -0.905330, -0.997374
2.174902, -0.877176, -0.982422
2.209154, -0.832342, -0.973309
2.167311, -0.826277, -0.962543
2.350981, -0.856044, -0.968525
2.413378, -0.912514, -0.978155
2.513609, -0.823768, -0.959591
2.369952, -0.798543, -0.936655
0.477093, -0.191424, -0.466292
0.897709, -0.118786, -0.966679
0.729841, -0.106587, -0.614718
0.332660, -0.122800, -0.398408
0.258245, -0.198603, -0.361832
0.147824, -0.170297, -0.352568
0.355654, -0.168630, -0.409833
0.209542, -0.163706, -0.371775
-0.952185, -0.248241, -0.329856
-0.814125, -0.279245, -0.384969
-0.728521, -0.211528, -0.364568
-0.964523, -0.133362, -0.204656
-0.973501, -0.160417, -0.188090
-0.968747, -0.012928, -0.570337
-0.954325, -0.099004, -0.090572
0.177286, -0.008455, -0.668557
0.807689, -0.579065, -0.967084
0.813645, -0.623918, -0.920581
0.568266, -0.560558, -0.564184
0.744784, -0.580787, -0.728137
0.424765, -0.630387, -0.475847
0.303437, -0.632623, -0.442442
0.531201, -0.587303, -0.491035
0.229351, -0.557738, -0.414443
0.308102, -0.265887, -0.682775
0.041711, -0.221028, -0.633633
0.099509, -0.169565, -0.641795
0.170801, -0.129376, -0.614754
0.211685, -0.277587, -0.633824
0.040611, -0.256800, -0.625624
0.362211, -0.165781, -0.677008
0.174682, -0.197525, -0.610755
-0.093081, -0.397110, -0.655495
0.063380, -0.350767, -0.803627
0.152452, -0.228964, -0.836635
0.112847, -0.284555, -0.792989
-0.244335, -0.356389, -0.891845
0.152682, -0.308946, -0.838346
0.142524, -0.265063, -0.840459
-0.159598, -0.177353, -0.914863
0.596665, 0.011301, 0.138559
0.324614, -0.040221, 0.162873
0.879800, 0.043996, 0.091483
0.597520, 0.042158, 0.132702
-0.351219, -0.034540, 0.012703
0.173990, 0.000233, 0.159990
-0.221248, 0.029157, 0.059757
0.033034, 0.009693, 0.127831
-0.446257, 0.083200, -0.780765
-0.432017, 0.139274, -0.827269
-0.488685, 0.165089, -0.793238
-0.063524, 0.196210, -0.801690
-0.674360, 0.107639, -0.748224
-0.555104, 0.034512, -0.709855
-0.653968, 0.194521, -0.763959
-0.711398, 0.169809, -0.763719
1.609275, 0.858052, -0.452010
1.589524, 0.893090, -0.418736
1.981329, 0.895297, -0.652740
2.081323, 0.934949, -0.729755
1.738013, 0.846672, -0.446884
1.618942, 0.901874, -0.428473
2.089585, 0.909847, -0.684608
1.862333, 0.896380, -0.513313
-0.410747, -0.334819, -0.284618
-0.185408, -0.334472, -0.184809
-0.485027, -0.239777, -0.222153
-0.233163, -0.211164, -0.209097
-0.537217, -0.248484, -0.340164
-0.664851, -0.243465, -0.360920
-0.421449, -0.252389, -0.305074
-0.428755, -0.245284, -0.317093
-0.353564, -0.512977, -0.864395
-0.404758, -0.589977, -0.850683
-0.476187, -0.506938, -0.852613
-0.351140, -0.495370, -0.876306
-0.597796, -0.707694, -0.777288
-0.289005, -0.674185, -0.910361
-0.556219, -0.572527, -0.826411
-0.418123, -0.559150, -0.886241
-0.408920, 0.207771, -0.983898
-0.029558, 0.255281, -1.027122
0.225090, 0.340558, -1.007221
-0.059322, 0.320005, -1.017147
0.466357, 0.137511, -0.675079
-0.033444, 0.166621, -0.523157
0.577973, 0.264547, -0.907889
0.004152, 0.239185, -0.507290
2.149288, 0.875063, -0.442827
2.053187, 0.866898, -0.431619
2.226728, 0.894685, -0.486374
2.454666, 0.951837, -0.552911
2.036653, 0.868758, -0.375041
1.887097, 0.895218, -0.351643
2.303788, 0.930562, -0.450462
2.425234, 0.965625, -0.465379
-0.299964, -0.704837, -0.881085
-0.477109, -0.706570, -0.806484
-0.465602, -0.682746, -0.780966
-0.474280, -0.687527, -0.791637
-0.029815, -0.876151, -0.883843
-0.470010, -0.735307, -0.827372
-0.313649, -0.809977, -0.910286
-0.409514, -0.776934, -0.871871
0.604281, -0.766767, -0.650776
0.707229, -0.756003, -0.735063
0.823759, -0.696865, -0.875646
0.803967, -0.689410, -0.969417
0.508305, -0.764505, -0.582510
0.460050, -0.751707, -0.560798
0.487357, -0.712997, -0.536095
0.423809, -0.715189, -0.492586
0.301650, -0.371083, -0.736390
0.015251, -0.418371, -0.714321
0.289007, -0.345784, -0.719311
0.257303, -0.348949, -0.688024
0.372673, -0.462928, -0.791108
-0.060335, -0.353299, -0.658509
0.452499, -0.264341, -0.800837
-0.029175, -0.350379, -0.656114
-0.310796, 0.951775, 0.075381
0.228403, 0.922511, -0.963178
0.959738, 0.981092, 0.092024
-0.118248, 0.907822, 0.023204
-0.077276, 0.960792, -0.975131
0.394513, 0.948328, -0.943981
-0.355042, 0.987410, -0.008851
0.289891, 0.965163, -0.849946
0.943562, -0.914360, -0.805437
0.716022, -0.874890, -0.665471
0.892503, -0.783596, -0.692777
0.738762, -0.825962, -0.636862
1.095353, -0.865973, -0.845873
0.844344, -0.867358, -0.687563
1.082059, -0.826581, -0.797896
0.967416, -0.849158, -0.738172
-0.164254, -0.596337, -0.835239
-0.169692, -0.580219, -0.841761
-0.144500, -0.481723, -0.697175
0.059722, -0.407106, -0.825604
-0.140909, -0.502225, -0.867358
-0.091254, -0.562472, -0.916031
-0.011302, -0.458216, -0.886308
0.115025, -0.433497, -0.851056
1.945327, -1.002196, -0.727565
1.758181, -1.015473, -0.681163
0.739955, -1.004837, -0.250088
0.511377, -0.987724, -0.070899
2.175212, -1.013329, -0.801567
0.742957, -1.013182, -0.294244
0.899762, -0.999256, -0.269740
0.246018, -0.987240, -0.002678
-0.489394, -0.805621, -0.195067
-0.419198, -0.768008, -0.253209
-0.462893, -0.684244, -0.228626
-0.343804, -0.661016, -0.248092
-0.516687, -0.743695, -0.238875
-0.226407, -0.795273, -0.254606
-0.528654, -0.676128, -0.285372
-0.332166, -0.670327, -0.252694
-0.413941, -0.595607, -0.248528
-0.303654, -0.637221, -0.243344
-0.495621, -0.573471, -0.241652
-0.292620, -0.537559, -0.256984
-0.508309, -0.646110, -0.282341
-0.424738, -0.571148, -0.286192
-0.453659, -0.491217, -0.298273
-0.512644, -0.484137, -0.315039
-0.087360, -0.786177, 0.048340
-0.262059, -0.803148, -0.133001
-0.186292, -0.740901, -0.021067
-0.321089, -0.672653, -0.157670
-0.262807, -0.836443, -0.121259
-0.277573, -0.808204, -0.141286
-0.189602, -0.730505, -0.006904
-0.336419, -0.726835, -0.154135
1.718110, -0.139307, -0.524429
1.832057, -0.143588, -0.518071
1.822959, -0.077179, -0.536517
1.710151, -0.078045, -0.498299
1.980559, -0.116618, -0.548883
1.895538, -0.124071, -0.514019
1.990313, -0.092680, -0.545345
2.003059, -0.102603, -0.519807
2.048719, -0.981512, -0.844268
1.982924, -0.995015, -0.854377
0.956518, -0.989296, -0.320942
0.362211, -0.998064, -0.162004
2.143475, -0.986827, -0.814768
1.247758, -1.011954, -0.520575
0.765454, -0.984532, -0.162101
1.036357, -1.003735, -0.415033
2.134512, -1.021350, -0.761040
1.870804, -1.026470, -0.720231
0.595650, -0.983463, -0.034714
-0.144022, -0.957056, -0.016977
1.100351, -1.015489, -0.394664
0.865660, -1.023529, -0.377475
0.062568, -0.997186, -0.026158
-0.103205, -0.977283, 0.007349
0.764457, 0.352269, -0.869988
0.683665, 0.280204, -0.741498
0.399356, 0.317424, -0.453957
-0.790042, 0.268430, -1.008547
0.678003, 0.321164, -0.745852
0.667576, 0.289861, -0.744969
-0.734117, 0.300432, -1.014820
-0.711632, 0.390903, -1.016881
1.811150, -0.994478, -0.889454
0.436042, -1.014876, -0.307226
0.225919, -0.989852, -0.105802
0.108991, -0.980193, -0.050599
1.843413, -0.989776, -0.790457
1.528060, -1.012007, -0.675856
0.715779, -1.002622, -0.287140
0.361096, -0.992296, -0.136887
-0.449956, -0.435756, -0.285580
-0.336211, -0.481165, -0.265723
-0.490278, -0.366899, -0.228660
-0.205394, -0.425573, -0.192116
-0.380634, -0.420007, -0.289973
-0.600071, -0.465153, -0.342346
-0.499383, -0.399426, -0.331291
-0.288343, -0.413314, -0.266217
0.494289, -0.843092, 0.003802
-0.017606, -0.834969, 0.040960
0.290915, -0.740452, 0.066592
0.044647, -0.734435, 0.047320
0.238047, -0.853957, 0.063905
-0.030812, -0.827009, 0.055147
-0.132500, -0.710123, 0.013166
-0.191324, -0.729817, -0.048441
0.798789, -1.020740, -0.289658
-0.151311, -0.995951, -0.116209
-0.335479, -0.956386, -0.235469
-0.176177, -0.992252, -0.148475
0.557922, -1.028820, -0.271528
0.247420, -1.032465, -0.240795
-0.372153, -0.979840, -0.334765
-0.150637, -0.956411, -0.219159
0.100313, -0.552146, -0.703834
-0.065177, -0.550113, -0.688890
-0.019609, -0.497245, -0.747989
0.026322, -0.479781, -0.697952
-0.014770, -0.543787, -0.680399
-0.104374, -0.549118, -0.670327
0.109885, -0.500910, -0.676835
-0.060942, -0.492199, -0.670322
2.961677, 0.562608, -0.917716
2.950400, 0.505836, -0.853915
2.926480, 0.612449, -0.920972
2.915573, 0.592901, -0.849267
3.062013, 0.523328, -0.852743
3.032616, 0.550061, -0.852129
3.081340, 0.626478, -0.922212
3.095298, 0.590798, -0.807898
-0.442097, -0.462585, 0.088024
-0.971796, -0.170970, 0.048658
-0.500286, -0.368193, 0.056955
-0.612622, -0.282189, 0.018729
-0.303204, -0.391109, 0.142338
-0.452135, -0.426177, 0.066008
-0.411134, -0.350393, 0.064885
-0.771107, -0.263462, 0.015664
-0.255550, 0.665265, 0.079067
-0.261523, 0.721797, 0.141001
-0.115198, 0.587670, 0.112989
-0.417841, 0.776724, -0.932602
-0.304167, 0.579031, 0.016657
-0.271161, 0.672721, 0.076561
0.007590, 0.624260, 0.185199
-0.232200, 0.705160, 0.089307
1.949517, -0.902063, -0.462174
1.806887, -0.924778, -0.408562
1.782459, -0.866266, -0.334250
1.606362, -0.886014, -0.307927
1.712211, -0.891664, -0.303508
1.687489, -0.924183, -0.354846
1.688529, -0.884744, -0.308578
1.477886, -0.889702, -0.240502
0.442345, 0.083921, -0.445229
-0.899553, 0.263918, -0.522896
-0.949750, 0.343195, -0.418797
-0.959388, 0.365697, -0.439678
-0.920251, 0.258745, -0.467889
-0.875604, 0.235428, -0.478280
-0.948916, 0.369431, -0.394789
-0.903668, 0.317725, -0.423755
0.975002, -1.011046, -0.629875
1.074440, -1.015867, -0.700854
0.024751, -0.991050, -0.173379
0.201260, -1.011792, -0.300548
1.171006, -1.016589, -0.693342
1.480285, -1.013593, -0.773418
0.326431, -0.992830, -0.209154
0.288989, -1.005052, -0.256127
0.036360, -0.673350, 0.060725
-0.174327, -0.678445, -0.040461
0.228053, -0.641418, 0.090643
-0.058402, -0.548041, 0.046104
0.185574, -0.660124, 0.086696
-0.092375, -0.684526, 0.022383
0.137313, -0.618575, 0.090184
-0.146044, -0.578302, 0.007908
0.410942, -0.827337, -0.002363
0.076490, -0.791610, 0.028272
0.300838, -0.734286, 0.034320
0.091847, -0.710021, 0.041536
0.520377, -0.861791, -0.008532
0.158602, -0.854478, 0.030883
0.451285, -0.799819, 0.017196
0.007679, -0.730669, 0.027806
0.728277, 0.427829, -0.806754
-0.858284, 0.457779, -1.018727
-0.872802, 0.490188, -1.020672
0.741083, 0.522673, -0.823110
-0.859284, 0.419700, -1.012307
-0.700215, 0.455774, -1.019761
-0.377887, 0.605891, -1.037761
-0.895031, 0.606977, -1.008771
0.256668, -0.941764, -0.067775
0.164609, -0.961877, -0.052411
0.261384, -0.926070, -0.052011
-0.055627, -0.870344, -0.010987
0.501615, -0.974754, -0.108125
0.022487, -0.932702, 0.002127
0.365222, -0.920158, -0.055633
0.103103, -0.921966, -0.001743
1.474951, -0.041981, -0.038230
1.017522, -0.036986, 0.059195
1.064917, 0.043659, 0.052851
1.436120, 0.054946, -0.029583
-0.078589, -0.040394, 0.123352
-0.310040, -0.044345, 0.039685
-0.251673, 0.052156, 0.061759
-0.277505, 0.019543, 0.051676
-0.610457, 0.096833, -0.747704
-0.652149, 0.104123, -0.785897
-0.681690, 0.165162, -0.753179
-0.484737, 0.174402, -0.774667
-0.471474, -0.028917, -0.551488
-0.531461, 0.027853, -0.721799
-0.473041, 0.076488, -0.594682
-0.550374, 0.088135, -0.629444
1.906468, 0.822286, -0.555612
1.887913, 0.852113, -0.554932
2.149566, 0.894336, -0.707485
2.041802, 0.880735, -0.645351
2.083494, 0.851344, -0.594208
1.944698, 0.815641, -0.497753
2.276509, 0.923119, -0.759247
2.247228, 0.907300, -0.712512
-0.941386, -0.780989, -0.670418
0.073529, -0.814275, -0.859959
-0.105820, -0.627000, -0.736115
-0.132261, -0.691599, -0.732743
0.033465, -0.758625, -0.719807
-0.150081, -0.705092, -0.714933
0.037457, -0.642505, -0.698849
-0.139585, -0.676228, -0.686269
0.204974, -0.700719, 0.049376
-0.068410, -0.688272, -0.002132
0.307597, -0.597803, 0.065860
-0.000169, -0.609459, 0.024250
0.363245, -0.694389, 0.047324
0.003754, -0.664351, 0.032940
0.376076, -0.641141, 0.055459
-0.072519, -0.572662, 0.016148
2.935305, 0.670899, -0.927695
3.004309, 0.692961, -0.852626
2.920262, 0.763326, -0.937043
2.922522, 0.729175, -0.900744
3.082521, 0.714609, -0.898415
3.095568, 0.663331, -0.812915
3.071693, 0.721910, -0.920207
3.042513, 0.787402, -0.884069
-0.503194, -0.304401, 0.031904
-0.622565, -0.136189, 0.059372
-0.584913, -0.190891, 0.014952
-0.964859, 0.050002, -0.629678
-0.477584, -0.279990, 0.020819
-0.593383, -0.154327, 0.073083
-0.397078, -0.186563, 0.064829
-0.653691, -0.140469, 0.035208
1.493050, -0.578022, -0.437293
1.297736, -0.618238, -0.390532
1.511204, -0.523098, -0.444547
1.356290, -0.532644, -0.377706
1.817235, -0.555740, -0.491302
1.708509, -0.582251, -0.465852
1.752734, -0.511560, -0.462189
1.533728, -0.508828, -0.416251
0.394238, 0.745860, 0.187487
-0.272793, 0.826800, 0.085194
-0.261792, 0.745534, 0.001344
-0.193174, 0.859452, 0.089649
-0.058230, 0.684306, 0.135553
-0.237292, 0.811018, 0.078973
-0.291546, 0.768764, 0.005568
-0.405588, 0.920282, 0.099382
1.652628, -0.806258, -0.300071
1.419424, -0.820157, -0.214055
1.658140, -0.695038, -0.255331
1.385108, -0.781152, -0.184032
1.552605, -0.790032, -0.224441
1.353844, -0.801816, -0.174064
1.527696, -0.756322, -0.186106
1.370463, -0.741307, -0.159451
0.505021, 0.180653, -0.466999
0.403579, 0.240133, -0.410615
-0.246577, 0.370325, -0.370749
-0.528210, 0.390832, -0.509676
-0.909061, 0.416039, -0.435875
-0.979675, 0.462130, -0.353269
-0.921000, 0.541437, -0.492112
-0.934385, 0.541860, -0.413462
0.023933, -0.961157, -0.076103
-0.035862, -0.957689, -0.067905
0.036649, -0.942727, -0.079528
0.049452, -0.923785, -0.064041
0.174068, -0.943009, -0.084931
0.181145, -0.931175, -0.055647
0.297669, -0.875539, -0.073784
-0.001394, -0.891010, -0.023536
-0.999186, -0.862575, -0.333920
-0.089625, -1.004346, -0.486821
-0.862234, -0.949098, -0.119651
-0.625924, -0.857203, -0.850789
-1.001265, -0.885711, -0.321119
-0.653435, -0.963685, -0.470661
-0.696345, -0.917741, -0.834990
-0.130702, -0.819965, -0.740776
-0.824780, 0.047433, -0.144058
-0.833695, 0.050663, -0.154683
-0.642290, 0.124832, -0.097947
-0.388109, 0.052958, 0.013907
0.018718, 0.213957, -0.968152
0.245000, 0.211527, -0.690976
-0.833081, 0.355644, 0.061510
-0.637368, 0.255608, 0.010724
0.113704, -0.727216, -0.695827
-0.236428, -0.844099, -0.760565
-0.193509, -0.685822, -0.814001
-0.190748, -0.665536, -0.760082
-0.024361, -0.905472, -0.835881
-0.151410, -0.788187, -0.870485
-0.231588, -0.753789, -0.799904
-0.190728, -0.734906, -0.844421
-0.866797, 0.695754, -1.031968
0.550171, 0.630853, -1.023670
-0.883224, 0.727013, -1.026671
0.357966, 0.731570, -1.041183
-0.857717, 0.693671, -1.032209
-0.892057, 0.632669, -1.011364
-0.550386, 0.785132, -1.031243
-0.873658, 0.770522, -1.029941
0.145983, -0.862544, -0.003367
0.069941, -0.827115, -0.006300
0.358720, -0.737101, -0.005207
-0.118947, -0.777655, -0.035702
0.307965, -0.858721, -0.016468
0.026720, -0.815158, 0.017705
0.603327, -0.783504, -0.045608
-0.100458, -0.782504, -0.020302
-0.906404, -0.857554, -0.548902
-0.865387, -0.851793, -0.566097
0.649639, -0.768058, -0.750895
-0.037807, -0.826348, -0.506526
-0.918768, -0.866868, -0.503842
-0.944924, -0.877657, -0.505940
-0.926302, -0.756533, -0.488406
-0.882746, -0.781550, -0.392375
2.667839, 0.471941, -0.962138
2.697672, 0.485589, -0.904826
2.649563, 0.544788, -0.968468
2.746468, 0.584308, -0.917246
2.855295, 0.521709, -0.898367
2.877929, 0.521320, -0.851102
2.817196, 0.558591, -0.916519
2.787334, 0.604910, -0.899273
-0.310368, -0.420180, 0.135379
-0.518462, -0.426131, 0.043644
1.490523, -0.422505, 0.004636
-0.633075, -0.184456, 0.066471
-0.485216, -0.452592, 0.057454
-0.778797, -0.298932, 0.007927
0.180195, -0.388562, 0.197803
-0.786453, -0.239580, 0.003144
2.181989, 0.023699, -0.308089
1.957150, -0.033459, -0.253571
2.226485, 0.092525, -0.302871
2.061018, 0.045436, -0.278369
1.991908, 0.018410, -0.228524
1.895309, 0.036497, -0.213686
2.053679, 0.056594, -0.236370
2.019450, 0.101937, -0.253256
-0.726677, -0.135287, -0.203887
-0.732272, -0.150606, -0.224541
-0.848122, -0.035285, -0.283518
-0.714120, -0.056255, -0.207746
-0.895699, 0.006256, -0.060984
-0.777260, 0.066456, 0.039031
-0.721460, 0.157370, 0.054014
-0.695242, 0.134423, 0.029512
1.085251, 0.887544, -0.349521
0.976239, 0.901073, -0.321372
1.170633, 0.920282, -0.433237
1.096673, 0.916315, -0.364824
1.134238, 0.862202, -0.350289
1.100843, 0.859176, -0.315016
1.447943, 0.924928, -0.572870
1.649303, 0.951293, -0.751538
0.370635, -0.403181, 0.074805
0.272424, -0.415537, 0.077068
0.182687, -0.266993, 0.092068
0.326481, -0.334142, 0.068992
0.085267, -0.371245, 0.087594
-0.136319, -0.329274, -0.027827
0.008109, -0.243073, 0.080474
-0.109817, -0.278373, -0.018997
0.767519, 0.630211, -0.858812
0.805384, 0.688160, -0.688156
0.775422, 0.710165, -0.768896
0.781187, 0.688072, -0.879409
-0.284441, 0.873897, -1.033754
-0.892128, 0.837997, -1.020721
-0.780225, 0.864278, -1.004372
-0.895793, 0.888098, -0.991892
0.295487, -0.671938, 0.008680
0.153691, -0.668090, 0.021075
0.486175, -0.628335, -0.015581
0.059062, -0.617380, 0.020429
0.574451, -0.718540, -0.024362
0.197626, -0.696809, 0.038906
0.359030, -0.616609, 0.030955
-0.053849, -0.606323, 0.000846
1.494504, -0.423029, -0.431057
1.434551, -0.430724, -0.407719
1.554693, -0.385869, -0.453117
1.475289, -0.423516, -0.394238
1.856927, -0.424930, -0.490170
1.587828, -0.479480, -0.430010
1.791780, -0.351354, -0.462995
1.574911, -0.366400, -0.402308
1.594188, -0.644415, -0.227570
1.454396, -0.676903, -0.185731
1.556967, -0.571853, -0.191709
1.363197, -0.582972, -0.153878
1.510940, -0.641191, -0.152257
1.165183, -0.658893, -0.062807
1.481007, -0.577174, -0.143201
1.324071, -0.634861, -0.099473
-0.564722, 0.487144, -0.512178
0.387600, 0.358402, -0.391851
0.122082, 0.403414, -0.307937
0.557537, 0.440056, -0.465416
-0.887995, 0.554067, -0.514607
-0.935056, 0.604217, -0.539340
-0.863282, 0.633645, -0.471827
-0.908346, 0.674715, -0.442957
0.262398, -0.839168, -0.072098
0.021884, -0.865908, -0.049658
0.300412, -0.803501, -0.072917
0.098923, -0.747722, -0.021780
0.290197, -0.853793, -0.072619
0.042700, -0.865851, -0.035372
0.285093, -0.741437, -0.028769
0.166227, -0.788018, -0.029055
0.979841, -0.077798, -0.207848
0.874600, -0.056242, -0.165324
1.020861, 0.058415, -0.198748
0.934610, 0.074146, -0.171266
1.064260, -0.009083, -0.193613
0.928516, -0.086518, -0.139637
1.204495, 0.003133, -0.227286
1.156617, 0.080622, -0.201861
-0.655017, -0.967838, -0.372399
-0.613774, -0.985112, -0.235511
-0.927521, -0.776201, -0.031394
-0.980040, -0.831338, -0.126933
-0.811478, -0.966423, -0.349232
0.081931, -0.890809, -0.801512
0.015042, -0.809436, -0.765830
0.037434, -0.793869, -0.746992
0.212082, -0.167252, 0.096402
0.066881, -0.247576, 0.074358
0.450218, -0.144016, 0.067115
0.049267, -0.091513, 0.074464
0.252236, -0.205510, 0.101304
0.059885, -0.189471, 0.095675
0.488281, -0.079721, 0.070681
-0.045805, -0.093438, 0.021780
1.544337, -0.292413, -0.440956
1.371718, -0.353481, -0.383033
1.597831, -0.216875, -0.468291
1.483001, -0.226920, -0.395751
1.631803, -0.324134, -0.444639
1.625840, -0.308246, -0.417332
1.746877, -0.208565, -0.462244
1.769762, -0.204471, -0.449782
1.540404, -0.469038, -0.187965
1.388658, -0.549240, -0.146661
1.643089, -0.444285, -0.218458
1.526143, -0.387820, -0.182239
1.473475, -0.499570, -0.132289
1.348165, -0.531342, -0.098878
1.606494, -0.385305, -0.185048
1.303980, -0.431709, -0.067702
-0.744658, 0.675109, -0.553894
-0.540340, 0.668825, -0.515134
-0.866323, 0.764233, -0.618114
0.543965, 0.551174, -0.449072
-0.886923, 0.676186, -0.459811
-0.906448, 0.707598, -0.428985
-0.741530, 0.722914, -0.465114
-0.790786, 0.736211, -0.447609
0.213808, -0.717625, -0.011784
0.157671, -0.715549, -0.038233
0.277980, -0.597269, -0.002040
0.227377, -0.642799, -0.022281
0.173365, -0.717845, 0.005496
-0.027987, -0.662412, -0.016551
0.245748, -0.587535, 0.020746
0.162499, -0.574466, 0.016094
-0.030689, -0.818930, -0.173291
-0.011056, -0.822499, -0.157035
0.111622, -0.763163, -0.158464
0.086799, -0.751309, -0.127378
0.024140, -0.849775, -0.099679
0.020082, -0.858229, -0.128462
0.126484, -0.789577, -0.078132
0.057367, -0.797067, -0.120684
0.167266, -0.637100, -0.112439
0.172993, -0.632966, -0.096581
0.287680, -0.615568, -0.093608
0.176451, -0.584698, -0.095624
0.193222, -0.717155, -0.072762
0.154508, -0.661368, -0.035324
0.225204, -0.641184, -0.069587
0.192443, -0.609864, -0.060899
0.465084, 0.883472, -0.418722
0.880197, 0.876165, -0.693125
0.656535, 0.898108, -0.622293
0.846465, 0.936376, -0.780319
0.883641, 0.905975, -0.877599
0.807821, 0.812810, -0.753687
-0.811479, 0.961581, -1.003953
0.677039, 0.905506, -0.545095
1.497037, -0.930991, -0.796704
1.492334, -0.938762, -0.817985
1.350592, -0.902146, -0.679508
1.269631, -0.898251, -0.658310
1.536616, -0.904663, -0.697931
1.542743, -0.942263, -0.755084
1.376130, -0.861231, -0.624031
1.432114, -0.887142, -0.605062
3.309766, 0.280587, -0.154765
1.737691, 0.311630, -0.051640
3.288162, 0.339766, -0.161252
1.244425, 0.376923, 0.053735
1.938975, 0.347064, -0.093920
-0.290710, 0.308375, 0.069983
2.714429, 0.343096, -0.143630
-0.522133, 0.472520, -0.001648
1.189154, -0.795511, -0.137507
1.141490, -0.811772, -0.139691
1.227372, -0.747189, -0.142277
1.100828, -0.743673, -0.092310
1.353777, -0.844883, -0.191186
0.894806, -0.829632, -0.040785
1.208474, -0.776169, -0.116043
1.019342, -0.735021, -0.056613
-0.935891, 0.413138, -0.459465
-0.940453, 0.450062, -0.478309
-0.752766, 0.556194, -0.803888
0.392034, 0.273799, -0.402491
-0.970929, 0.483124, -0.289239
-0.997717, 0.462180, -0.239470
-0.968574, 0.544022, -0.413458
-0.968137, 0.562321, -0.463416
0.152673, -0.343998, -0.150998
-0.260652, -0.289151, -0.278976
0.121317, -0.294107, -0.123610
-0.027379, -0.256778, -0.139554
0.144843, -0.332667, -0.120471
0.118971, -0.399182, -0.097872
0.202494, -0.281609, -0.089269
0.102431, -0.294118, -0.104124
0.392750, 0.952985, -0.883172
0.439967, 0.884986, -0.782434
-0.515335, 0.996133, -0.307531
-0.360534, 0.963158, -0.149587
0.329668, 0.894061, -0.490180
0.765857, 0.884117, -0.785659
0.385641, 0.974516, -0.945405
0.456912, 0.950131, -0.823872
0.154266, -0.907428, -0.430867
0.098207, -0.917494, -0.416905
-0.054939, -0.867014, -0.421155
-0.360043, -0.893457, -0.477794
0.776168, -0.928058, -0.602471
0.505520, -0.916022, -0.509261
0.669430, -0.904870, -0.553631
0.556673, -0.914293, -0.509755
3.325646, 0.265949, -0.897934
3.295068, 0.296606, -0.537612
3.313730, 0.358659, -0.827123
3.286076, 0.329218, -0.712066
3.332958, 0.300937, -0.909267
3.288384, 0.243744, -0.447518
3.321820, 0.395976, -0.830671
3.266991, 0.303727, -0.290643
-0.765056, -0.233221, -0.716082
-0.552417, -0.149221, -0.892263
0.432099, -0.293744, -0.503123
0.032206, -0.262335, -0.427825
-0.927828, -0.180680, -0.679520
-0.932589, -0.137780, -0.697032
-0.937978, -0.048486, -0.662754
-0.975046, -0.035999, -0.344978
0.229677, -0.389691, -0.071804
0.132583, -0.359643, -0.046698
0.275302, -0.251108, -0.055400
0.173427, -0.309220, -0.065158
0.290280, -0.356919, -0.036565
0.279923, -0.353533, -0.036870
0.268491, -0.254604, -0.038884
0.151681, -0.290295, -0.016245
2.579748, 0.487158, -0.144286
0.450741, 0.425538, 0.182258
2.983845, 0.507632, -0.158934
-0.370959, 0.535981, 0.013223
-0.200407, 0.454718, 0.114957
-0.370123, 0.520627, 0.031216
-0.312087, 0.483461, 0.025906
-0.421736, 0.625968, 0.052179
1.325539, -0.449539, -0.363054
1.168108, -0.533575, -0.291259
1.299263, -0.398006, -0.337760
1.349824, -0.420471, -0.330780
1.491919, -0.482992, -0.389810
1.411155, -0.472484, -0.330758
1.614020, -0.369419, -0.402869
1.535460, -0.427072, -0.367727
1.169862, -0.693816, -0.100138
1.107819, -0.684215, -0.083686
1.188693, -0.612202, -0.098476
1.024528, -0.631925, -0.053247
1.220665, -0.705981, -0.094056
0.932852, -0.725974, -0.021851
1.087313, -0.579157, -0.031683
0.817558, -0.608471, 0.018341
-0.447504, 0.449970, -0.474457
-0.677094, 0.561756, -0.554799
-0.234229, 0.505560, -0.353169
0.450116, 0.433243, -0.413445
-0.879401, 0.577601, -0.445069
-0.901266, 0.579675, -0.403784
-0.938224, 0.646536, -0.458707
-0.949191, 0.700591, -0.445815
2.408921, -0.952297, -0.701001
2.237925, -0.946221, -0.760955
2.131874, -0.907841, -0.630372
1.966929, -0.922778, -0.606556
2.439484, -0.957755, -0.696716
2.305246, -0.971325, -0.641775
1.995898, -0.907443, -0.539903
1.890836, -0.924164, -0.497330
0.150517, -0.218290, -0.137705
-0.185308, -0.175115, -0.218886
0.092123, -0.127066, -0.122189
-0.072071, -0.110251, -0.148246
0.236950, -0.208094, -0.096415
0.139121, -0.177402, -0.116901
0.246526, -0.144765, -0.079580
0.169358, -0.126369, -0.060051
3.302785, 0.697075, -0.377856
3.262428, 0.657004, -0.198609
3.278739, 0.705193, -0.323679
3.256861, 0.732712, -0.222919
3.291773, 0.689811, -0.315711
3.280962, 0.677544, -0.208016
3.297329, 0.737827, -0.293295
3.256366, 0.784344, -0.174142
0.601452, 0.645661, -0.966439
0.161093, 0.678870, -0.442910
-0.918894, 0.868908, -0.837702
0.446694, 0.697024, -0.520310
-0.933382, 0.832029, -0.817969
-0.890561, 0.840136, -0.935790
-0.875636, 0.857648, -0.871695
-0.785715, 0.873359, -0.912282
0.532227, -0.928537, 0.030667
0.450765, -0.949459, 0.011373
0.558027, -0.865725, 0.048329
0.379276, -0.901154, 0.049637
0.668606, -0.941677, -0.001581
0.257421, -0.955168, 0.058687
0.471467, -0.862065, 0.066096
0.054175, -0.855718, 0.092283
-0.852108, 0.257224, -0.416498
-0.901715, 0.284685, -0.361874
-0.931120, 0.375837, -0.332480
-0.962677, 0.403550, -0.245141
-0.372315, 0.097445, -0.295906
-0.231708, 0.110461, -0.211346
-0.326709, 0.226006, -0.288350
-0.565913, 0.205396, -0.391379
-0.890443, 0.040699, -0.961797
0.179888, 0.031905, -0.530984
-0.836407, 0.093092, -0.974206
0.581618, 0.150338, -0.985545
-0.304119, 0.024261, -1.012847
0.179791, 0.013217, -0.519138
0.647452, 0.153847, -0.972511
0.544001, 0.060949, -0.698000
2.573637, 0.784829, -0.885149
2.606284, 0.807505, -0.863459
2.559102, 0.910260, -0.955154
2.584541, 0.874174, -0.905224
2.791393, 0.822098, -0.847832
2.721792, 0.821534, -0.838475
2.810781, 0.936035, -0.895931
2.755109, 0.880334, -0.848796
3.304457, 0.005435, -0.785387
3.305638, 0.014222, -0.625597
3.301820, 0.061810, -0.812551
3.287150, 0.050675, -0.666972
3.318186, -0.005207, -0.740496
3.315810, -0.012621, -0.501324
3.317886, 0.061168, -0.676003
3.314444, 0.085250, -0.615640
-0.757510, -0.521399, -0.684702
-0.731456, -0.572588, -0.770603
-0.751860, -0.472630, -0.742081
-0.295077, -0.521704, -0.490837
0.036404, -0.504533, -0.927504
-0.900250, -0.513693, -0.718751
-0.917435, -0.411189, -0.652517
-0.685231, -0.433235, -0.828653
2.070447, -0.877252, -0.759712
2.218046, -0.906894, -0.794874
2.045292, -0.823722, -0.676562
1.903068, -0.885686, -0.694206
2.422830, -0.937540, -0.817708
2.357802, -0.905865, -0.742224
2.229766, -0.864831, -0.716586
2.249751, -0.868764, -0.663643
-0.150540, 0.266252, 0.181584
-0.344101, 0.386336, 0.081005
-0.383167, 0.393659, 0.029126
-0.346130, 0.460251, 0.068146
-0.346497, 0.283541, 0.054486
-0.395432, 0.340816, 0.028688
-0.222962, 0.357185, 0.122920
-0.318061, 0.494198, 0.083106
-0.733412, -0.928920, 0.053951
-0.778309, -0.958123, -0.017603
0.143299, -0.776437, -0.804589
0.146129, -0.834183, -0.821542
0.252334, -0.921416, -0.950900
-0.876501, -0.898295, -0.761698
-0.059620, -0.914690, -1.014333
0.017617, -0.835860, -0.998380
1.726145, -0.041119, -0.487278
1.452614, -0.041432, -0.403396
1.543202, 0.030802, -0.444633
1.509146, 0.026080, -0.417154
1.946982, 0.002604, -0.495788
1.709557, -0.013322, -0.463359
1.812520, 0.041131, -0.489305
1.753475, 0.055930, -0.468945
1.627349, -0.201766, -0.193175
1.459616, -0.199646, -0.169145
1.559058, -0.114783, -0.167249
1.474710, -0.104160, -0.160374
1.415966, -0.164626, -0.107757
1.263528, -0.157970, -0.073389
1.601538, -0.093368, -0.176563
1.307523, -0.120710, -0.075683
-0.655100, 0.891894, -0.569986
-0.378321, 0.892784, -0.460094
-0.235656, 0.938452, -0.375612
-0.140502, 0.917000, -0.360121
-0.825834, 0.940162, -0.455112
-0.764862, 0.960223, -0.490407
-0.502698, 0.948273, -0.546543
-0.027960, 0.921374, -0.316882
0.351565, -0.377751, -0.013244
0.183293, -0.398605, 0.004861
0.325786, -0.322697, -0.009263
0.016908, -0.314900, 0.001299
0.185934, -0.395255, 0.022121
0.025769, -0.387684, 0.009422
0.228851, -0.336187, 0.016115
0.072938, -0.255311, 0.022476
0.198080, -0.220644, -0.038016
0.086981, -0.187780, -0.028129
0.182785, -0.144367, -0.049946
0.125686, -0.118683, -0.027418
0.291701, -0.192975, -0.028390
0.083080, -0.203236, -0.005544
0.234740, -0.106691, -0.013169
0.115157, -0.131972, 0.011334
-0.198556, 0.411616, 0.130860
-0.367813, 0.532491, 0.048501
-0.166876, 0.510839, 0.130349
-0.396508, 0.620319, 0.045107
-0.337766, 0.505313, 0.025126
-0.408136, 0.593909, 0.034089
-0.139698, 0.540778, 0.126844
-0.260844, 0.579599, 0.103318
-0.488118, 0.026135, -0.401925
-0.680984, -0.007239, -0.456170
-0.674240, 0.141907, -0.483457
-0.795600, 0.118746, -0.515972
-0.174690, -0.028928, -0.222480
-0.048125, -0.053740, -0.176835
-0.102345, 0.032516, -0.182287
-0.050122, 0.041116, -0.164836
2.359147, -0.998173, -0.489293
1.924156, -0.991607, -0.448110
1.834765, -0.968308, -0.369024
1.922127, -0.983643, -0.450030
2.310762, -1.007619, -0.491715
1.641350, -0.999367, -0.359747
1.809656, -0.974124, -0.348758
1.340436, -0.949948, -0.211490
0.389717, -0.229650, -0.012329
0.127389, -0.233016, 0.011776
0.398884, -0.131521, -0.009061
0.163211, -0.149533, 0.020472
0.402409, -0.229062, 0.002976
0.084489, -0.233088, 0.033835
0.335647, -0.144645, 0.012447
0.072234, -0.148245, 0.035337
-0.246499, -0.673956, -0.490785
-0.673933, -0.738580, -0.579876
0.370583, -0.635968, -0.552804
-0.632352, -0.667391, -0.572770
-0.469951, -0.687731, -0.886611
-0.621197, -0.684833, -0.837130
-0.157529, -0.594729, -0.943241
0.119583, -0.557926, -0.805105
1.305801, -0.214309, -0.350697
1.287345, -0.213682, -0.306159
1.437906, -0.101996, -0.367173
1.294615, -0.129976, -0.327642
1.713960, -0.199501, -0.415508
1.548809, -0.207899, -0.356319
1.625933, -0.066830, -0.414898
1.461814, -0.101689, -0.336684
3.294479, 0.696611, -0.172932
1.464419, 0.769059, 0.027526
3.294270, 0.727199, -0.257386
-0.143499, 0.735151, 0.032021
2.159754, 0.711196, -0.136027
-0.245458, 0.728341, 0.058788
2.219016, 0.806289, -0.143124
-0.333607, 0.816618, -0.041242
-0.170179, -0.900997, 0.039803
-0.113659, -0.896680, 0.055508
-0.309359, -0.883837, -0.155948
-0.426248, -0.830647, -0.135768
-0.316833, -0.941313, -0.192195
-0.491102, -0.888675, -0.140217
-0.538987, -0.813006, -0.147947
-0.547496, -0.818994, -0.200263
0.237415, 0.047203, -0.122741
0.137619, 0.106638, -0.096974
0.327407, 0.213436, -0.132404
-0.022862, 0.147509, -0.107190
0.363098, 0.062607, -0.097855
0.303261, 0.111292, -0.076860
0.365290, 0.166030, -0.086044
0.316325, 0.197237, -0.114986
0.804060, -0.480133, -0.406507
0.694445, -0.474896, -0.367762
0.714638, -0.406821, -0.384090
0.769242, -0.376165, -0.380947
1.019226, -0.428170, -0.438656
0.977513, -0.488813, -0.404952
1.145896, -0.373260, -0.429184
0.970188, -0.401756, -0.389996
0.949753, -0.890088, -0.959046
0.879801, -0.880211, -1.023581
0.943081, -0.837987, -0.979443
0.893923, -0.826944, -0.993629
0.994505, -0.912754, -0.981476
0.931326, -0.902492, -0.919822
0.949072, -0.802666, -0.897753
0.950958, -0.827747, -0.880929
3.342515, 0.800423, -0.626047
3.279366, 0.835102, -0.304145
3.309275, 0.837159, -0.435190
3.271565, 0.865484, -0.251470
3.299238, 0.794570, -0.193343
3.299848, 0.787641, -0.184720
3.298212, 0.862458, -0.250580
3.305119, 0.884469, -0.339651
0.563719, 0.822553, -0.984646
0.499419, 0.700000, -0.553304
-0.812636, 0.916171, -0.895722
0.532264, 0.757517, -0.565674
-0.605834, 0.873618, -0.912250
-0.873774, 0.905703, -0.902367
-0.459523, 0.918243, -0.944320
0.654128, 0.884190, -0.964211
0.667270, -0.804887, 0.023836
0.057890, -0.778662, 0.083506
0.565236, -0.762392, 0.064719
-0.120053, -0.708581, 0.041896
0.280355, -0.802555, 0.098667
-0.323317, -0.772416, -0.142866
-0.199152, -0.685413, 0.012000
-0.007668, -0.704239, 0.082228
-0.840499, 0.375761, -0.419589
-0.887614, 0.407053, -0.388510
-0.670039, 0.452807, -0.423235
-0.774063, 0.427341, -0.430356
-0.253738, 0.277071, -0.258345
-0.056380, 0.291808, -0.110160
-0.577058, 0.434486, -0.399399
-0.106143, 0.371021, -0.146188
-0.514903, -0.858891, -0.266290
-0.398280, -0.862418, -0.309030
-0.577844, -0.865975, -0.238690
-0.437071, -0.794789, -0.288444
-0.601709, -0.841137, -0.299952
-0.965652, -0.741659, -0.182465
-0.953895, -0.714743, -0.136163
-0.384986, -0.832140, -0.315459
0.378967, 0.057907, -0.053283
0.285605, 0.135647, -0.042035
0.475706, 0.232308, -0.072535
0.304495, 0.188590, -0.039307
0.340325, 0.055666, -0.015140
0.321741, 0.080501, -0.015107
0.409744, 0.189630, -0.033618
0.281271, 0.185589, -0.012069
-0.787777, -0.954287, -0.034667
-0.378387, -1.000034, -0.286872
0.192952, -0.791618, -0.836122
-0.805198, -0.832808, 0.008280
-0.062047, -0.908297, -0.983451
-0.966237, -0.853193, -0.036917
0.381543, -0.899458, -0.901740
0.347340, -0.890735, -0.855438
1.413666, -0.037506, -0.379359
1.476156, -0.047165, -0.370667
1.469155, 0.071332, -0.392121
1.397589, 0.023115, -0.339431
1.602432, -0.011465, -0.393083
1.516808, 0.008509, -0.370332
1.773412, 0.060039, -0.431702
1.600278, 0.046838, -0.384364
1.304222, -0.224917, -0.104613
1.099411, -0.214358, -0.062840
1.397160, -0.076722, -0.133923
1.259751, -0.107868, -0.113783
1.308696, -0.227134, -0.097695
1.042684, -0.197160, -0.030197
1.092402, -0.097982, -0.025847
1.136994, -0.103285, -0.061442
-0.874711, 0.961320, -0.504216
-0.907968, 0.971455, -0.528231
0.665465, 0.872315, -0.491598
-0.099786, 0.922132, -0.359272
-0.643248, 0.946808, -0.525962
-0.929501, 0.954590, -0.514373
-0.767975, 0.979014, -0.541739
-0.494150, 0.988687, -0.613941
1.233962, -0.443658, -0.404942
1.080028, -0.445703, -0.365037
1.225240, -0.364584, -0.402694
1.050721, -0.424878, -0.370839
1.406305, -0.437129, -0.422913
1.280765, -0.494345, -0.377415
1.435265, -0.402249, -0.431428
1.293948, -0.367160, -0.375390
1.099656, -0.911198, -1.010390
1.049719, -0.872002, -0.943608
1.014153, -0.756397, -0.901937
1.095011, -0.739685, -0.905173
1.135113, -0.880931, -1.007561
1.253334, -0.908272, -1.024514
1.273645, -0.800334, -0.979135
1.180786, -0.821347, -0.946743
3.307724, 0.858451, -0.254698
2.985053, 0.830359, -0.161442
1.341379, 0.957543, 0.039291
3.309864, 0.901290, -0.252365
0.837823, 0.900403, 0.134802
-0.279451, 0.917732, 0.064773
2.043679, 0.922455, -0.131921
2.870995, 0.914787, -0.156752
1.583125, -0.641236, -0.318233
1.525924, -0.664885, -0.277516
1.563776, -0.611684, -0.273977
1.482854, -0.574180, -0.269808
1.556769, -0.664986, -0.232462
1.460290, -0.692302, -0.228780
1.572320, -0.604422, -0.235147
1.502640, -0.558780, -0.232609
-0.311415, -0.767901, -0.086206
-0.276663, -0.791662, -0.095426
-0.275051, -0.740597, -0.069897
-0.465245, -0.680702, -0.153631
-0.557641, -0.763953, -0.196349
-0.529936, -0.755762, -0.192670
-0.535513, -0.721794, -0.180069
-0.559499, -0.677873, -0.278578
0.295890, 0.291660, -0.121279
0.229950, 0.255368, -0.106543
0.338908, 0.318070, -0.121431
0.115733, 0.295709, -0.099772
0.378752, 0.259883, -0.106652
0.334349, 0.280023, -0.069164
0.433017, 0.373620, -0.102558
0.323114, 0.350810, -0.106297
1.073471, -0.333016, -0.248874
1.003436, -0.387973, -0.199180
1.172636, -0.260901, -0.258255
1.108760, -0.265566, -0.238532
1.248427, -0.357619, -0.276283
1.135638, -0.328173, -0.224801
1.298983, -0.250895, -0.295205
1.145117, -0.286648, -0.224489
0.918272, -0.543719, -0.037619
0.535261, -0.573588, 0.046732
0.666363, -0.473741, 0.026501
0.364421, -0.444017, 0.081037
0.633153, -0.558462, 0.040182
0.504016, -0.583377, 0.076962
0.676053, -0.453501, 0.030921
0.521647, -0.485944, 0.058009
0.381602, 0.535856, -0.378686
0.294105, 0.709527, -0.722905
0.062003, 0.848765, -0.944566
-0.196480, 0.870213, -0.918344
-0.798871, 0.760741, -0.792351
0.040066, 0.748332, -0.963051
-0.944414, 0.800301, -0.312149
-0.948845, 0.809566, -0.295221
-0.326275, -0.901900, -0.745201
-0.341385, -0.956870, -1.001312
-0.097903, -0.933087, -0.841216
-0.368499, -0.810573, -0.687612
-0.297645, -0.914722, -0.712515
-0.267810, -0.894354, -0.838586
-0.747587, -0.865861, -0.683913
-0.804623, -0.869573, -0.652098
1.835748, -0.000215, -0.404164
1.652721, -0.013136, -0.380715
1.804296, 0.083207, -0.431509
1.710364, 0.028947, -0.384920
1.882899, 0.005110, -0.400828
1.777720, -0.012719, -0.339954
1.876319, 0.084695, -0.387622
1.759520, 0.077254, -0.355891
0.795601, -0.175995, 0.048830
0.740443, -0.152819, 0.055560
0.766417, -0.127044, 0.061543
0.684079, -0.126415, 0.064720
0.609708, -0.158741, 0.089339
0.172594, -0.143779, 0.138044
0.161965, -0.082307, 0.137352
0.106629, -0.074164, 0.129960
-0.100307, 0.872523, -0.283083
-0.748667, 0.947190, -0.472806
0.111578, 0.950602, -0.290269
0.212153, 0.953618, -0.313800
0.125894, 0.893749, -0.232159
0.317250, 0.909805, -0.206405
0.332620, 0.914569, -0.258421
0.333849, 0.927884, -0.255582
-0.635682, -0.780147, -0.289555
-0.517115, -0.755854, -0.289128
-0.734103, -0.689140, -0.277042
-0.623754, -0.657860, -0.280973
-0.826668, -0.727963, -0.221890
-0.936635, -0.618865, -0.168181
-0.900517, -0.628279, -0.219835
-0.978444, -0.541945, -0.273048
0.395876, 0.258615, -0.069417
0.284500, 0.269170, -0.022831
0.439730, 0.384883, -0.063076
0.282206, 0.388377, -0.030096
0.453954, 0.303030, -0.035922
0.273397, 0.233255, -0.009316
0.490472, 0.388307, -0.049552
0.311112, 0.420697, -0.010080
1.453494, -0.311670, -0.301543
1.299448, -0.366588, -0.242058
1.506855, -0.296111, -0.299656
1.339079, -0.233828, -0.261344
1.504248, -0.354507, -0.289898
1.490815, -0.368382, -0.263139
1.617468, -0.222465, -0.316676
1.436699, -0.259118, -0.239886
-0.005652, -0.474371, 0.099098
0.172269, -0.547997, 0.100805
0.694874, -0.448210, 0.043620
0.423813, -0.498677, 0.093923
-0.191917, -0.431952, 0.006691
-0.337121, -0.430729, -0.149664
-0.269925, -0.373349, -0.066421
-0.281193, -0.381786, -0.101208
-0.565738, 0.638277, -0.399088
-0.748525, 0.714975, -0.428764
-0.720607, 0.775923, -0.435765
-0.658645, 0.754128, -0.424677
0.098149, 0.578485, -0.103025
-0.221389, 0.583723, -0.241781
-0.072635, 0.623249, -0.172609
-0.559221, 0.759266, -0.400323
1.309781, -0.154383, -0.306186
1.146605, -0.198968, -0.236722
1.215412, -0.151459, -0.271389
1.018805, -0.129390, -0.220926
1.312281, -0.182375, -0.298572
1.233640, -0.235196, -0.234860
1.287274, -0.121142, -0.281949
1.259425, -0.110306, -0.265568
0.941573, -0.392094, -0.011592
0.477181, -0.365069, 0.051479
0.920498, -0.251747, 0.001537
0.717170, -0.295681, 0.011117
0.668510, -0.374901, 0.042234
0.355975, -0.333443, 0.092660
0.753692, -0.269116, 0.021565
0.424214, -0.310999, 0.078507
-0.494133, 0.766133, -0.508459
-0.934475, 0.900949, -0.621700
-0.443946, 0.843118, -0.507018
-0.898936, 0.908887, -0.623100
-0.875252, 0.897939, -0.786987
-0.962198, 0.927316, -0.625051
-0.951390, 0.897030, -0.346849
-0.997543, 0.960821, -0.397930
-0.762557, -0.956706, -0.268657
-0.627490, -0.993675, -0.259995
-0.447138, -0.854494, -0.909705
-0.766088, -0.930797, -0.243553
0.138446, -0.897005, -0.824673
-0.699103, -0.973363, -0.410219
0.290593, -0.814906, -0.844611
0.241538, -0.885162, -0.984398
1.205937, -0.059111, -0.279260
1.075930, -0.062110, -0.233965
1.338966, 0.064785, -0.327064
1.097616, 0.050599, -0.245372
1.297367, -0.022303, -0.292255
1.179549, -0.020985, -0.247372
1.497860, 0.019410, -0.338969
1.247947, 0.037796, -0.262224
0.955271, -0.222282, -0.028931
0.724657, -0.172830, 0.013965
0.992844, -0.117781, -0.037223
0.873259, -0.140507, -0.002359
0.636992, -0.188034, 0.056023
0.508226, -0.198808, 0.063226
0.644113, -0.087511, 0.060657
0.797715, -0.093774, 0.022628
-0.887717, 0.960704, -0.569883
-0.875316, 0.934898, -0.594852
-0.488876, 0.994662, -0.668147
-0.799846, 1.008660, -0.685393
-0.837565, 0.965716, -0.376856
-0.941372, 0.935596, -0.291636
-0.663778, 0.988658, -0.599205
-0.810645, 1.007255, -0.618803
2.096139, -0.915380, -0.976296
2.039309, -0.888227, -0.949414
2.064982, -0.786622, -0.869935
2.185348, -0.801059, -0.856066
2.267186, -0.852510, -0.919987
2.368026, -0.916790, -0.919054
2.417831, -0.821491, -0.880528
2.209109, -0.803894, -0.860765
-0.211883, -0.187942, -0.412412
0.187145, -0.237117, -0.414638
0.044704, -0.118747, -0.364720
-0.064005, -0.148630, -0.371906
-0.176307, -0.140931, -0.347800
-0.288045, -0.159232, -0.389582
-0.191496, -0.072119, -0.359592
-0.248238, -0.057773, -0.345499
0.854549, -0.281614, -0.955551
0.854310, -0.256376, -0.874433
0.873799, -0.224119, -0.909461
0.868751, -0.231241, -0.915332
-0.109960, -0.273566, -0.334575
-0.292971, -0.254060, -0.446711
-0.075812, -0.217234, -0.329189
-0.301975, -0.200168, -0.419642
1.010321, -0.267718, -0.914607
0.981466, -0.279335, -0.855693
1.002999, -0.175626, -0.992830
0.980489, -0.225220, -0.823910
1.050725, -0.253651, -0.854685
1.027880, -0.290383, -0.760017
1.055824, -0.183580, -0.830562
1.040230, -0.213839, -0.768558
1.231251, 0.970153, -0.154596
0.734275, 0.960140, -0.049219
2.191588, 0.957290, -0.571324
1.434967, 0.969387, -0.345397
1.151770, 0.977235, -0.103841
0.805635, 0.990135, -0.156939
2.072038, 0.961967, -0.529947
1.812066, 0.977093, -0.462348
1.705827, -0.300413, -0.319246
1.536388, -0.363122, -0.260149
1.646649, -0.270917, -0.294459
1.511711, -0.277865, -0.241998
1.704649, -0.356606, -0.265054
1.529624, -0.377883, -0.215775
1.624917, -0.238361, -0.248080
1.454455, -0.235514, -0.181166
-0.408456, -0.463504, -0.146164
-0.514773, -0.467412, -0.200081
-0.379380, -0.333746, -0.137510
-0.379927, -0.338810, -0.155081
-0.629910, -0.439909, -0.294305
-0.526773, -0.440378, -0.302079
-0.647772, -0.359239, -0.303490
-0.492520, -0.373997, -0.314525
0.289336, 0.672474, -0.111223
0.244794, 0.672516, -0.085550
0.317163, 0.727901, -0.111260
0.180027, 0.731399, -0.099686
0.359383, 0.622858, -0.069992
0.230633, 0.667215, -0.037709
0.333781, 0.742288, -0.101777
0.273139, 0.740372, -0.081643
2.262924, -0.325677, -0.808024
2.144500, -0.377930, -0.789133
2.351742, -0.316912, -0.815589
2.273457, -0.306374, -0.780195
2.427379, -0.377831, -0.802147
2.340388, -0.385258, -0.754464
2.423871, -0.314108, -0.806047
2.364617, -0.280722, -0.762721
0.489735, 0.965527, 0.070580
0.130853, 0.954768, -0.028659
1.905147, 0.982300, -0.490265
1.368629, 0.978879, -0.308164
0.550856, 0.967054, 0.060446
-0.013915, 0.905612, -0.098851
1.331193, 0.983187, -0.241949
1.983195, 0.990957, -0.540095
-0.695300, -0.305781, -0.326307
-0.784618, -0.236829, -0.366332
-0.923581, -0.157621, -0.329340
-0.900986, -0.122396, -0.371977
-0.984714, -0.187450, -0.310660
-0.962129, -0.116739, -0.093972
-0.900850, 0.008790, 0.025927
-0.954425, -0.135257, -0.102475
0.442010, 0.835280, -0.074699
0.249060, 0.810713, -0.045751
0.502224, 0.893884, -0.145645
0.339631, 0.875615, -0.081197
0.451602, 0.839664, -0.046760
0.265577, 0.834747, -0.034604
0.512091, 0.853291, -0.094437
0.423413, 0.900071, -0.061699
0.180159, 0.854619, 0.087241
0.044363, 0.848128, -0.008020
0.325093, 0.957947, 0.089150
0.039267, 0.895384, -0.038899
0.082343, 0.859994, 0.024725
-0.204754, 0.828484, -0.198659
0.397124, 0.943133, 0.104954
-0.018241, 0.876164, -0.086630
1.616445, 0.023879, -0.203473
1.597278, -0.008394, -0.196573
1.631965, 0.062920, -0.200053
1.535252, 0.053860, -0.184326
1.485953, -0.043135, -0.132791
1.219597, -0.036213, -0.051129
1.567636, 0.109733, -0.161906
1.276860, 0.042083, -0.068552
-0.761976, -0.133214, -0.340361
-0.609380, -0.133731, -0.336733
-0.898061, -0.004390, -0.314707
-0.655836, -0.052372, -0.342119
-0.855564, 0.046602, 0.023693
-0.926648, 0.012640, -0.042588
0.283850, 0.163972, -0.863813
0.271908, 0.152889, -0.891206
0.565496, 0.908992, -0.172535
0.397801, 0.907594, -0.087366
1.000264, 0.945891, -0.322623
0.604834, 0.963899, -0.215192
0.623593, 0.924172, -0.145924
0.516505, 0.932449, -0.118406
0.944526, 0.943487, -0.258540
1.029118, 0.950009, -0.297342
1.597148, -0.609963, -0.404475
1.473812, -0.607539, -0.357089
1.731062, -0.540955, -0.424692
1.575204, -0.567653, -0.387848
1.850820, -0.628766, -0.417155
1.587028, -0.658512, -0.368951
1.846431, -0.557946, -0.416126
1.661457, -0.545000, -0.337066
-0.215373, 0.805963, 0.128796
-0.566096, 0.881707, -0.894918
-0.957413, 0.829419, 0.001357
-0.782360, 0.903402, -0.881580
-0.382388, 0.856810, 0.116957
-0.810394, 0.860483, -0.839993
-0.259056, 0.908802, 0.132666
-0.493639, 0.915119, -0.895786
1.629720, -0.181383, -0.280102
1.578012, -0.139693, -0.273705
1.662531, -0.064029, -0.285980
1.583067, -0.087708, -0.261986
1.727520, -0.206606, -0.273749
1.517147, -0.175815, -0.202110
1.648908, -0.088394, -0.253467
1.560975, -0.053837, -0.212435
-0.396751, -0.273214, -0.136407
-0.361417, -0.308692, -0.132763
-0.251435, -0.251942, -0.048077
-0.560268, -0.250523, -0.252442
-0.600402, -0.265301, -0.285286
-0.598659, -0.280436, -0.333979
-0.695984, -0.168996, -0.301749
-0.567196, -0.175807, -0.325601
0.102368, 0.751372, -0.142250
0.127859, 0.725077, -0.116681
0.165614, 0.851949, -0.144451
0.186804, 0.896225, -0.133862
0.361864, 0.767862, -0.104189
0.315495, 0.794528, -0.072682
0.332828, 0.872088, -0.126948
0.356407, 0.909456, -0.124199
0.913897, -0.582850, -0.992127
0.920055, -0.607751, -0.951860
0.947899, -0.543126, -0.916727
0.922868, -0.530405, -0.933538
0.992180, -0.602527, -0.896363
0.909194, -0.617796, -0.787734
1.048713, -0.510271, -0.872050
0.914958, -0.534825, -0.767059
0.370767, 0.435048, 0.073551
-0.016971, 0.439700, 0.032211
0.448582, 0.535669, 0.066639
0.247317, 0.606288, 0.091621
0.012932, 0.421096, 0.067923
-0.008077, 0.483387, 0.035766
0.143808, 0.595290, 0.092361
0.129589, 0.573687, 0.081304
1.697024, -0.442100, -0.410318
1.588850, -0.437089, -0.372032
1.650634, -0.379915, -0.389935
1.612596, -0.364972, -0.349828
1.870866, -0.433029, -0.379822
1.741741, -0.440044, -0.382008
1.736881, -0.395777, -0.383345
1.676875, -0.402265, -0.322917
-0.180704, -0.896523, -0.666579
-0.544109, -0.915921, -0.683901
0.680040, -0.890797, -0.864346
-0.438745, -0.895997, -0.613082
0.018113, -0.933606, -0.598610
0.395895, -0.892352, -0.772111
-0.981771, -0.922698, 0.025581
0.673202, -0.907390, -0.975478
1.704985, -0.035580, -0.314026
1.609764, -0.000096, -0.270187
1.680913, 0.056753, -0.307346
1.548888, 0.088581, -0.238695
1.745687, 0.022507, -0.279113
1.617164, 0.018104, -0.228428
1.702336, 0.083096, -0.267909
1.518972, 0.101383, -0.218589
-0.216884, -0.141409, -0.032555
-0.550001, -0.138364, -0.231171
-0.163470, -0.064462, 0.007701
-0.320342, -0.094859, -0.116713
-0.674490, -0.094249, -0.313512
-0.395692, -0.133442, -0.287054
-0.683417, -0.044106, -0.299767
-0.522682, -0.047529, -0.332634
0.351058, 0.920021, -0.164932
0.107270, 0.895457, -0.203921
0.381832, 0.944089, -0.219575
0.201658, 0.954760, -0.154923
0.581883, 0.945614, -0.235395
0.381619, 0.927793, -0.138713
0.776471, 0.949535, -0.326299
0.802039, 0.964850, -0.356589
1.500644, -0.213557, -0.323055
1.343945, -0.208967, -0.266500
1.459793, -0.136625, -0.309970
1.490667, -0.068809, -0.301425
1.610688, -0.174228, -0.323982
1.517305, -0.192757, -0.277535
1.638054, -0.058991, -0.307434
1.538169, -0.099356, -0.274942
0.348966, -0.378721, 0.103415
-0.166596, -0.358140, -0.009485
0.431268, -0.292845, 0.088123
0.004922, -0.261239, 0.089243
-0.127423, -0.304299, 0.045371
-0.187366, -0.346838, -0.008737
-0.108885, -0.234695, 0.050998
-0.209481, -0.216982, -0.043625
-0.707819, 0.872837, -0.449742
-0.761162, 0.894077, -0.426425
-0.860626, 0.910670, -0.329736
-0.739528, 0.906421, -0.442476
0.052996, 0.716697, -0.152588
-0.019785, 0.767568, -0.203898
0.120175, 0.857806, -0.199625
-0.499064, 0.908591, -0.453027
1.617165, 0.036457, -0.127791
1.479006, -0.017607, -0.105729
1.673691, 0.088827, -0.153180
1.537226, 0.054899, -0.123714
1.379442, -0.017642, -0.054896
1.204747, -0.043894, -0.003828
1.428828, 0.092891, -0.061916
1.048156, 0.025781, 0.022293
0.026627, 0.073035, -0.631770
0.153271, 0.077165, -0.627610
0.296596, 0.154754, -0.805397
0.129485, 0.097034, -0.595898
0.496506, 0.096727, -0.836287
0.509951, 0.085216, -0.774956
0.411727, 0.148648, -0.959478
0.443974, 0.163859, -0.895473
1.188379, 0.919945, -0.318935
0.939247, 0.897239, -0.203483
1.289486, 0.923327, -0.374801
1.533175, 0.943457, -0.582351
1.250151, 0.883118, -0.299798
1.101263, 0.905744, -0.232564
1.768730, 0.921854, -0.605249
1.632431, 0.928295, -0.530988
0.617255, -0.666939, -0.671577
0.772680, -0.618730, -0.895773
0.784347, -0.584033, -0.882080
-0.239940, -0.606099, -0.464297
-0.253053, -0.680917, -0.454240
-0.251776, -0.668340, -0.457114
-0.221226, -0.570186, -0.439617
-0.340923, -0.606730, -0.448535
-0.340773, 0.945980, -0.285460
-0.371694, 0.899016, -0.328842
-0.066412, 0.949844, -0.172532
-0.027337, 0.964589, -0.225633
-0.795839, 0.935041, -0.329190
-0.801030, 0.938605, -0.335510
0.591452, 1.027243, -0.296765
-0.019928, 0.956695, -0.244275
0.780890, -0.732384, -0.902995
-0.191255, -0.808111, -0.488543
0.782164, -0.678290, -0.912638
-0.003939, -0.690697, -0.457047
-0.113204, -0.819784, -0.433410
-0.408528, -0.826577, -0.480350
-0.271747, -0.721343, -0.464664
-0.290641, -0.722968, -0.468296
0.513560, -0.008845, 0.132011
0.715553, -0.042092, 0.106696
0.203143, 0.035089, 0.156158
0.098915, 0.026276, 0.122424
-0.348350, 0.015368, 0.010999
-0.268743, -0.009865, -0.002194
0.006520, 0.013495, 0.107444
-0.468807, 0.078435, -0.072960
-0.328396, 0.185921, -0.836005
-0.047510, 0.165541, -0.797299
-0.149091, 0.141664, -0.676042
-0.333539, 0.221532, -0.836556
-0.825611, 0.102022, -0.778677
-0.756642, 0.119823, -0.780192
-0.665487, 0.147875, -0.737402
-0.639806, 0.216787, -0.819319
1.406042, 0.876087, -0.347026
1.304430, 0.920279, -0.320989
1.577512, 0.918788, -0.476891
1.685182, 0.920919, -0.529365
1.505184, 0.893243, -0.375430
1.518209, 0.926006, -0.398354
2.065936, 0.925854, -0.678256
2.066169, 0.939076, -0.666152
0.884900, -0.721293, -1.005923
0.800374, -0.683360, -1.023055
0.940716, -0.624477, -0.916358
0.902438, -0.668581, -0.979999
0.986091, -0.693092, -0.870096
0.983472, -0.683967, -0.844501
0.965512, -0.647185, -0.834824
0.978280, -0.632630, -0.807908
0.489735, 0.270155, 0.061515
0.155586, 0.293450, 0.069660
0.536588, 0.373502, 0.064882
0.195622, 0.417497, 0.070361
0.014584, 0.322588, 0.071589
0.035399, 0.262896, 0.050062
0.084253, 0.401110, 0.086290
-0.018869, 0.395213, 0.045784
0.030358, 0.454533, 0.076875
-0.171364, 0.520516, -0.086972
0.114500, 0.528340, 0.083240
-0.215891, 0.560525, -0.131829
-0.514852, 0.528912, -0.256446
-0.430537, 0.478806, -0.235231
-0.140685, 0.525374, -0.056622
-0.487364, 0.544179, -0.276872
-0.658647, 0.806167, -0.351422
-0.373293, 0.777998, -0.297558
-0.477528, 0.915911, -0.358587
-0.683540, 0.870527, -0.385736
-0.933601, 0.812602, -0.000967
-0.959566, 0.862283, -0.636590
-0.855615, 0.909137, -0.161747
-0.839873, 0.909411, -0.112200
0.219448, -0.946777, -1.016042
0.100838, -0.926089, -0.860886
-0.330056, -0.846751, -0.827167
0.378489, -0.903851, -0.949696
-0.321627, -0.885594, -0.703335
-0.070492, -0.973237, -1.038634
-0.414760, -0.913155, -0.859456
-0.388660, -0.862932, -0.672495
1.498540, 0.009596, -0.328335
1.433747, -0.039992, -0.283221
1.633601, 0.067542, -0.349375
1.371951, 0.036436, -0.271761
1.649527, -0.038035, -0.305728
1.551768, 0.025731, -0.267787
1.642674, 0.088332, -0.300174
1.510988, 0.053768, -0.282373
0.329250, -0.237002, 0.106770
-0.001625, -0.173173, 0.103983
0.299900, -0.137525, 0.109608
0.042445, -0.120784, 0.113951
-0.156052, -0.179762, 0.005113
-0.038161, -0.164847, 0.083868
0.081102, -0.115892, 0.131848
-0.248256, -0.118744, -0.075580
-0.346915, 0.912593, -0.365909
-0.901540, 0.939432, -0.234444
0.226449, 0.947888, -0.295283
0.214985, 0.949612, -0.288230
0.070184, 0.880273, -0.225905
-0.131169, 0.866778, -0.267859
0.260023, 0.927340, -0.213862
0.194521, 0.919700, -0.223847
2.477772, -0.970443, -0.145661
-0.383339, -0.948766, 0.105583
-0.623098, -0.773175, -0.866852
0.089744, -0.777849, -0.922956
-0.811704, -0.725395, 0.053952
-0.748782, -0.788335, 0.063719
-0.923733, -0.671757, 0.030001
-0.699949, -0.910733, -0.855863
2.751468, 0.028770, -0.844443
2.668097, 0.029042, -0.815098
2.636016, 0.097198, -0.852486
2.691345, 0.086275, -0.794383
2.834024, 0.049671, -0.805457
2.805293, 0.031541, -0.746964
2.817991, 0.071126, -0.813772
2.799601, 0.094180, -0.755805
2.907620, -0.127553, -0.274013
2.806768, -0.131948, -0.280124
2.912300, -0.097160, -0.304256
2.826045, -0.079490, -0.276617
2.742532, -0.140450, -0.201951
2.615205, -0.163099, -0.197036
2.807611, -0.098267, -0.201988
2.530807, -0.048468, -0.182815
0.963004, 0.750148, -0.593515
0.866155, 0.780297, -0.535222
1.106214, 0.896817, -0.755752
0.919229, 0.863424, -0.589615
1.172521, 0.771819, -0.693294
1.087994, 0.821556, -0.663830
1.232533, 0.898753, -0.792382
1.131026, 0.900263, -0.746904
2.685330, -0.242471, -0.923777
2.654637, -0.255276, -0.886480
2.635534, -0.148089, -0.936658
2.635204, -0.145174, -0.906859
2.840260, -0.225056, -0.933392
2.771358, -0.230698, -0.851990
2.803291, -0.182227, -0.901725
2.859431, -0.185744, -0.849797
0.404155, 0.899662, -0.540255
0.015727, 0.967426, -0.706665
0.423957, 0.935607, -0.545442
0.129639, 0.970204, -0.583596
0.588702, 0.922514, -0.694779
0.040758, 0.977216, -0.777762
0.474639, 0.946189, -0.564083
0.644753, 0.939511, -0.746419
2.140207, -0.909838, -0.995034
2.196909, -0.870135, -0.949930
2.274529, -0.816287, -0.935416
2.236741, -0.785372, -0.887941
2.315866, -0.925840, -0.985831
2.403416, -0.885854, -0.926622
2.306989, -0.800549, -0.914172
2.364033, -0.770886, -0.879888
0.820016, -0.192339, -0.727565
0.883344, -0.165929, -0.894491
0.882519, -0.119523, -0.817373
0.325853, -0.155821, -0.413301
0.088488, -0.188239, -0.313442
-0.138326, -0.167411, -0.362295
0.021691, -0.112792, -0.344229
-0.042319, -0.101833, -0.332792
-0.116490, 0.246809, 0.000697
-0.219782, 0.254908, -0.073921
-0.113227, 0.380568, -0.000663
-0.238448, 0.421420, -0.120597
-0.190862, 0.320278, -0.044354
-0.416892, 0.349934, -0.230721
-0.225244, 0.420168, -0.092041
-0.466130, 0.449647, -0.248940
0.950148, -0.259835, -1.047853
0.986244, -0.247130, -1.028608
1.069418, -0.205626, -1.015490
0.947302, -0.141674, -1.036503
1.087126, -0.242092, -0.993580
1.099865, -0.242658, -0.964311
1.156382, -0.179825, -1.040334
1.111323, -0.198014, -0.955822
1.541508, 0.949160, -0.293935
1.250941, 0.924732, -0.154106
1.949796, 0.933122, -0.457348
1.767615, 0.955490, -0.375579
1.556815, 0.952459, -0.271246
1.375785, 0.959062, -0.228439
1.904557, 0.960526, -0.405791
2.296454, 0.962176, -0.569779
1.437810, 0.502274, -0.201521
1.140316, 0.474001, -0.119233
1.358924, 0.533669, -0.173473
1.140855, 0.561483, -0.101511
1.328446, 0.533293, -0.129409
1.150216, 0.465812, -0.099139
1.315166, 0.575859, -0.133456
1.313235, 0.565651, -0.144435
-0.504365, -0.501807, -0.577125
0.074327, -0.576115, -0.483683
-0.379503, -0.404969, -0.538782
-0.623196, -0.392864, -0.769288
0.675176, -0.495857, -0.895243
0.732701, -0.552370, -0.951963
0.735071, -0.433178, -0.922581
0.773232, -0.466472, -0.944532
-0.527459, 0.352940, -0.290012
-0.368620, 0.353665, -0.277704
-0.587576, 0.449871, -0.289058
-0.440388, 0.387440, -0.298595
-0.484673, 0.297731, -0.329818
-0.275272, 0.324772, -0.246733
-0.493383, 0.421046, -0.332685
-0.748582, 0.446630, -0.361384
1.361245, 0.598850, -0.188897
1.238068, 0.652154, -0.147078
1.524548, 0.665169, -0.232891
1.333366, 0.751450, -0.188442
1.457696, 0.618986, -0.184470
1.289993, 0.665616, -0.124938
1.587560, 0.724105, -0.267204
1.358581, 0.743941, -0.172608
0.548954, -0.408265, -0.607985
-0.675000, -0.319435, -0.796928
-0.646741, -0.289423, -0.638172
-0.624865, -0.189778, -0.754756
0.768065, -0.392393, -0.948949
0.696847, -0.441602, -0.743039
0.760700, -0.261510, -0.962157
0.815948, -0.264483, -0.951334
-0.597252, 0.537916, -0.283417
-0.525935, 0.510236, -0.303155
-0.633431, 0.574077, -0.308518
-0.542041, 0.587042, -0.301465
-0.645241, 0.512914, -0.307611
-0.648181, 0.490788, -0.359123
-0.625835, 0.637546, -0.315017
-0.562772, 0.564832, -0.330263
-0.615303, -0.934831, 0.102381
-0.060027, -0.962268, 0.182620
-1.006945, -0.710063, -0.265075
-0.038520, -0.787689, -0.962323
-0.283122, -0.937319, 0.101746
-0.569455, -0.955206, 0.103514
-0.638041, -0.775471, 0.093707
-0.009228, -0.764541, -0.939614
2.956385, 0.012226, -0.753741
2.927120, 0.013483, -0.694424
2.907119, 0.097143, -0.791726
2.903161, 0.093594, -0.743327
3.034209, -0.006356, -0.748014
2.960301, 0.030879, -0.645796
2.995248, 0.116074, -0.758446
2.957757, 0.101365, -0.717137
2.399398, -0.107983, -0.148539
2.458331, -0.128215, -0.166545
2.370847, -0.083394, -0.142215
2.499186, -0.066488, -0.153015
1.510284, -0.134137, -0.009417
2.012125, -0.183823, -0.137568
1.555408, -0.086360, -0.021688
2.093061, -0.069897, -0.141208
1.328612, 0.795937, -0.778702
1.276304, 0.834084, -0.738075
1.343814, 0.879291, -0.799978
1.319498, 0.880323, -0.786994
1.500286, 0.765988, -0.789695
1.494016, 0.810679, -0.790658
1.546259, 0.887149, -0.879231
1.533029, 0.879371, -0.843120
0.011942, 0.896641, -0.794401
-0.216160, 0.851930, -0.635086
0.087227, 0.934626, -0.787689
0.181735, 0.927647, -0.788500
0.224581, 0.849488, -0.724749
0.233847, 0.895007, -0.781121
-0.046095, 0.949442, -0.763683
0.009387, 0.936419, -0.798335
2.968840, -0.213707, -0.910693
2.941937, -0.204759, -0.847693
2.927661, -0.143774, -0.919482
2.881697, -0.177068, -0.832098
3.016949, -0.240115, -0.889579
3.029952, -0.213814, -0.831947
2.997967, -0.143788, -0.848773
3.058660, -0.150237, -0.813827
0.050921, 0.920952, -0.846997
-0.219199, 0.960381, -0.861036
-0.386191, 0.977044, -0.749663
-0.103336, 0.964882, -0.818708
-0.349112, 0.947416, -0.826001
-0.332472, 0.959336, -0.829450
-0.276960, 0.988639, -0.752740
-0.221889, 0.995973, -0.637034
0.458343, 0.391622, -0.432715
-0.009481, 0.390514, -0.318952
-0.770552, 0.665646, -0.678680
-0.755755, 0.644994, -0.610259
0.886412, 0.413923, -0.896551
0.886900, 0.382965, -0.857507
0.885899, 0.491958, -0.945330
0.893460, 0.493181, -0.932512
2.761654, 0.273420, -1.024482
2.766587, 0.233468, -0.959467
2.766336, 0.344154, -1.015340
2.771039, 0.297553, -0.955992
2.773894, 0.260169, -1.028704
2.838634, 0.259246, -0.974753
2.809113, 0.331214, -1.033488
2.871235, 0.357220, -0.993571
0.866184, 0.685062, -0.791478
0.860880, 0.677241, -0.833183
-0.761231, 0.998457, 0.020777
0.904349, 0.783233, -0.873125
-0.597394, 0.934666, 0.100031
-0.551587, 0.873652, 0.103047
-0.786378, 0.999738, -0.022127
-0.717057, 1.002022, 0.020278
3.334885, 0.904300, -0.893313
3.317431, 0.838850, -0.587502
3.341002, 0.907532, -0.959220
3.319354, 0.854625, -0.616794
3.351433, 0.882994, -0.885682
3.305524, 0.795134, -0.436349
3.332484, 0.880964, -0.729529
3.316402, 0.846932, -0.494794
1.019962, -0.830759, -0.128690
0.563832, -0.838736, -0.005625
0.912582, -0.802570, -0.067368
0.756911, -0.795507, -0.040157
0.740822, -0.844579, -0.009589
0.390162, -0.800898, 0.065053
0.895743, -0.760787, -0.043978
0.328851, -0.727804, 0.084357
-0.937470, 0.419274, -0.479605
-0.096425, 0.489213, -0.956119
-0.886093, 0.501566, -0.544706
-0.742192, 0.441452, -0.579374
-0.964346, 0.493180, -0.527047
-0.995847, 0.496259, -0.152226
-0.978927, 0.544614, -0.427061
-0.957983, 0.555172, -0.545679
3.333196, 0.691810, -0.832827
3.304329, 0.634050, -0.564305
3.330083, 0.744492, -0.799504
3.306429, 0.729127, -0.536905
3.322265, 0.642991, -0.561649
3.227310, 0.674046, -0.270321
3.336497, 0.759856, -0.722066
3.223425, 0.709492, -0.252962
1.183191, -0.930238, -0.245188
0.877053, -0.971391, -0.191285
0.908993, -0.892199, -0.095416
0.806764, -0.926216, -0.094162
1.007914, -0.933543, -0.142180
0.906490, -0.971260, -0.157639
0.784038, -0.918679, -0.049070
0.733344, -0.920100, -0.054380
-0.099880, 0.099387, -0.342260
-0.941580, 0.303284, -0.500914
0.160235, 0.388253, -0.917945
-0.695014, 0.291797, -0.586282
-0.972894, 0.323762, -0.229859
-0.978724, 0.314134, -0.453566
-0.631347, 0.402206, -0.893274
-0.983560, 0.412945, -0.062416
2.140467, -0.164797, -0.537933
2.095556, -0.139798, -0.508103
2.170562, -0.106267, -0.497940
2.020412, -0.058026, -0.509623
2.344140, -0.114972, -0.476490
2.227997, -0.160384, -0.466286
2.323188, -0.047212, -0.494369
2.179088, -0.045994, -0.468094
2.052665, -0.125471, -0.472094
1.830439, -0.176149, -0.432376
1.974563, -0.069600, -0.448033
1.852996, -0.105576, -0.452246
2.075212, -0.166482, -0.457963
1.973970, -0.190918, -0.413740
2.136676, -0.104701, -0.429811
1.971151, -0.104394, -0.436047
-0.496165, 0.705166, -0.542744
-0.214142, 0.630517, -0.366497
-0.055035, 0.671750, -0.344712
-0.762018, 0.809069, -0.777149
0.876782, 0.523746, -0.930671
0.889757, 0.614772, -0.963645
0.880108, 0.627573, -0.897722
0.902129, 0.668577, -0.975925
3.302526, 0.408940, -0.723746
3.288611, 0.429377, -0.466917
3.307475, 0.489344, -0.717109
3.281823, 0.475819, -0.497128
3.320913, 0.400505, -0.658602
3.305610, 0.384019, -0.508012
3.315855, 0.496937, -0.580922
3.264823, 0.482499, -0.271417
1.684224, -0.958795, -0.806278
1.328604, -0.977464, -0.592917
1.273275, -0.954703, -0.554217
1.340346, -0.974074, -0.571972
1.596091, -0.957765, -0.613262
1.719958, -0.960395, -0.698094
1.521128, -0.958049, -0.607991
1.278484, -0.947623, -0.521474
0.210450, 0.058465, -0.916433
-0.820681, -0.072249, -0.686845
-0.184470, -0.135722, -0.427043
-0.824204, 0.041177, -0.645144
0.018867, 0.015727, -0.933065
-0.978720, 0.018741, -0.398971
-0.975706, 0.086418, -0.213512
0.216732, 0.175624, -0.865250
2.692162, 0.156841, -1.026127
2.746829, 0.164558, -0.956735
2.653959, 0.215547, -1.034627
2.704933, 0.212731, -0.974600
2.867458, 0.162206, -1.012995
2.841287, 0.157671, -0.946769
2.820941, 0.231508, -1.004952
2.880548, 0.228959, -0.975716
0.829003, 0.518263, -0.731200
0.839285, 0.530598, -0.814924
-1.005279, 0.751462, -0.123290
0.731602, 0.663317, -1.010407
-0.603289, 0.582703, 0.102353
-0.604149, 0.634351, 0.101352
-0.553298, 0.840473, 0.101897
-0.601274, 0.732232, 0.100595
3.323373, 0.390429, -0.609608
3.301684, 0.440651, -0.174083
3.329185, 0.456806, -0.650537
3.272260, 0.474709, -0.185892
3.296628, 0.432170, -0.292344
3.009661, 0.429820, -0.156822
3.302636, 0.470963, -0.202650
2.092746, 0.501308, -0.119213
1.997704, -0.951588, -0.882577
1.950265, -0.947861, -0.831059
1.695677, -0.904808, -0.563753
1.660776, -0.925068, -0.549279
2.328151, -0.958476, -0.842951
1.998664, -0.935623, -0.690726
1.842952, -0.902663, -0.619530
1.986343, -0.932435, -0.652840
-0.447126, 0.505881, -1.018687
-0.080177, 0.436334, -0.449854
-0.811327, 0.598919, -0.961857
-0.055105, 0.529016, -0.482387
-0.943097, 0.571080, -0.766255
0.347993, 0.430659, -0.529384
-0.991903, 0.661775, -0.615388
0.323803, 0.449951, -0.530974
-0.854512, -0.062621, -0.515371
-0.831475, -0.116347, -0.516051
-0.864776, 0.031351, -0.485673
-0.879916, 0.050244, -0.451474
-0.179358, -0.198299, -0.230954
-0.201943, -0.192557, -0.235873
-0.084861, -0.083816, -0.162575
-0.290175, -0.098656, -0.274534
0.846334, 0.657361, -0.832268
0.865708, 0.673099, -0.750074
0.850478, 0.749148, -0.861216
0.922669, 0.836095, -0.803977
-1.004073, 0.849924, -0.584272
-0.658703, 0.862360, 0.064958
-0.754863, 0.986406, 0.024998
-0.750980, 0.965509, 0.046749
1.599116, 0.464917, -1.027893
1.539644, 0.429364, -1.005350
1.621985, 0.510280, -1.048359
1.589162, 0.525017, -1.006393
1.665669, 0.468323, -1.043000
1.733131, 0.455722, -0.987576
1.704349, 0.558975, -1.028596
1.697095, 0.511189, -0.984577
-0.468646, 0.799389, -0.518255
-0.647715, 0.836234, -0.604916
-0.703849, 0.890176, -0.771978
-0.749033, 0.884831, -0.592207
0.906655, 0.699514, -0.925061
0.946992, 0.713404, -0.934456
0.954795, 0.781563, -0.944839
0.963106, 0.804147, -0.883852
3.159357, 0.058408, -1.011661
3.124812, 0.050846, -0.952086
3.118127, 0.070507, -1.020181
3.148287, 0.069998, -0.966331
3.193597, 0.023380, -1.017652
3.221444, 0.002640, -0.905099
3.259775, 0.086949, -1.041044
3.229794, 0.066018, -0.932577
2.587118, -0.160698, -0.148935
1.580433, -0.185949, -0.024137
1.154353, -0.089940, 0.068653
1.587098, -0.047186, -0.022293
-0.691189, -0.132326, -0.051557
-0.376323, -0.165115, 0.048590
-0.604686, -0.044530, -0.032500
-0.668987, 0.078316, -0.010531
1.869589, 0.751830, -0.908199
1.912945, 0.767866, -0.889722
1.959008, 0.922900, -0.984898
1.824598, 0.899415, -0.944195
2.040154, 0.805080, -0.925965
1.953311, 0.794738, -0.907365
2.122701, 0.882921, -0.954860
2.104380, 0.894835, -0.949641
-0.751219, 0.848444, -0.754929
-0.875983, 0.881925, -0.764148
-0.815506, 0.910047, -0.752512
-0.846846, 0.900705, -0.740215
0.949119, 0.762262, -0.805944
-0.689307, 0.814784, -0.583486
-0.816745, 0.922597, -0.555540
-0.597987, 0.866256, -0.592303
0.354103, 0.877312, -0.437156
-0.382741, 0.916332, -0.626975
-0.167554, 0.968405, -0.779174
0.562381, 0.951149, -0.747412
-0.401428, 0.902927, -0.596691
-0.399711, 0.935769, -0.618956
0.783391, 0.902996, -0.660389
-0.187644, 0.928143, -0.422036
1.101850, -0.934220, -0.740677
1.145417, -0.944531, -0.788115
1.035431, -0.894248, -0.672712
0.961603, -0.884784, -0.592266
1.339292, -0.934716, -0.895127
1.265861, -0.950880, -0.879235
1.197204, -0.877939, -0.700056
1.043345, -0.866046, -0.607356
3.301518, 0.305177, -0.235025
3.304637, 0.267725, -0.212570
3.302680, 0.339809, -0.435864
3.304153, 0.348710, -0.197708
3.301678, 0.267991, -0.344456
2.410171, 0.315055, -0.141137
3.300637, 0.363271, -0.272477
2.391257, 0.420538, -0.139568
-0.129488, 0.391079, -1.034983
-0.173144, 0.247705, -0.499264
-0.891880, 0.470544, -0.888586
0.047401, 0.364997, -0.478491
-0.911109, 0.386254, -0.944748
-0.184020, 0.244894, -0.506732
-0.650808, 0.413348, -0.998771
0.672123, 0.334374, -0.934331
-0.849099, -0.266438, -0.505132
-0.930240, -0.245537, -0.513188
-0.868228, -0.149221, -0.515590
-0.957955, -0.136909, -0.460833
-0.582676, -0.322191, -0.406820
-0.875074, -0.255181, -0.505498
-0.305278, -0.273350, -0.309930
-0.463933, -0.259634, -0.364286
-0.583785, 0.718134, -1.035425
-0.609038, 0.680993, 0.101203
0.837953, 0.643701, -0.847486
-0.593147, 0.767558, 0.098908
-0.845426, 0.679567, 0.099545
-0.956836, 0.614517, 0.072699
-0.889461, 0.784758, -1.026419
-0.570556, 0.828857, 0.096832
3.310123, 0.584525, -1.015943
3.265851, 0.561590, -0.777458
3.326447, 0.659676, -0.948591
3.270900, 0.641546, -0.707737
3.302139, 0.551695, -0.934476
3.286319, 0.581476, -0.750092
3.308792, 0.631373, -0.841331
3.291527, 0.618751, -0.769050
0.543471, -0.666670, -0.628722
0.500770, -0.654672, -0.599572
0.041327, -0.629231, -0.458306
0.162049, -0.628486, -0.481266
-0.511188, -0.693764, -0.492307
-0.592718, -0.707387, -0.523993
-0.390674, -0.619268, -0.464079
-0.541770, -0.614136, -0.506216
1.348706, -0.048449, -0.073071
1.152319, -0.035872, -0.021671
1.308168, 0.090682, -0.056410
1.137287, 0.024374, -0.021849
1.060097, -0.065756, 0.017856
0.936551, -0.063607, 0.033366
0.980002, 0.075673, 0.030250
0.812221, 0.073333, 0.071835
0.210938, 0.035848, -0.622907
0.164463, 0.069440, -0.619882
0.060069, 0.110686, -0.588196
0.235764, 0.139380, -0.618192
0.437209, 0.087833, -0.813732
0.451813, 0.044387, -0.860410
0.490437, 0.140872, -0.787282
0.456889, 0.160594, -0.758960
0.804004, 0.924966, -0.181859
0.639978, 0.920335, -0.128188
1.194613, 0.946031, -0.326428
1.064860, 0.951833, -0.283996
0.972312, 0.943255, -0.167713
0.566622, 0.961113, -0.050618
1.184722, 0.939412, -0.295474
1.619511, 0.949901, -0.556768
2.648719, -0.101669, -1.040236
2.731697, -0.100432, -0.977973
2.749748, -0.032385, -1.011235
2.631800, -0.030453, -0.985815
2.849035, -0.112532, -0.996410
2.834974, -0.117530, -0.995403
2.778958, -0.037601, -1.028541
2.793199, -0.069485, -0.965465
0.715867, 0.233709, -0.626675
0.810079, 0.309962, -0.820233
-0.791913, 0.177111, -1.015122
0.770786, 0.321505, -0.665517
-0.961420, -0.015453, -0.995866
-0.804499, 0.167166, 0.103898
-0.896543, 0.185667, -1.015041
-0.695988, 0.150155, 0.096699
2.542645, -0.100990, -0.783459
2.576324, -0.105281, -0.713168
2.592008, -0.078896, -0.750777
2.594956, -0.051163, -0.717330
2.702568, -0.132084, -0.715680
2.669469, -0.121083, -0.675711
2.763354, -0.072839, -0.700813
2.769196, -0.048915, -0.673355
1.506814, -0.032510, -0.934241
1.554757, -0.023491, -0.899370
1.518073, 0.037278, -0.967749
1.564013, 0.050537, -0.931566
1.726189, -0.022234, -0.960830
1.800931, -0.026730, -0.922975
1.757819, 0.064399, -0.951821
1.719563, 0.037852, -0.934100
3.299021, -0.878601, -0.898640
3.264779, -0.879003, -0.839366
3.333813, -0.901684, -0.995287
3.261015, -0.832703, -0.688767
3.327539, -0.912288, -0.928411
3.271642, -0.935760, -0.669572
3.297404, -0.848141, -0.740732
3.276664, -0.853735, -0.614034
3.146503, 0.019576, -0.813646
3.101393, 0.002454, -0.802428
3.100411, 0.063922, -0.839487
3.121830, 0.057845, -0.740695
3.191080, -0.008150, -0.803354
3.156476, 0.039889, -0.720011
3.195556, 0.089182, -0.846237
3.158741, 0.052847, -0.653161
-0.099737, 0.155340, -0.843514
-0.083935, 0.150251, -0.847493
0.241340, 0.126550, -0.583882
0.241876, 0.115242, -0.586899
-0.347235, 0.199898, -0.865457
-0.336946, 0.173453, -0.869784
-0.311905, 0.236454, -0.840601
-0.228614, 0.299217, -0.865609
1.248579, 0.947104, -0.275460
0.799320, 0.937216, -0.129188
1.670533, 0.941322, -0.561802
1.661171, 0.946755, -0.539641
1.144551, 0.927779, -0.163989
0.558726, 0.955542, -0.022755
1.861056, 0.945388, -0.622499
1.882675, 0.953896, -0.640485
0.455794, 0.616335, -0.452920
0.144176, 0.830954, -1.043394
0.651164, 0.732674, -0.549317
0.839736, 0.711276, -0.758605
0.827823, 0.634842, -0.807996
0.828747, 0.671634, -0.862656
0.482024, 0.695476, -0.461287
0.764578, 0.668153, -0.770410
3.269147, 0.454886, -1.031894
3.252584, 0.432895, -0.726008
3.259521, 0.485476, -1.041104
3.250771, 0.505222, -0.745470
3.303144, 0.414735, -0.912044
3.276531, 0.428141, -0.586575
3.313467, 0.497763, -0.932067
3.259260, 0.503084, -0.734342
0.505530, -0.777242, -0.636584
0.407016, -0.824357, -0.608082
0.420323, -0.752000, -0.585927
-0.152552, -0.711899, -0.477022
-0.369776, -0.825166, -0.472645
-0.544217, -0.828356, -0.488065
-0.421444, -0.751547, -0.479720
-0.536974, -0.740745, -0.462187
-0.364718, 0.912014, -0.395346
-0.045730, 0.870667, -0.284802
0.018245, 0.910259, -0.299489
-0.133979, 0.920531, -0.321280
0.384159, 0.903826, -0.273904
0.402058, 0.913247, -0.258667
1.002104, 0.960951, -0.594991
0.613029, 0.951990, -0.355302
1.257778, -0.186562, -0.033792
1.249638, -0.174211, -0.049317
1.197079, -0.135823, -0.019966
1.036746, -0.152437, 0.004372
0.736519, -0.172048, 0.080348
0.880116, -0.193204, 0.059084
1.174918, -0.143274, -0.010190
0.846624, -0.126298, 0.065509
1.884409, 0.000435, -0.470171
1.838058, -0.029458, -0.447623
1.990857, 0.038596, -0.445688
1.943773, 0.046386, -0.446439
2.106351, 0.034570, -0.422292
1.973082, 0.031604, -0.411967
2.007723, 0.034810, -0.446469
1.978524, 0.063799, -0.430573
-0.218481, -0.903845, -0.835099
-0.324449, -0.905252, -0.729371
-0.338546, -0.845618, -0.744893
-0.107955, -0.921991, -0.850036
0.256385, -0.856789, -0.714158
-0.433777, -0.926202, -0.680467
-0.345680, -0.864269, -0.586268
-0.232574, -0.893014, -0.584060
0.103911, -0.097855, -0.609739
0.074542, -0.061980, -0.615953
0.192100, -0.060817, -0.665050
0.061091, -0.049060, -0.609126
0.474355, -0.110106, -0.796196
0.450097, -0.106433, -0.776290
0.447144, -0.009581, -0.809310
0.428661, -0.008667, -0.746779
0.517109, 0.787522, -0.035537
0.310967, 0.812166, 0.016678
0.749664, 0.895134, -0.138222
0.582631, 0.880874, -0.076257
0.455731, 0.813926, 0.006327
0.354335, 0.841347, 0.031992
0.876272, 0.893449, -0.134259
0.472803, 0.906456, -0.006024
0.553720, 0.080205, -0.537554
0.840527, 0.094474, -0.842610
0.763141, 0.271711, -0.872595
0.818370, 0.231287, -0.826665
-0.714306, -0.021379, -1.018110
-0.358181, 0.062123, -1.037768
-0.432491, 0.115981, -1.033805
-0.804875, 0.009224, -1.021848
-0.286235, -0.003183, -1.019302
0.605726, -0.008795, -0.780393
-0.453230, 0.109209, -1.005095
0.329298, 0.115886, -0.570916
-1.013766, 0.139414, -0.250014
0.497830, 0.085068, -1.009079
-0.909478, 0.107958, -0.970318
-0.417781, 0.099643, -1.014052
2.926104, 0.838273, -0.756695
2.889762, 0.837258, -0.729831
2.905278, 0.911615, -0.830833
2.832322, 0.885846, -0.790392
2.994048, 0.873338, -0.776108
2.954433, 0.867742, -0.732887
3.046400, 0.935976, -0.841333
2.980595, 0.942449, -0.771651
3.329155, 0.036328, -0.706659
3.308592, 0.016960, -0.318492
3.320818, 0.077246, -0.653312
3.325130, 0.050183, -0.573154
3.304955, 0.012030, -0.162293
2.616625, 0.030727, -0.146166
3.332769, 0.098856, -0.624492
2.989282, 0.096424, -0.146782
-0.927821, -0.572372, -0.448474
-0.947836, -0.577162, -0.454942
-0.926865, -0.428643, -0.547678
-0.930842, -0.422019, -0.596050
-0.715275, -0.632098, -0.392613
-0.822091, -0.627270, -0.368650
-0.365982, -0.555068, -0.329843
-0.509441, -0.534273, -0.355026
0.265017, -0.491147, -0.096317
0.162388, -0.490115, -0.096828
0.215528, -0.449420, -0.094782
0.155913, -0.467945, -0.062805
0.301822, -0.517680, -0.065725
0.187918, -0.530377, -0.039659
0.362268, -0.485807, -0.081614
0.254498, -0.467273, -0.036266
-0.738108, 0.130373, -1.022634
0.586817, 0.263172, -0.538855
0.600381, 0.340454, -0.549980
0.624618, 0.303117, -0.563178
0.123657, 0.320227, -1.045370
-0.644549, 0.107819, -1.026603
-0.939120, 0.294946, -1.000766
-1.020435, 0.341143, -0.163130
0.664414, 0.878331, -0.308427
0.770993, 0.911867, -0.326386
1.039543, 0.967412, -0.627697
1.017886, 0.965528, -0.584480
0.949984, 0.888744, -0.374442
0.866925, 0.864062, -0.310134
1.160645, 0.918777, -0.480080
1.218748, 0.946602, -0.551111
0.390616, -0.225830, 0.129022
-0.132429, -0.144701, 0.060851
0.255718, -0.133220, 0.153146
-0.075919, -0.090192, 0.088093
-0.341795, -0.143171, -0.049413
-0.548749, -0.131658, -0.159812
-0.393219, -0.083047, -0.080302
-0.393379, -0.041007, -0.088714
2.218878, -0.009343, -0.385417
2.049755, 0.001189, -0.360267
2.147289, 0.057476, -0.409026
2.125209, 0.063511, -0.367308
2.240943, 0.002872, -0.348864
2.095872, 0.028383, -0.327309
2.236344, 0.069857, -0.336279
2.030798, 0.067505, -0.342938
0.519154, -0.917884, -0.766258
0.448837, -0.916844, -0.835742
-0.767474, -0.982995, -1.043607
0.652070, -0.873773, -0.860265
0.234104, -0.932125, -0.653806
-0.774002, -0.916188, 0.100173
-0.721198, -0.891680, 0.113400
-0.722206, -0.881892, 0.104692
0.011235, 0.075524, -0.867497
0.085445, -0.022708, -0.823189
0.026142, 0.154199, -0.861451
0.075062, 0.025934, -0.783534
-0.357462, 0.045613, -0.854996
-0.455007, 0.022857, -0.845536
-0.572878, 0.069627, -0.835821
-0.558321, 0.130495, -0.847357
0.473910, 0.856025, 0.026241
0.367597, 0.888827, 0.029452
0.891382, 0.865459, -0.125755
0.618370, 0.923113, -0.054423
0.440654, 0.842126, 0.038120
0.198479, 0.872196, 0.021196
0.959825, 0.908629, -0.103861
0.357161, 0.918566, 0.039283
0.801766, 0.547340, -0.775312
0.715580, 0.517237, -0.637734
0.467518, 0.606485, -0.454544
0.779260, 0.580147, -0.809588
0.749273, 0.529009, -0.783369
0.566450, 0.573732, -1.018971
0.429879, 0.570937, -0.451633
0.314167, 0.736977, -1.042059
2.858104, 0.671899, -0.769996
2.901500, 0.709184, -0.665579
2.925475, 0.785615, -0.753273
2.851332, 0.746602, -0.725561
3.006798, 0.716393, -0.673887
2.904858, 0.693754, -0.652489
2.990351, 0.785620, -0.718282
2.930314, 0.791453, -0.700041
-0.862734, -0.140038, -0.966023
0.629788, -0.125676, -0.820819
-0.982169, 0.011058, -0.747979
0.615718, -0.051922, -0.813261
-0.770750, -0.105508, -0.970223
-0.221315, -0.094757, -1.030924
-0.996223, -0.009844, -0.657874
-0.538611, -0.053757, -0.990214
-0.918014, -0.750740, -0.363547
-0.963457, -0.727104, -0.407799
-0.917884, -0.613509, -0.422735
-0.877626, -0.691007, -0.338743
-0.302379, -0.727528, -0.324114
-0.477222, -0.693891, -0.335794
-0.570226, -0.681768, -0.360940
-0.915460, -0.639767, -0.344016
0.688541, 0.127305, -0.642619
0.802853, 0.089598, -0.798859
0.569885, 0.183120, -0.549527
0.632525, 0.159313, -0.581495
-0.365507, 0.077200, -1.037585
-0.212855, 0.089734, -1.042564
0.646836, 0.253649, -0.715107
-0.903871, -0.041449, -1.029677
-0.160635, -0.616919, -0.238760
-0.072397, -0.619058, -0.179584
-0.184949, -0.583792, -0.249165
-0.091327, -0.545756, -0.178743
0.140364, -0.678659, -0.146556
0.027092, -0.614025, -0.142992
0.225206, -0.581163, -0.128735
0.010754, -0.590382, -0.147250
0.612782, 0.751069, -0.546563
0.405457, 0.712645, -0.445582
0.696907, 0.790287, -0.618417
0.706878, 0.788538, -0.600312
0.447077, 0.759490, -0.485910
0.111333, 0.728224, -0.385693
0.732470, 0.786845, -0.637927
0.707328, 0.802459, -0.603646
0.773409, 0.147891, -0.773997
0.793208, 0.193186, -0.876955
0.620428, 0.186639, -0.595743
0.720731, 0.268106, -0.780923
0.758736, 0.140809, -0.876869
0.718186, 0.134173, -0.836369
0.771584, 0.268224, -0.884193
0.664393, 0.219513, -0.740371
0.393448, -0.438171, -0.735418
0.173135, -0.380082, -0.644858
-0.112152, -0.333322, -0.664396
-0.002974, -0.294730, -0.775169
-0.013477, -0.341121, -0.918066
0.069458, -0.362579, -0.872874
-0.153475, -0.291726, -0.922095
0.167601, -0.233549, -0.841122
0.634705, 0.496655, -0.027676
0.194568, 0.443928, 0.036946
0.601556, 0.592144, -0.016868
0.424373, 0.561737, 0.026240
0.560776, 0.488266, 0.010576
0.033388, 0.448036, 0.020329
0.592798, 0.604491, 0.006730
0.365137, 0.547391, 0.053230
1.942519, -0.976432, -0.898832
1.609160, -0.998052, -0.750650
1.110816, -0.985586, -0.417944
0.705934, -0.988304, -0.234432
2.072865, -0.966081, -0.818369
2.075290, -0.982174, -0.890376
0.855376, -0.978457, -0.282664
1.245688, -0.983509, -0.441803
-0.029428, 0.315713, -0.377009
0.299739, 0.306240, -0.413743
0.167445, 0.347668, -0.378842
0.734245, 0.386813, -0.681216
0.035476, 0.353787, -0.381297
0.786095, 0.366288, -0.871742
0.783653, 0.428182, -0.861700
0.728591, 0.368292, -0.984338
1.548755, -0.945855, -0.683815
1.791934, -0.949287, -0.825505
1.513570, -0.927870, -0.650756
1.489983, -0.915964, -0.574997
1.887900, -0.930572, -0.842516
1.752673, -0.931015, -0.674860
1.774376, -0.900676, -0.687491
1.592055, -0.937926, -0.616833
-0.689850, -0.060126, -0.635559
0.153896, -0.199618, -0.419156
-0.935805, 0.100181, -0.502878
-0.347309, -0.063176, -0.462442
-0.964672, 0.032167, -0.370425
-0.981190, 0.072554, -0.289933
-0.977543, 0.101393, -0.371819
-0.898925, 0.101321, -0.723062
-0.230789, -0.708101, -0.294107
-0.110019, -0.721339, -0.210293
-0.016814, -0.700470, -0.190594
-0.246943, -0.672117, -0.278603
-0.097734, -0.802096, -0.185721
-0.071040, -0.783084, -0.171997
0.026415, -0.726449, -0.174640
-0.026790, -0.716332, -0.158272
0.360635, 0.614241, -0.475725
-0.240861, 0.575294, -0.406690
0.604058, 0.679973, -0.574495
0.163365, 0.583096, -0.378959
0.397512, 0.635238, -0.485272
-0.134851, 0.565320, -0.398363
0.578501, 0.654397, -0.565707
0.266998, 0.623138, -0.404301
0.471988, -0.527635, -0.540180
0.788818, -0.527616, -0.859986
0.818163, -0.438547, -0.944696
0.820700, -0.423685, -0.933863
-0.312701, -0.500446, -0.456122
-0.376443, -0.554043, -0.427982
-0.225246, -0.496200, -0.397374
-0.302385, -0.474064, -0.415745
3.322197, 0.561164, -0.855973
3.291747, 0.534111, -0.514055
3.328177, 0.641483, -0.816663
3.291635, 0.579419, -0.452057
3.317022, 0.546125, -0.631123
3.308883, 0.493163, -0.517222
3.339383, 0.595957, -0.760666
3.302189, 0.567337, -0.427800
0.878473, -0.738149, -0.992013
0.829279, -0.696108, -0.991486
0.879338, -0.649593, -0.875930
0.797080, -0.634261, -1.007628
0.899851, -0.710931, -0.775901
0.813010, -0.722115, -0.724465
0.818250, -0.655981, -0.715206
0.725607, -0.662073, -0.657111
0.613177, -0.206313, -0.000487
0.059903, -0.166746, 0.062967
0.656994, -0.101066, -0.002259
0.287742, -0.153116, 0.056838
0.406344, -0.179733, 0.052921
0.313174, -0.250808, 0.057492
0.380905, -0.091380, 0.059099
0.180312, -0.075899, 0.077901
0.783796, -0.055698, -0.192257
0.661239, -0.095883, -0.168696
0.777502, 0.031903, -0.189981
0.606900, 0.031208, -0.168779
0.835269, -0.019166, -0.196058
0.697380, -0.031502, -0.155017
0.856640, 0.051131, -0.190486
0.778017, 0.014276, -0.171891
1.455655, -1.019792, -0.354764
0.326554, -1.009074, -0.028027
0.006490, -0.952524, 0.132935
-0.133414, -0.936113, 0.095817
-0.297153, -0.989804, -0.217484
-0.643651, -0.979641, -0.226273
-0.412616, -0.970824, -0.096669
-0.576599, -0.965150, -0.119485
1.103693, -0.716480, -1.025841
1.163272, -0.707219, -0.986870
1.084283, -0.638291, -1.047518
1.124512, -0.641304, -0.938825
1.276060, -0.685730, -1.044872
1.342441, -0.690668, -0.993967
1.286685, -0.631061, -1.032663
1.381023, -0.598084, -0.996922
3.329542, 0.541253, -0.660150
3.268305, 0.568393, -0.178760
3.324431, 0.563914, -0.559962
3.275950, 0.620126, -0.214417
3.293046, 0.528036, -0.257293
2.990795, 0.585850, -0.156278
3.297057, 0.593818, -0.204739
3.284427, 0.582258, -0.186318
-0.992410, 0.699865, -0.629465
-0.233812, 0.604012, -0.531083
-0.905253, 0.786226, -0.900008
0.457292, 0.535020, -0.566795
-0.951323, 0.688837, -0.741603
-0.561002, 0.669569, -1.010913
-0.795375, 0.738316, -0.895868
-0.165297, 0.621363, -0.483117
1.097126, 0.760121, -0.966464
1.080760, 0.804353, -0.904278
1.111074, 0.904460, -0.985379
1.056651, 0.860477, -1.006769
1.097350, 0.770142, -0.924092
1.150763, 0.758984, -0.896371
1.144766, 0.902052, -0.962335
1.131773, 0.917290, -0.933669
3.164196, -0.071268, -0.979600
3.104486, -0.088440, -0.930885
3.162417, -0.003080, -1.016272
3.118152, -0.030231, -0.955459
3.242287, -0.105790, -0.985296
3.189179, -0.124091, -0.844576
3.202932, -0.028015, -1.018007
3.204297, -0.064219, -0.891719
2.693041, 0.004863, -1.025785
2.654212, -0.011013, -0.973916
2.699145, 0.083125, -1.046425
2.653939, 0.062576, -1.005779
2.773135, 0.041740, -1.019352
2.807507, 0.045094, -0.990782
2.887892, 0.054627, -1.008473
2.861093, 0.068844, -0.984850
0.731730, 0.370206, -0.649860
0.796399, 0.385084, -0.692934
-0.856815, 0.464192, -1.020659
0.813198, 0.496334, -0.874074
-0.846271, 0.283460, 0.097353
-0.660772, 0.321331, 0.102823
-0.690517, 0.386258, 0.092764
-0.693540, 0.396764, 0.092757
0.885171, -0.699618, -1.048763
0.940214, -0.715380, -1.022709
0.963294, -0.662072, -1.028801
0.859291, -0.605816, -1.035245
0.992686, -0.679272, -1.013614
1.004009, -0.692199, -0.977494
1.071106, -0.625452, -1.033831
1.025451, -0.630923, -0.955072
1.476455, -0.183918, -0.220076
1.165420, -0.229467, -0.143241
1.378807, -0.130736, -0.202252
1.153177, -0.134181, -0.134756
1.369319, -0.166388, -0.169944
1.146301, -0.195788, -0.103235
1.430296, -0.101869, -0.185124
1.114344, -0.142647, -0.086221
3.317966, 0.134281, -0.196813
0.220109, 0.123801, 0.179951
3.034710, 0.257115, -0.147209
1.261365, 0.249774, 0.050504
2.186802, 0.169038, -0.120661
-0.333848, 0.131746, 0.099366
0.517475, 0.214199, 0.170613
-0.369697, 0.300280, 0.089271
1.529154, -0.931508, -0.327129
1.311927, -0.930346, -0.297745
1.425281, -0.894199, -0.269640
1.114209, -0.883535, -0.189412
1.390685, -0.910709, -0.245193
1.368984, -0.927782, -0.270387
1.343137, -0.873404, -0.217716
1.217816, -0.898820, -0.185161
-0.204227, 0.119080, -0.364613
-0.454429, 0.182310, -0.496732
0.093719, 0.158123, -0.325596
0.156781, 0.160040, -0.338974
-0.799344, 0.313688, -0.834704
-0.950055, 0.328017, -0.310812
-0.735557, 0.366013, -0.856390
-0.668107, 0.393593, -0.880433
2.689315, 0.385442, -1.026354
2.716040, 0.379943, -0.965100
2.732811, 0.459865, -1.048275
2.675626, 0.412811, -1.003462
2.902689, 0.374991, -1.016208
2.798062, 0.377352, -0.957179
2.793876, 0.448427, -1.015637
2.919163, 0.475324, -0.957997
0.631965, -0.082491, -0.096476
0.664935, -0.046888, -0.093533
0.868984, 0.023804, -0.141452
0.609030, 0.041186, -0.074731
0.859579, -0.085650, -0.116641
0.642076, -0.079479, -0.056663
0.948656, 0.007783, -0.126540
0.802859, -0.015128, -0.090529
-0.402424, -0.999141, -0.339672
-0.529671, -0.974930, -0.402623
-0.901363, -0.853354, -0.019217
-0.993671, -0.773669, -0.241419
-0.862224, -0.940950, -0.013706
-0.929043, -0.899000, -0.039590
-0.980598, -0.845310, -0.149718
0.040431, -0.822391, -0.739821
-0.120625, 0.810133, -0.870167
-0.248112, 0.789628, -0.843731
0.271723, 0.805337, -0.866043
-0.070876, 0.837338, -0.849545
0.125116, 0.810253, -0.940391
-0.076388, 0.782757, -0.939155
-0.576228, 0.834728, -0.834432
-0.534748, 0.857144, -0.855941
1.305363, -0.232315, -0.242982
1.069885, -0.224355, -0.167281
1.311391, -0.121394, -0.243816
1.052264, -0.100896, -0.165408
1.285550, -0.187066, -0.209936
1.124464, -0.185808, -0.155879
1.375552, -0.095815, -0.240403
1.263420, -0.075881, -0.194549
3.329275, 0.123260, -0.585672
3.321014, 0.136275, -0.505921
3.320011, 0.184632, -0.591570
3.286982, 0.168854, -0.261802
3.334419, 0.166322, -0.705002
2.088104, 0.134333, -0.112391
3.331509, 0.181211, -0.683413
3.309969, 0.178938, -0.168058
-0.803071, 0.392933, -1.012754
0.643553, 0.389885, -0.562922
0.632207, 0.498246, -1.007049
0.798258, 0.501910, -0.708850
-0.789614, 0.513236, -1.016160
-1.029353, 0.392725, -0.370690
-0.907252, 0.476120, -1.008163
-0.659453, 0.513625, 0.097414
1.439951, -0.499694, -0.321615
1.368323, -0.535877, -0.289130
1.513140, -0.408003, -0.305070
1.215658, -0.444107, -0.232190
1.627379, -0.473783, -0.336231
1.344254, -0.537647, -0.246448
1.513568, -0.410390, -0.294054
1.388615, -0.461075, -0.238547
0.500383, -0.710014, 0.083510
0.203443, -0.682043, 0.101614
0.280114, -0.628970, 0.137262
0.138492, -0.611885, 0.099045
0.118766, -0.695443, 0.106782
-0.236950, -0.620579, -0.053685
-0.279060, -0.508719, -0.081956
-0.218603, -0.564607, -0.039842
-0.849031, 0.501094, -0.433892
-0.968216, 0.546038, -0.272658
-0.822899, 0.666458, -0.433784
-0.865428, 0.638895, -0.412428
-0.435770, 0.443388, -0.354267
-0.450761, 0.447392, -0.357032
0.148253, 0.483650, -0.103970
0.019939, 0.534079, -0.104081
0.396835, 0.835531, -0.384339
0.907900, 0.900773, -0.706323
0.958498, 0.911371, -0.770765
0.461325, 0.903031, -0.402472
-0.550748, 0.924952, -0.554572
-0.441078, 0.917937, -0.487894
-0.017440, 0.915076, -0.332195
0.154766, 0.939492, -0.313720
1.854877, -0.201030, -0.263733
1.811541, -0.159120, -0.242156
1.940776, -0.051325, -0.257359
1.723215, -0.059981, -0.215441
1.748762, -0.161636, -0.195245
1.550540, -0.212142, -0.137060
1.765346, -0.051165, -0.201611
1.657700, -0.062116, -0.182623
1.782511, -0.046673, -0.555101
1.717444, -0.044861, -0.494136
1.848214, 0.018664, -0.558279
1.865367, 0.030253, -0.537850
2.116361, 0.005886, -0.554547
1.825486, -0.045939, -0.510767
2.030211, 0.055702, -0.538484
1.889597, 0.032534, -0.535672
-0.012860, -0.873349, -0.912054
-0.868377, -0.811808, 0.024819
0.071619, -0.817373, -0.884957
0.131398, -0.823971, -0.837969
-0.171389, -0.903917, -0.964333
-0.815945, -0.979113, -0.064549
-0.516253, -0.895639, -0.955053
0.262712, -0.851704, -0.855587
1.142866, 0.800595, -0.565453
1.077467, 0.815384, -0.512700
1.261574, 0.929184, -0.729453
1.234932, 0.911235, -0.648748
1.416645, 0.823205, -0.633571
1.299545, 0.823153, -0.557470
1.444773, 0.928290, -0.789302
1.265153, 0.899350, -0.618130
1.117487, -0.218027, 0.052578
0.679180, -0.214166, 0.114213
1.237095, -0.110620, 0.030117
1.432401, -0.102648, -0.025816
0.598166, -0.173278, 0.139860
-0.316392, -0.180201, 0.027193
0.255777, -0.105439, 0.178032
-0.216487, -0.063376, 0.071253
2.637643, 0.008928, -0.546427
2.599227, -0.001750, -0.528727
2.689920, 0.106841, -0.538576
2.607219, 0.044576, -0.516143
2.756276, 0.029324, -0.455960
2.668929, 0.013050, -0.437292
2.734791, 0.113198, -0.473070
2.638260, 0.083152, -0.442692
0.165087, -0.904148, -0.670133
0.042758, -0.919857, -1.030389
0.545810, -0.827953, -0.851950
0.552094, -0.861385, -0.943686
0.287436, -0.919176, -1.029547
0.516959, -0.892330, -0.834773
0.536519, -0.869715, -0.889260
-0.322050, -0.932827, -1.039730
1.871892, -0.163415, -0.363878
1.751929, -0.197965, -0.315389
1.923005, -0.092983, -0.343649
1.806358, -0.102816, -0.343300
1.887361, -0.139256, -0.289530
1.854695, -0.136842, -0.297884
1.967366, -0.076919, -0.326207
1.849063, -0.118551, -0.284639
0.321176, 0.774748, -0.287220
0.200943, 0.818213, -0.267854
0.557899, 0.905457, -0.371663
0.587668, 0.913733, -0.375543
0.979749, 0.816527, -0.506667
0.994392, 0.877166, -0.533439
0.858974, 0.876172, -0.483472
1.064474, 0.939235, -0.644210
2.295521, -0.112997, -0.231322
2.101276, -0.113800, -0.208629
2.242710, -0.038062, -0.204801
1.958702, -0.063782, -0.192278
1.775504, -0.149466, -0.136663
1.427474, -0.142022, -0.030154
1.785426, -0.068255, -0.136189
1.412016, -0.102857, -0.022588
2.483447, -0.025305, -0.638975
2.384718, 0.021222, -0.581488
2.502909, 0.072251, -0.629526
2.442316, 0.057646, -0.593076
2.504927, 0.018867, -0.593929
2.549553, 0.005819, -0.527320
2.529908, 0.096275, -0.604156
2.478619, 0.047360, -0.583456
-0.563739, -0.939332, -0.905232
-0.999195, -0.922082, -0.595573
0.179176, -0.771064, -0.667149
-0.316308, -0.859599, -0.731719
-0.159384, -0.855579, -0.671391
-0.117096, -0.870962, -0.672068
0.083114, -0.861352, -0.630051
0.369495, -0.809408, -0.668869
1.225764, 0.729848, -1.019899
1.248651, 0.730465, -0.991796
1.250087, 0.836354, -1.018595
1.234365, 0.849556, -1.022977
1.337438, 0.782243, -1.044993
1.445743, 0.763815, -1.004372
1.425314, 0.880038, -1.041093
1.354571, 0.898401, -1.035184
3.129279, 0.703826, -1.038698
3.192924, 0.660224, -0.927835
3.149569, 0.782301, -1.000630
3.187419, 0.739989, -0.928729
3.303329, 0.698761, -1.043963
3.244606, 0.681812, -0.929027
3.285821, 0.747971, -1.026126
3.294226, 0.731257, -0.961984
1.312202, 0.840517, -0.679201
1.207616, 0.859716, -0.648465
1.329772, 0.918724, -0.763244
1.290858, 0.901222, -0.717677
1.474835, 0.823401, -0.710173
1.399513, 0.822459, -0.660476
1.382099, 0.879105, -0.729858
1.403209, 0.856962, -0.661308
1.853381, -0.182027, -0.137178
1.228977, -0.157219, 0.036170
1.481924, -0.109131, -0.024602
1.545045, -0.128904, -0.054861
0.806346, -0.194259, 0.112626
0.276739, -0.207786, 0.179068
0.974218, -0.108465, 0.079602
-0.181775, -0.074391, 0.102466
2.785559, 0.019109, -0.570858
2.692490, -0.011346, -0.557274
2.747578, 0.054640, -0.587572
2.719594, 0.111127, -0.577794
2.817522, -0.001264, -0.543673
2.804607, 0.038524, -0.462317
2.851798, 0.094249, -0.482529
2.851659, 0.112132, -0.476166
0.464569, -0.872662, -0.885968
-1.010973, -0.926699, -0.588153
0.423935, -0.858344, -0.967261
0.075543, -0.881817, -0.648774
-0.921713, -0.944184, -0.747003
0.093451, -0.889308, -0.689002
0.112720, -0.853996, -0.650292
0.372582, -0.795344, -0.693966
0.051776, 0.770999, -0.804859
0.146375, 0.738546, -0.808407
-0.103715, 0.734615, -0.539394
0.153520, 0.846290, -0.809750
0.125970, 0.805214, -0.823765
0.078919, 0.790327, -0.833931
-0.152885, 0.848795, -0.768900
0.028789, 0.852280, -0.812820
0.993417, -0.211217, -0.194923
0.857471, -0.250497, -0.136934
0.959431, -0.103441, -0.177899
0.845844, -0.136773, -0.135678
1.095388, -0.202736, -0.210549
0.923945, -0.213962, -0.140603
1.067285, -0.116495, -0.203632
0.955872, -0.165380, -0.162900
-0.325684, 0.009105, -0.339350
0.080963, -0.052947, -0.200272
0.187622, 0.013707, -0.218588
-0.465108, 0.044524, -0.411211
0.350190, -0.042913, -0.255026
0.346029, -0.068012, -0.247927
0.504745, 0.023668, -0.294502
0.613062, 0.012258, -0.307376
2.471813, -0.956801, -0.374342
2.384345, -0.975027, -0.381910
2.318992, -0.929383, -0.338368
2.275858, -0.943419, -0.348155
2.281944, -0.978432, -0.313794
2.196457, -0.985204, -0.326386
2.045660, -0.965664, -0.278687
1.759652, -0.940692, -0.237025
3.305709, 0.147834, -0.771669
3.289270, 0.147423, -0.605641
3.314042, 0.189205, -0.863634
3.296271, 0.208757, -0.746251
3.320800, 0.160037, -0.781765
3.310117, 0.111045, -0.555488
3.317408, 0.196129, -0.765339
3.306053, 0.197919, -0.669857
-0.822050, -0.704977, -0.575906
-0.797066, -0.687033, -0.726313
0.716629, -0.647272, -0.793826
-0.736632, -0.605602, -0.571711
-0.909682, -0.701078, -0.496714
-0.919980, -0.700299, -0.459874
-0.867293, -0.606286, -0.669488
-0.918535, -0.661421, -0.516042
2.745569, 0.644996, -0.943388
2.643880, 0.604636, -0.929946
2.704764, 0.753268, -0.975850
2.757634, 0.690127, -0.919719
2.867720, 0.668637, -0.945511
2.801757, 0.673678, -0.915304
2.899371, 0.754212, -0.921792
2.795136, 0.727237, -0.910304
-0.412678, -0.326672, 0.043924
-0.979422, 0.099580, 0.023966
-0.466670, -0.212145, 0.010669
-0.764027, -0.154464, -0.012174
0.000646, -0.297937, 0.195909
-0.666001, -0.076599, 0.073321
-0.229646, -0.217710, 0.147545
-0.606456, -0.040918, 0.066426
0.155815, -0.941054, -0.220863
0.018773, -0.921364, -0.184175
0.120942, -0.858363, -0.163089
0.004590, -0.887835, -0.180141
0.082648, -0.941638, -0.167773
0.028766, -0.942996, -0.160559
-0.024084, -0.885875, -0.102936
0.009717, -0.912390, -0.138511
0.207797, -0.915062, -0.622596
0.485255, -0.905997, -0.970197
0.647610, -0.898760, -0.965994
0.641961, -0.888756, -0.971622
0.630155, -0.929238, -0.872211
0.098480, -0.942618, -0.615684
-0.721249, -0.892095, 0.110883
-0.740949, -0.902380, 0.103163
1.927177, -0.009433, -0.339567
1.864185, -0.043712, -0.334923
1.956215, 0.057767, -0.382136
1.881174, 0.064974, -0.348470
2.006835, -0.036571, -0.332376
1.795514, -0.004534, -0.284782
1.925289, 0.074088, -0.301839
1.798984, 0.066046, -0.295828
-0.351968, -0.154630, -0.090608
-0.127597, -0.198387, 0.042665
-0.333924, -0.063950, -0.088263
-0.429353, -0.044879, -0.148066
-0.606801, -0.105360, -0.194688
-0.533023, -0.115768, -0.174499
-0.468830, -0.090955, -0.154062
-0.683959, -0.068437, -0.251282
0.488803, 0.895585, -0.240901
0.299269, 0.909247, -0.172357
0.895907, 0.965739, -0.511642
0.705063, 0.960293, -0.378499
0.777696, 0.913212, -0.285405
0.519090, 0.901639, -0.202873
0.862647, 0.944871, -0.372120
0.849094, 0.941839, -0.314343
-0.982803, -0.622376, -0.609754
0.120657, -0.549440, -0.885259
0.219023, -0.389511, -0.832362
-0.177033, -0.464063, -0.950577
0.170171, -0.580495, -0.697382
0.001025, -0.554884, -0.664236
-0.043509, -0.530920, -0.647267
0.229285, -0.495214, -0.713318
0.558586, 0.281470, -0.039997
0.274622, 0.334053, 0.008974
0.431992, 0.353975, -0.014856
0.319031, 0.369564, 0.013824
0.526335, 0.329962, -0.012766
0.251490, 0.295435, 0.031319
0.403391, 0.414320, 0.016601
0.215927, 0.342826, 0.026098
1.947270, -0.409546, -0.467323
1.788712, -0.437251, -0.455422
1.945364, -0.381156, -0.471847
1.842164, -0.366381, -0.420463
2.010372, -0.460979, -0.415978
1.911539, -0.480071, -0.430622
1.996046, -0.358446, -0.454789
1.889836, -0.347785, -0.426960
0.994104, 0.860687, -0.905999
0.882819, 0.851314, -0.668377
0.876931, 0.915492, -0.651114
0.998038, 0.920061, -0.865235
-0.051920, 0.797902, -0.333100
-0.030942, 0.818310, -0.321285
0.351881, 0.879377, -0.336953
0.162668, 0.879006, -0.292926
2.423000, -0.157349, -0.344970
2.307288, -0.157043, -0.313034
2.410457, -0.078822, -0.340198
2.237227, -0.080996, -0.292339
2.374551, -0.153637, -0.280957
2.217879, -0.153790, -0.271947
2.384289, -0.042024, -0.263226
2.184413, -0.042679, -0.233699
2.099796, 0.003513, -0.694442
1.965909, 0.005303, -0.654184
2.129060, 0.077079, -0.683107
1.938115, 0.050194, -0.646752
2.229611, 0.028819, -0.661534
2.168483, 0.026493, -0.630104
2.329751, 0.087277, -0.673575
2.230348, 0.050148, -0.635999
-0.923361, -0.799662, 0.031206
-0.721587, -0.946649, -0.012864
0.066984, -0.808818, -0.959207
0.146586, -0.746927, -0.851050
-0.688553, -0.892053, 0.072297
0.183240, -0.895698, -0.968875
-0.161928, -0.880087, -1.013508
-0.477586, -0.884510, -0.958834
1.119000, 0.748256, -1.019682
1.110803, 0.769847, -1.002091
1.096601, 0.815968, -1.015625
1.011628, 0.781986, -1.044137
1.138463, 0.772830, -1.024827
1.169087, 0.738120, -0.946399
1.151996, 0.809587, -1.036775
1.169099, 0.863616, -1.002853
2.971605, 0.663402, -1.044147
2.931338, 0.662229, -0.980953
2.976674, 0.723491, -1.005185
2.945197, 0.750102, -0.979329
3.128906, 0.668641, -1.000387
3.065836, 0.682295, -0.937244
3.095370, 0.733548, -1.017811
3.119147, 0.733741, -0.940202
0.643394, 0.841996, -0.399106
0.380099, 0.826269, -0.323237
0.619630, 0.863947, -0.393370
0.841019, 0.894211, -0.501397
0.875400, 0.832374, -0.498821
0.860718, 0.834876, -0.486635
1.145755, 0.882935, -0.655476
0.988907, 0.925542, -0.612346
2.456080, -0.099646, -0.222060
2.227344, -0.135663, -0.206580
2.584903, -0.034089, -0.257887
2.358267, -0.072510, -0.227964
2.299229, -0.168519, -0.201908
2.274160, -0.164719, -0.204595
2.281961, -0.080248, -0.184083
1.796650, -0.082962, -0.137548
2.471778, 0.009159, -0.713514
2.440195, 0.002833, -0.680602
2.522609, 0.072578, -0.683168
2.494459, 0.063312, -0.644095
2.614085, 0.012563, -0.657457
2.633414, -0.011519, -0.615952
2.675140, 0.060931, -0.662175
2.611167, 0.066118, -0.638950
-0.661092, -0.963445, -0.950516
-0.273381, -0.905490, -0.978454
-0.688274, -0.932742, -0.946577
-0.223047, -0.757926, -0.670102
-0.469901, -0.929290, -0.942427
-0.815935, -0.970948, -0.875981
0.464313, -0.780505, -0.832425
-0.248538, -0.862472, -0.597870
2.366951, 0.607608, -0.981244
2.277532, 0.574414, -0.940450
2.247651, 0.716949, -0.988325
2.220168, 0.656355, -0.956488
2.508343, 0.649082, -0.988660
2.506874, 0.617814, -0.927747
2.550580, 0.677828, -0.980044
2.580674, 0.677413, -0.947602
3.300281, -0.277421, -0.148218
0.019086, -0.289115, 0.192089
3.305575, -0.197995, -0.193549
1.815693, -0.253661, -0.090442
1.684076, -0.319445, -0.052888
-0.745078, -0.234498, -0.027982
2.461478, -0.212968, -0.138770
-0.512142, -0.168747, -0.019165
-0.499259, -0.261376, -0.562104
-0.551211, -0.155677, -0.894403
-0.623779, -0.161052, -0.591362
-0.892279, -0.054703, -0.659159
-0.918015, -0.197601, -0.613825
-0.929229, -0.190876, -0.609461
-0.922200, -0.148324, -0.557823
-0.933842, -0.125255, -0.495997
-0.050986, -0.891595, -0.244967
-0.123272, -0.904946, -0.300805
-0.228561, -0.788859, -0.315456
-0.108359, -0.827470, -0.241416
0.095028, -0.919619, -0.229525
-0.087200, -0.912049, -0.235395
-0.009106, -0.858360, -0.192452
-0.091299, -0.825448, -0.182484
0.533978, 0.535113, -0.548761
0.084206, 0.448137, -0.371674
0.582650, 0.553052, -0.566456
0.061784, 0.510855, -0.372894
0.029255, 0.581126, -0.429203
0.726863, 0.495775, -0.699999
0.478520, 0.566085, -0.524945
-0.049097, 0.507217, -0.382592
2.388529, -0.168185, -0.417555
2.257313, -0.149551, -0.418991
2.307243, -0.037694, -0.446566
2.308416, -0.035800, -0.406523
2.329552, -0.161282, -0.393568
2.287560, -0.109926, -0.370758
2.408828, -0.089537, -0.411092
2.296241, -0.099985, -0.355769
-0.839284, 0.806022, -0.499320
-0.834876, 0.840669, -0.498961
-0.868449, 0.869287, -0.466219
-0.245507, 0.809544, -0.377560
-0.619189, 0.804706, -0.464033
-0.902015, 0.863139, -0.379406
-0.877582, 0.861774, -0.434829
-0.816695, 0.887219, -0.427289
1.697424, -0.297319, -0.240655
1.485100, -0.341095, -0.165776
1.651848, -0.245614, -0.212753
1.382797, -0.271868, -0.129274
1.536950, -0.301377, -0.153463
1.264764, -0.390590, -0.070978
1.517346, -0.247230, -0.148139
1.177559, -0.309085, -0.035680
-0.930045, -0.376094, -0.312275
-0.713807, -0.396659, -0.343942
-0.723806, -0.378036, -0.335054
-0.732178, -0.356807, -0.345963
-0.941142, -0.221369, -0.766099
-0.948451, -0.343603, -0.322163
0.253365, -0.167571, -0.752162
0.239810, -0.151440, -0.789791
0.268447, 0.690346, -0.015563
0.229908, 0.662447, -0.021706
0.314758, 0.733091, -0.042857
0.258535, 0.787964, -0.045432
0.320086, 0.711835, -0.008817
0.243146, 0.696335, -0.001143
0.433705, 0.750331, -0.027151
0.249593, 0.739078, -0.000103
1.645233, -0.160454, -0.457439
1.482179, -0.197028, -0.402469
1.600035, -0.096454, -0.473483
1.560459, -0.103576, -0.424888
1.723255, -0.198298, -0.460229
1.808048, -0.152407, -0.447297
1.887883, -0.064523, -0.497045
1.631298, -0.077828, -0.423903
2.255337, 0.615445, -1.049525
2.331004, 0.622336, -1.000230
2.215866, 0.667190, -1.037095
2.435611, 0.646703, -0.993355
2.517231, 0.607274, -1.019994
2.447206, 0.637198, -1.002794
2.502857, 0.720143, -1.036501
2.513574, 0.653092, -1.016507
2.491586, -0.094077, -0.474178
2.466563, -0.138286, -0.437334
2.510607, -0.081562, -0.460799
2.418300, -0.073303, -0.425864
2.586058, -0.144426, -0.414982
2.466928, -0.125460, -0.381463
2.517260, -0.076452, -0.428711
2.466202, -0.055170, -0.379640
2.655527, 0.631027, -1.038967
2.720576, 0.668770, -0.984842
2.678036, 0.738003, -1.023467
2.677889, 0.698594, -1.012376
2.871078, 0.628651, -1.027619
2.837930, 0.650805, -0.979412
2.849768, 0.734420, -1.029253
2.882393, 0.706292, -0.968349
0.306507, 0.752753, -0.332012
0.994609, 0.881280, -0.814843
1.010407, 0.913418, -0.927978
0.997551, 0.875477, -0.864016
0.215654, 0.782106, -0.300090
0.040931, 0.781793, -0.314745
0.481377, 0.917353, -0.387268
0.190112, 0.838848, -0.313739
2.574689, -0.116696, -0.362503
2.536435, -0.140437, -0.363838
2.547478, -0.046291, -0.328754
2.483982, -0.094156, -0.331697
2.568048, -0.128031, -0.290808
2.482303, -0.145036, -0.292017
2.535445, -0.088470, -0.259358
2.444760, -0.053133, -0.255178
2.259716, -0.027392, -0.755479
2.172572, -0.024932, -0.715848
2.155596, 0.028113, -0.748215
2.050294, 0.074475, -0.709924
2.356277, 0.025962, -0.752905
2.338679, 0.030653, -0.695853
2.440532, 0.048055, -0.727616
2.355771, 0.043635, -0.684288
0.030221, -0.971801, 0.176544
-0.351897, -0.953229, 0.056702
-0.680448, -0.914145, 0.039046
-0.681501, -0.891079, 0.018750
-0.650812, -0.962624, -0.006728
-0.713349, -0.834316, 0.058372
0.119775, -0.796654, -0.924990
-0.621052, -0.921286, -0.928636
0.479745, 0.108589, 0.068320
0.170013, 0.114997, 0.070545
0.448482, 0.217083, 0.073655
0.190276, 0.205858, 0.076376
0.074443, 0.098755, 0.062358
-0.077798, 0.110105, -0.000796
-0.058446, 0.176596, 0.016910
0.094353, 0.243688, 0.070235
3.119118, 0.169462, -1.042458
3.129750, 0.162952, -0.929609
3.198268, 0.206542, -1.025254
3.141720, 0.211258, -0.949194
3.205454, 0.145798, -1.023072
3.233386, 0.162210, -0.922275
3.267482, 0.233035, -1.003137
3.233167, 0.230883, -0.934096
0.721146, -0.304653, -0.654124
0.875158, -0.234813, -0.920038
0.663693, -0.260722, -0.592906
0.002720, -0.259675, -0.393619
-0.060025, -0.272489, -0.361287
-0.017748, -0.314651, -0.326846
0.063793, -0.269792, -0.334596
-0.037597, -0.265546, -0.329836
0.058641, 0.125147, 0.064444
-0.358142, 0.142177, -0.160954
0.055308, 0.172150, 0.076221
-0.244203, 0.198725, -0.093313
-0.551462, 0.173668, -0.276277
-0.323956, 0.155095, -0.126725
-0.146973, 0.205148, -0.004735
-0.429838, 0.215946, -0.204391
3.320791, 0.168959, -1.024999
3.239540, 0.155202, -0.742447
3.311925, 0.184545, -1.034555
3.258106, 0.235221, -0.872776
3.295803, 0.171248, -0.876531
3.274956, 0.163453, -0.798265
3.288676, 0.184818, -0.854585
3.255605, 0.180141, -0.660195
0.818799, 0.771362, -0.475550
0.569279, 0.819373, -0.378132
1.064602, 0.910708, -0.704661
0.873599, 0.894549, -0.556758
1.147196, 0.850000, -0.689889
1.147790, 0.852050, -0.659889
1.112698, 0.910792, -0.722026
1.012982, 0.878423, -0.617109
2.731683, -0.126699, -0.258328
2.682385, -0.111231, -0.269567
2.623091, -0.077442, -0.231616
2.545777, -0.033145, -0.225503
2.651163, -0.118999, -0.224020
2.396598, -0.132522, -0.184717
2.317948, -0.052716, -0.163202
2.237231, -0.093231, -0.165579
2.626269, 0.016259, -0.754110
2.592869, 0.036654, -0.719010
2.666386, 0.089264, -0.764462
2.547224, 0.079116, -0.732975
2.782578, -0.002527, -0.691875
2.726439, -0.003285, -0.694734
2.760772, 0.082306, -0.740935
2.764270, 0.082353, -0.663322
-0.303937, -0.957825, 0.056527
-0.908059, -0.965273, -0.844670
-0.353907, -0.847254, -0.975425
-0.909363, -0.902785, -0.804619
-0.723707, -0.825077, 0.065085
-0.768491, -0.966546, -0.897629
-0.839722, -0.919593, -0.858543
-0.664582, -0.953206, -0.926522
-0.967877, -0.551230, -0.810735
0.297172, -0.445862, -0.657521
-0.958491, -0.429731, -0.918636
0.243090, -0.369311, -0.625655
-0.987302, -0.474229, -0.701980
0.357418, -0.440029, -1.013384
-0.974493, -0.398614, -0.787721
-0.141988, -0.254101, -0.645366
2.811137, 0.403129, -0.687480
2.852726, 0.414799, -0.638483
2.918657, 0.490834, -0.662674
2.892786, 0.447002, -0.639349
2.978134, 0.436924, -0.585903
2.921050, 0.435508, -0.528859
2.991781, 0.485392, -0.629862
2.934366, 0.451284, -0.534580
1.915773, 0.450697, -0.955005
2.036526, 0.495127, -0.949643
1.962248, 0.542459, -0.967118
1.961205, 0.564681, -0.952638
2.191036, 0.472201, -0.984596
2.156797, 0.450555, -0.943048
2.181859, 0.531518, -0.984771
2.133804, 0.556259, -0.946666
3.310450, -0.388600, -0.483824
3.288011, -0.451143, -0.179927
3.326364, -0.306602, -0.648421
3.265239, -0.356053, -0.228331
3.302466, -0.412479, -0.364660
2.621672, -0.456521, -0.139751
3.304325, -0.383374, -0.198535
1.999477, -0.412979, -0.115367
1.838090, 0.262753, -0.098575
1.600802, 0.344485, -0.029558
1.763874, 0.387827, -0.089779
1.884864, 0.372783, -0.132113
0.714241, 0.255903, 0.137802
0.407683, 0.277749, 0.175255
1.214838, 0.408132, 0.036750
1.165860, 0.364043, 0.041857
2.364362, 0.453448, -0.966567
2.247715, 0.441038, -0.943915
2.439794, 0.542740, -0.965741
2.303587, 0.536213, -0.950345
2.472354, 0.460240, -0.976849
2.616119, 0.499467, -0.926650
2.516674, 0.559219, -0.979551
2.528837, 0.568411, -0.926603
3.306575, -0.427874, -0.316412
0.927242, -0.474520, 0.109615
2.856651, -0.411647, -0.141711
1.792956, -0.395702, -0.081868
-0.215612, -0.415464, 0.168315
-0.312468, -0.405071, 0.126543
3.299342, -0.387271, -0.146718
-0.373125, -0.338241, 0.089381
-0.421039, -0.164133, -0.692435
-0.417664, -0.175331, -0.608743
-0.322954, -0.115024, -0.588253
-0.486889, -0.031533, -0.761668
0.436132, -0.254056, -0.562132
0.084128, -0.202066, -0.461720
0.686219, -0.134780, -0.736272
0.701181, -0.193774, -0.755975
2.374982, 0.663984, -0.700868
2.315569, 0.682179, -0.684951
2.451552, 0.735295, -0.687274
2.325693, 0.735417, -0.727621
2.476334, 0.688119, -0.622191
2.453369, 0.689730, -0.579122
2.543672, 0.743954, -0.680317
2.427813, 0.733041, -0.647585
1.402283, 0.777848, -0.825703
1.429120, 0.849334, -0.849495
1.395000, 0.915509, -0.891913
1.466828, 0.860721, -0.858701
1.719145, 0.790314, -0.862984
1.570672, 0.798692, -0.831093
1.641670, 0.856637, -0.883838
1.691909, 0.895970, -0.888396
2.835278, -0.105030, -0.174968
2.735116, -0.174466, -0.177507
3.012258, -0.079858, -0.217562
2.841646, -0.077226, -0.186492
2.676720, -0.175884, -0.161855
2.501994, -0.154877, -0.149351
2.660392, -0.047281, -0.162418
2.142146, -0.072270, -0.133342
2.981703, 0.011857, -0.897988
2.951032, 0.013119, -0.795810
2.949256, 0.083695, -0.926199
2.950984, 0.093178, -0.834871
3.001877, 0.014561, -0.852976
3.065845, 0.041046, -0.795901
3.073643, 0.117111, -0.879671
3.053191, 0.059726, -0.824616
-0.871112, -0.837464, -0.764860
-0.527776, -0.948729, 0.112300
0.788583, -0.913520, 0.109576
-0.473010, -0.923143, 0.108177
-0.540721, -0.942879, 0.107718
0.303365, -0.957217, 0.177275
0.742875, -0.933804, 0.118123
-0.347989, -0.920766, 0.131333
1.617839, 0.443517, -0.974865
1.598028, 0.448634, -0.919364
1.522661, 0.531560, -0.956470
1.464069, 0.557274, -0.942530
1.787741, 0.489834, -0.972651
1.672368, 0.443421, -0.912139
1.652127, 0.510255, -0.955144
1.778434, 0.557006, -0.939911
3.306648, -0.372953, -0.805558
3.284661, -0.360959, -0.503337
3.311145, -0.276277, -0.738344
3.293759, -0.300835, -0.699177
3.298948, -0.359361, -0.461718
3.269790, -0.394611, -0.363757
3.322036, -0.277158, -0.757291
3.253181, -0.376522, -0.254987
2.749266, 0.295567, -0.288853
2.577870, 0.277962, -0.265251
2.721231, 0.367178, -0.249878
2.579501, 0.402588, -0.251732
2.619645, 0.272235, -0.229918
2.534051, 0.259368, -0.220359
2.598763, 0.344816, -0.230174
2.325169, 0.363225, -0.197972
0.384614, -0.922299, -0.751367
0.577942, -0.892429, -0.857058
0.552770, -0.821393, -0.780984
0.587800, -0.876891, -0.850069
0.501862, -0.910889, -0.819728
-0.895765, -0.925435, 0.083797
-0.904714, -0.976044, -0.952086
-0.713899, -0.864951, 0.101178
2.552219, 0.030501, -0.471143
2.397269, -0.021385, -0.470332
2.521577, 0.095651, -0.443205
2.417962, 0.068254, -0.461117
2.547359, -0.003379, -0.443349
2.496044, -0.012833, -0.375014
2.563787, 0.067316, -0.381049
2.463454, 0.087848, -0.366017
0.485052, -0.208968, 0.144326
1.137249, -0.234668, 0.030347
0.523998, -0.085312, 0.152447
0.536008, -0.083578, 0.145235
-0.430772, -0.144452, -0.066798
0.168791, -0.154272, 0.172119
0.157371, -0.131475, 0.172982
-0.467493, -0.037058, -0.077652
1.018350, 0.860244, -0.482990
1.070178, 0.889681, -0.502562
1.217608, 0.917004, -0.618785
1.142613, 0.915153, -0.556413
1.234423, 0.840003, -0.512706
1.213595, 0.865479, -0.498079
1.271248, 0.892505, -0.595723
1.242234, 0.925093, -0.613128
0.156942, -0.413217, -0.910526
0.360236, -0.358871, -0.762006
0.246500, -0.278629, -0.792443
0.274572, -0.320386, -0.789805
0.422364, -0.390034, -0.860775
0.410231, -0.434138, -0.838401
0.449605, -0.274913, -0.842025
0.477917, -0.269853, -0.860958
0.380191, 0.462173, -0.004133
0.255143, 0.453748, 0.023774
0.414370, 0.584952, 0.001051
0.321005, 0.604224, 0.013987
0.546384, 0.530194, -0.023948
0.316367, 0.469545, 0.034523
0.573701, 0.622838, -0.017233
0.321298, 0.581473, 0.033062
-0.410030, -0.923746, -0.204688
-0.414164, -0.920015, -0.233850
-0.416842, -0.869044, -0.185707
-0.377370, -0.812693, -0.261069
-0.423193, -0.889649, -0.286265
-0.184606, -0.904702, -0.244668
-0.479602, -0.854193, -0.255702
-0.238745, -0.807063, -0.250802
2.435577, 0.025074, -0.338184
2.300951, -0.016306, -0.322995
2.397247, 0.063649, -0.315283
2.298246, 0.065975, -0.296021
2.310311, -0.005362, -0.236497
2.220590, -0.007651, -0.267111
2.349568, 0.102472, -0.263340
2.214252, 0.097321, -0.243075
0.733715, -0.581897, -0.790118
0.608415, -0.575074, -0.662841
-0.665005, -0.440690, -0.576845
-0.781280, -0.482874, -0.619606
-0.821483, -0.514028, -0.630446
-0.795340, -0.552964, -0.484684
-0.815232, -0.467418, -0.574652
-0.827970, -0.487482, -0.529929
2.552562, -0.017221, -0.335051
2.485657, 0.018859, -0.313547
2.622097, 0.106326, -0.371705
2.475683, 0.075173, -0.325990
2.522074, 0.038526, -0.279248
2.463131, -0.002901, -0.234320
2.581642, 0.076076, -0.312416
2.409374, 0.080309, -0.265483
-0.655416, -0.588371, -0.284852
-0.906540, -0.555689, -0.269312
-0.831450, -0.488274, -0.287960
-0.713983, -0.472130, -0.336461
-0.942141, -0.452044, -0.260372
-0.938284, -0.492951, -0.267778
-0.331959, -0.295314, -0.936247
-0.906555, -0.337659, -0.784808
0.457647, 0.446678, -0.088482
0.264199, 0.523565, -0.023001
0.362123, 0.577368, -0.063184
0.260763, 0.602711, -0.037761
0.412252, 0.512816, -0.016854
0.360913, 0.428037, -0.030698
0.366396, 0.536866, -0.027593
0.226949, 0.553877, 0.006487
0.420718, -0.968787, 0.013813
-0.064584, -0.945764, 0.024496
0.022129, -0.893807, 0.072225
-0.151023, -0.880219, -0.004489
-0.159844, -0.944015, -0.000086
-0.206432, -0.921163, -0.095199
-0.290132, -0.910508, -0.193162
-0.437144, -0.837165, -0.211054
0.032192, -0.948080, -1.029522
-0.522827, -0.911674, -0.640296
0.593968, -0.902169, -0.955977
0.582198, -0.892426, -0.791848
-0.964914, -0.918224, 0.051563
0.494150, -0.916438, -1.022644
-0.712069, -0.874554, 0.113142
-0.720007, -0.890723, 0.113657
2.284589, -0.027180, -0.449952
2.252382, 0.013386, -0.435087
2.344420, 0.089859, -0.443007
2.255739, 0.066330, -0.396192
2.368833, -0.000074, -0.399448
2.294373, 0.020179, -0.356361
2.418877, 0.107333, -0.369719
2.257738, 0.081538, -0.341907
0.925426, -0.223534, 0.080751
0.515350, -0.162191, 0.131739
0.887760, -0.110894, 0.073273
0.210368, -0.079852, 0.161842
-0.140641, -0.198234, 0.098318
-0.401022, -0.144453, -0.067156
-0.373006, -0.091767, -0.045329
-0.330899, -0.118926, -0.033392
0.932388, 0.898923, -0.425470
0.906536, 0.903817, -0.414164
0.984439, 0.923759, -0.486159
1.046728, 0.943595, -0.553292
1.097297, 0.861916, -0.442218
0.940499, 0.893667, -0.405122
1.273813, 0.919382, -0.577180
1.174614, 0.933314, -0.547022
1.021083, 0.783092, -0.844519
0.910209, 0.813426, -0.665806
1.042252, 0.871224, -0.896076
1.055427, 0.929358, -0.848085
0.945133, 0.806385, -0.627016
0.849398, 0.796819, -0.573160
0.940970, 0.862485, -0.694341
0.960612, 0.903779, -0.666613
3.039412, -0.092244, -0.510478
2.962018, -0.090055, -0.528249
3.008319, -0.050640, -0.512252
2.993645, -0.020732, -0.509482
3.059011, -0.093954, -0.495360
3.016518, -0.155542, -0.367560
3.107806, -0.023016, -0.431871
3.009089, -0.079227, -0.451927
2.408531, 0.030319, -0.964301
2.346210, 0.026450, -0.904286
2.401723, 0.050806, -0.943129
2.250481, 0.055757, -0.931753
2.610107, 0.020924, -0.920624
2.554850, -0.004077, -0.890577
2.569959, 0.082524, -0.943407
2.514769, 0.045682, -0.902920
3.304299, -0.878976, -0.498841
2.236375, -0.959665, -0.133045
3.306112, -0.864961, -0.398978
0.683510, -0.902334, 0.131059
3.294619, -0.901875, -0.149798
-0.170062, -0.909131, 0.174768
2.465522, -0.862829, -0.145702
0.256682, -0.884660, 0.185866
2.926327, 0.275965, -0.329864
2.799774, 0.249896, -0.259055
2.894338, 0.353165, -0.288947
2.759807, 0.378409, -0.271087
2.676453, 0.321674, -0.194954
2.649455, 0.312482, -0.202037
2.605239, 0.393142, -0.195541
2.654765, 0.387256, -0.216319
2.435862, -0.000644, -0.190331
2.361616, -0.004563, -0.224731
2.484696, 0.099883, -0.231214
2.408048, 0.078886, -0.217176
2.154912, 0.033804, -0.151161
1.863032, 0.004941, -0.145986
2.223450, 0.100794, -0.174976
1.974378, 0.103036, -0.159863
-0.510867, -0.570318, -0.512609
-0.598940, -0.576763, -0.544979
-0.538074, -0.438391, -0.542335
-0.672440, -0.496834, -0.562994
-0.678571, -0.553126, -0.510978
-0.771254, -0.571016, -0.519634
-0.733649, -0.481805, -0.551734
-0.774082, -0.447942, -0.557134
2.773818, 0.026998, -0.393011
2.672804, 0.033796, -0.370637
2.766800, 0.087648, -0.358531
2.656697, 0.070106, -0.335836
2.769480, 0.030785, -0.332227
2.624368, 0.025671, -0.281129
2.817482, 0.076921, -0.314019
2.725808, 0.048041, -0.325845
0.817314, -0.624187, -0.984845
0.810965, -0.632700, -0.796948
0.855669, -0.525349, -0.836711
0.743996, -0.542907, -0.701158
0.709086, -0.605932, -0.601797
0.592790, -0.601871, -0.551757
0.665704, -0.576894, -0.583362
0.599515, -0.541626, -0.517492
2.798151, -0.029332, -0.290035
2.703856, 0.016103, -0.275221
2.788448, 0.100495, -0.277571
2.569772, 0.109350, -0.249765
2.513288, 0.012268, -0.178536
2.292596, -0.003224, -0.166953
2.504774, 0.082406, -0.179312
2.230166, 0.092452, -0.162707
1.826081, -0.690854, -0.507727
1.767061, -0.690582, -0.475266
1.866198, -0.636775, -0.505592
1.881711, -0.669941, -0.472591
2.083043, -0.730275, -0.505493
2.021739, -0.742729, -0.487145
1.957443, -0.626177, -0.476198
1.836826, -0.634550, -0.436509
-0.251834, 0.620003, 0.077901
-0.305295, 0.693075, 0.074614
0.096986, 0.637544, 0.206025
-0.284939, 0.706581, 0.077892
-0.161296, 0.572336, 0.114224
-0.294757, 0.621725, 0.019313
-0.123284, 0.633263, 0.093101
-0.264314, 0.719491, 0.079134
-0.986464, -0.909998, -0.117710
-0.999632, -0.906141, -0.264461
0.262349, -0.870413, -0.783625
0.292100, -0.894315, -0.813390
0.287941, -0.925048, -0.949669
0.011381, -0.883330, -0.712739
0.298753, -0.910547, -0.776489
-0.260329, -0.866927, -0.858599
0.405920, -0.049190, 0.021172
0.247059, -0.029558, 0.049887
0.439852, 0.038358, 0.016681
0.376217, 0.057693, 0.026236
0.487116, -0.030156, 0.019425
0.204983, -0.052095, 0.057894
0.655813, 0.014088, -0.021784
0.262627, 0.073090, 0.061906
3.303642, 0.690723, -0.877486
3.288801, 0.693177, -0.845422
3.305729, 0.713656, -1.041534
3.277321, 0.791577, -0.871083
3.320427, 0.669657, -0.890173
3.319730, 0.672388, -0.712834
3.317935, 0.730071, -0.741185
3.309494, 0.735805, -0.652460
-0.372982, -0.556607, -0.473097
-0.055213, -0.527160, -0.444990
-0.414065, -0.487403, -0.492450
0.451809, -0.526178, -0.537646
-0.397313, -0.519868, -0.424085
-0.644271, -0.553014, -0.510137
-0.444164, -0.462651, -0.447719
-0.589820, -0.485044, -0.523200
2.922036, 0.015313, -0.423648
2.842271, 0.021360, -0.394624
2.904048, 0.053269, -0.458738
2.826571, 0.104495, -0.375613
2.935238, 0.033307, -0.394823
2.846689, -0.002722, -0.357525
2.979743, 0.085973, -0.365563
2.848178, 0.089912, -0.307561
-0.914206, -0.806524, 0.027280
-0.446162, -0.978701, 0.062643
-0.981950, -0.725266, -0.092544
0.130851, -0.805129, -0.851350
-0.774544, -0.953853, -0.866000
-0.792326, -0.970661, -0.192241
-0.284718, -0.828852, -0.718594
-0.275657, -0.855052, -0.991323
1.998683, -0.019627, -0.611899
1.881547, -0.040015, -0.579160
2.023028, 0.077990, -0.627935
1.904402, 0.056173, -0.572655
2.133887, -0.032885, -0.602431
2.008204, -0.000311, -0.580012
2.157600, 0.048700, -0.604323
2.111472, 0.071383, -0.597334
2.210246, -0.115942, -0.292330
2.013005, -0.151949, -0.284467
2.141850, -0.066179, -0.273878
2.029042, -0.110084, -0.304833
2.060174, -0.142136, -0.252139
1.977041, -0.168393, -0.236755
2.080769, -0.033223, -0.248619
1.856140, -0.103320, -0.210512
0.980709, 0.800199, -0.853622
0.736777, 0.826528, -0.534438
0.982494, 0.901410, -0.811934
0.633726, 0.895981, -0.462707
-0.069370, 0.791475, -0.303960
-0.518748, 0.872554, -0.509247
-0.074543, 0.880187, -0.335867
0.071322, 0.912347, -0.327462
0.910377, -0.286658, -0.828591
0.829987, -0.311764, -0.722815
0.710483, -0.232518, -0.581091
0.900175, -0.188319, -0.987335
0.738763, -0.254302, -0.556601
0.541407, -0.293436, -0.482228
0.738609, -0.213162, -0.546387
0.635903, -0.233408, -0.521775
0.624224, -0.175507, -0.461423
0.764633, -0.186221, -0.497177
0.772775, -0.125878, -0.516440
0.603284, -0.118416, -0.436899
0.985958, -0.166818, -0.595106
1.073734, -0.180262, -0.604948
1.255798, -0.096733, -0.708383
1.083401, -0.115487, -0.614397
2.547506, -0.878417, -1.016762
2.630826, -0.906020, -0.987429
2.645847, -0.782438, -0.964887
2.647030, -0.780891, -0.945191
2.737871, -0.857244, -0.971796
2.786500, -0.864294, -0.949558
2.812725, -0.833860, -0.979056
2.764292, -0.844566, -0.949701
-0.034817, 0.343495, -0.785276
0.017372, 0.389791, -0.825953
-0.018607, 0.441092, -0.855878
0.026850, 0.447726, -0.844990
-0.204285, 0.425326, -0.895525
-0.350990, 0.442321, -0.877196
-0.301360, 0.517738, -0.866220
-0.225947, 0.492358, -0.910488
1.854881, 0.008265, -0.120303
1.669203, -0.035578, -0.075836
1.893772, 0.124327, -0.116584
1.532368, 0.068721, -0.031509
1.458706, -0.034344, -0.002790
0.073277, -0.040627, 0.170831
0.497485, 0.088979, 0.160069
0.946545, 0.050438, 0.089650
0.384157, -0.952766, -0.951670
-0.446343, -0.865068, -0.823826
-0.454890, -0.846337, -0.670482
-0.470060, -0.852098, -0.767673
-0.408700, -0.897872, -0.806749
-0.456790, -0.899531, -0.811558
-0.794507, -0.913106, -0.713397
-0.495501, -0.825316, -0.708512
0.553811, -0.028510, 0.019658
0.199203, -0.043680, 0.070713
0.594014, 0.093707, 0.024447
0.192676, 0.044491, 0.064058
0.534479, -0.052694, 0.034115
0.266096, -0.062217, 0.077054
0.582346, 0.067124, 0.034904
0.273749, 0.057007, 0.075085
0.882871, -0.610659, -0.877876
0.821969, -0.625447, -0.767518
0.867379, -0.555987, -0.988091
0.861548, -0.511644, -0.968958
0.905639, -0.592065, -0.737620
0.766804, -0.612925, -0.646742
0.818793, -0.532438, -0.685180
0.792702, -0.526915, -0.663103
2.934091, 0.013209, -0.325395
2.836269, -0.016255, -0.274381
2.933287, 0.103441, -0.286524
2.876078, 0.103799, -0.307392
2.900409, 0.033841, -0.245542
2.684537, 0.021751, -0.205884
2.822231, 0.052029, -0.235447
2.683934, 0.043828, -0.217501
0.436363, -0.517748, 0.004976
-0.107521, -0.501566, -0.022351
0.321343, -0.456366, 0.022261
0.075521, -0.468487, 0.031538
0.263424, -0.543414, 0.050779
-0.014865, -0.497299, 0.026102
0.243786, -0.465711, 0.041808
-0.049118, -0.456623, 0.008613
-0.048541, 0.670540, -0.230166
-0.542922, 0.814975, -0.429727
-0.494669, 0.841411, -0.439011
-0.596868, 0.857556, -0.469655
0.277255, 0.741525, -0.182394
0.265040, 0.718966, -0.161408
0.511333, 0.841206, -0.265643
0.251709, 0.779369, -0.186065
1.315444, -0.358418, -0.052216
1.150874, -0.382512, -0.008940
1.403636, -0.258461, -0.085438
1.187210, -0.312277, -0.022867
0.559270, -0.332206, 0.101441
0.533230, -0.389028, 0.095115
0.461033, -0.273720, 0.117150
0.378751, -0.245768, 0.118863
0.283434, -0.258311, -0.730603
0.215190, -0.258412, -0.670404
0.315834, -0.167315, -0.678743
0.375843, -0.168364, -0.698357
0.444135, -0.180775, -0.847454
0.426280, -0.211647, -0.713892
0.447913, -0.154693, -0.820933
0.432382, -0.156429, -0.716229
0.412779, 0.671770, 0.008736
0.251146, 0.661403, 0.031364
0.425135, 0.732544, -0.017237
0.315784, 0.755086, 0.011913
0.682361, 0.664649, -0.044221
0.395979, 0.701132, 0.023331
0.493457, 0.738523, 0.004883
0.438690, 0.764541, 0.024572
3.289280, 0.254638, -0.922433
3.238257, 0.289421, -0.792861
3.257188, 0.354818, -0.964831
3.236150, 0.345559, -0.840807
3.284615, 0.289859, -0.797943
3.245878, 0.261822, -0.694901
3.312226, 0.343700, -0.963688
3.259522, 0.346162, -0.747768
-0.066555, -0.219699, 0.041116
-0.210817, -0.203849, -0.084272
-0.179549, -0.120887, -0.044200
-0.276733, -0.108646, -0.128901
-0.343140, -0.161316, -0.150882
-0.498324, -0.178081, -0.232209
-0.360328, -0.073609, -0.156701
-0.431819, -0.036292, -0.206901
-0.022962, -0.550271, -0.417760
0.793678, -0.548379, -0.932780
0.830708, -0.435231, -0.938870
0.778355, -0.489111, -0.767133
-0.020430, -0.519489, -0.371275
-0.140908, -0.524160, -0.381078
0.069477, -0.467357, -0.348530
-0.049314, -0.502679, -0.343920
2.914000, -0.365935, -0.864269
2.945112, -0.350426, -0.845929
2.927204, -0.304043, -0.917624
2.930167, -0.290203, -0.841176
3.058334, -0.354295, -0.893917
3.000778, -0.331257, -0.795581
2.999972, -0.310899, -0.878519
3.004871, -0.308578, -0.837294
0.004458, 0.859630, -0.843129
-0.042293, 0.868066, -0.892886
-0.097008, 0.945639, -0.895594
0.002817, 0.917117, -0.874316
-0.450087, 0.893185, -0.860379
-0.200199, 0.917024, -0.895702
-0.426113, 0.953282, -0.847201
-0.287325, 0.960313, -0.887575
3.096384, 0.021787, -0.637136
3.030346, -0.006913, -0.611121
3.045122, 0.094100, -0.691580
3.063332, 0.057497, -0.590328
3.125274, 0.034388, -0.565429
3.079401, -0.012212, -0.515433
3.127248, 0.099987, -0.608518
3.120039, 0.085390, -0.501659
0.982590, -0.583984, -0.994337
0.867736, -0.563551, -1.028614
0.947102, -0.518333, -1.043704
0.933321, -0.551477, -1.025864
1.062300, -0.580373, -1.047310
1.030880, -0.595847, -0.922368
1.056203, -0.541688, -0.973537
1.074750, -0.502005, -0.964780
3.186349, -0.022643, -0.571282
3.142808, -0.004927, -0.469697
3.200407, 0.057750, -0.426565
3.141928, 0.092805, -0.408624
3.213844, -0.003815, -0.389177
3.181787, 0.015658, -0.376560
3.202002, 0.079360, -0.362283
3.130666, 0.059792, -0.258116
0.349218, -0.529668, 0.077955
-0.167946, -0.494272, -0.031276
0.549581, -0.490379, 0.030477
0.034172, -0.472876, 0.054673
-0.090543, -0.519664, 0.053686
-0.222465, -0.465973, -0.082009
-0.005891, -0.419547, 0.072495
-0.109075, -0.400288, 0.026702
0.321849, 0.064366, -0.831320
-0.007749, 0.061832, -0.997602
-0.795993, 0.127314, -0.930251
-0.931444, 0.138272, -0.863154
-0.208475, 0.070433, -1.032043
-0.207944, 0.062671, -1.017816
0.371240, 0.179220, -1.022205
0.643930, 0.100821, -0.829580
2.285964, 0.772218, -0.876503
2.266442, 0.786703, -0.854323
2.289922, 0.826480, -0.895425
2.141111, 0.910900, -0.933224
2.344828, 0.770891, -0.881083
2.395737, 0.768234, -0.833584
2.383802, 0.893342, -0.941956
2.284627, 0.898138, -0.922054
0.505177, -0.546443, 0.009887
0.049807, -0.507477, 0.038441
0.592298, -0.495426, -0.003449
0.195082, -0.474228, 0.057141
0.376214, -0.526206, 0.061675
0.266269, -0.532167, 0.073097
0.374578, -0.504872, 0.064910
0.037938, -0.425608, 0.054743
-0.825410, -0.681886, -0.268893
-0.880468, -0.692161, -0.253514
-0.794182, -0.631520, -0.283356
-0.902783, -0.637446, -0.280683
-0.985413, -0.616606, -0.317989
-0.915819, -0.701696, -0.207782
-0.945563, -0.545671, -0.226542
-0.922515, -0.632426, -0.257202
0.287362, -0.558590, -0.472330
0.146739, -0.506142, -0.429085
0.663109, -0.437490, -0.627327
0.207026, -0.494632, -0.448060
0.093968, -0.492275, -0.387490
0.070543, -0.526445, -0.384208
0.146509, -0.491480, -0.379620
-0.026247, -0.454896, -0.383424
2.346399, 0.229006, -1.020191
2.332502, 0.257168, -0.999678
2.352159, 0.297583, -1.023589
2.353560, 0.309614, -1.004919
2.527581, 0.244819, -1.030821
2.615131, 0.235408, -0.984934
2.587667, 0.301990, -1.048843
2.522707, 0.290451, -0.990987
0.483081, -0.425793, 0.017904
0.218016, -0.339350, 0.061941
0.650532, -0.307886, -0.013244
0.272040, -0.324008, 0.052226
0.428074, -0.367597, 0.039092
0.223074, -0.384951, 0.070696
0.475707, -0.329581, 0.041710
0.146572, -0.287944, 0.075321
3.120591, 0.827171, -1.004745
3.177423, 0.810762, -0.930254
3.164636, 0.891466, -0.971575
3.180481, 0.900702, -0.999906
3.209995, 0.839768, -1.026983
3.264295, 0.815353, -0.967044
3.204347, 0.863771, -0.985521
3.250128, 0.886721, -0.983335
0.216914, -0.434730, -0.457842
0.603642, -0.445639, -0.611845
-0.402528, -0.320748, -0.508821
0.804838, -0.338972, -0.799511
-0.500097, -0.426367, -0.513412
-0.508910, -0.377133, -0.527530
-0.543453, -0.352887, -0.522424
-0.533461, -0.300951, -0.489333
3.296769, 0.843055, -1.017119
3.288267, 0.836237, -0.883531
3.269631, 0.891317, -0.943190
3.280159, 0.900788, -0.948924
3.315197, 0.806857, -0.931105
3.289581, 0.833059, -0.754656
3.312132, 0.899996, -0.914222
3.309115, 0.912704, -0.865732
0.284096, 0.798061, -0.257924
0.115466, 0.827917, -0.259953
0.404975, 0.892732, -0.327303
0.290143, 0.868307, -0.292876
0.877474, 0.833113, -0.432527
0.610287, 0.836377, -0.323083
0.943808, 0.910949, -0.530765
0.669508, 0.911808, -0.381048
1.998522, -0.119547, -0.208423
1.771394, -0.148545, -0.175268
1.758838, -0.092880, -0.160791
1.652825, -0.078420, -0.132550
1.631224, -0.191791, -0.112509
1.338347, -0.167561, -0.022210
1.309254, -0.119629, -0.004504
1.440043, -0.072611, -0.049527
-0.605582, -0.966556, -0.968561
-0.669787, -0.980376, -0.920128
0.133968, -0.811248, -0.653720
-0.287598, -0.851115, -0.792300
-0.271784, -0.898112, -0.602627
0.305730, -0.860386, -0.741900
-0.160369, -0.872938, -0.586964
0.467055, -0.832210, -0.707961
2.362275, 0.014537, -0.575696
2.274951, 0.036386, -0.533998
2.334770, 0.084921, -0.580829
2.263380, 0.087287, -0.538175
2.348834, -0.024000, -0.542263
2.371658, 0.015246, -0.509474
2.382640, 0.096496, -0.537862
2.397156, 0.043360, -0.522532
1.365867, -0.290678, -0.718879
1.221339, -0.245164, -0.647724
1.421154, -0.195473, -0.721280
1.396161, -0.222539, -0.686351
1.484315, -0.258709, -0.727548
1.522799, -0.265348, -0.694260
1.609729, -0.212744, -0.718915
1.546656, -0.189445, -0.681842
-0.651113, 0.313146, -0.835563
0.069594, 0.318523, -0.912235
-0.536926, 0.359793, -0.873388
-0.688031, 0.384834, -0.807022
-0.796506, 0.291879, -0.762352
-0.732263, 0.222599, -0.718437
-0.803191, 0.303107, -0.719307
-0.785041, 0.343139, -0.756995
1.012919, -0.170688, -0.285916
0.819592, -0.198403, -0.234544
0.894570, -0.120723, -0.286295
0.810309, -0.141876, -0.252343
1.120162, -0.175453, -0.277945
0.927148, -0.215941, -0.207477
1.174355, -0.121381, -0.296531
0.873238, -0.158179, -0.219850
0.396833, -0.410276, 0.015907
-0.026861, -0.361222, 0.002409
0.195708, -0.283745, 0.042204
0.024805, -0.272328, 0.031046
0.544703, -0.342962, -0.000884
-0.026901, -0.366646, 0.018491
0.527253, -0.299641, -0.000183
0.098145, -0.296888, 0.047903
1.733086, -0.138073, -0.391154
1.624218, -0.186160, -0.356596
1.702811, -0.080699, -0.396963
1.716561, -0.112022, -0.383072
1.846280, -0.185892, -0.407749
1.776103, -0.143134, -0.379401
1.809384, -0.122667, -0.381440
1.767796, -0.057365, -0.355678
-0.639814, 0.766406, -0.794371
-0.756075, 0.757679, -0.727427
-0.764024, 0.778371, -0.687069
-0.871693, 0.845271, -0.762326
0.922112, 0.606737, -0.782640
-0.680555, 0.738928, -0.581350
-0.637400, 0.771807, -0.597049
0.944852, 0.675470, -0.866588
2.967558, 0.769723, -1.012240
3.003013, 0.853570, -0.981644
2.932802, 0.875533, -1.044749
2.940837, 0.910518, -1.010578
3.009449, 0.804136, -1.038750
3.087942, 0.863878, -0.979462
3.094721, 0.888089, -1.033844
3.035029, 0.887141, -0.974123
1.559496, 0.733019, -0.298761
1.403442, 0.802700, -0.223923
1.781899, 0.814916, -0.407598
1.498801, 0.818088, -0.273117
1.658805, 0.802812, -0.292023
1.328654, 0.780195, -0.155839
1.745589, 0.843991, -0.361392
1.552652, 0.863514, -0.278988
-0.515392, -0.196061, -0.603434
-0.639138, -0.142735, -0.645252
0.687113, -0.197614, -0.674449
-0.597453, -0.025215, -0.710822
0.727626, -0.217902, -0.998489
0.791822, -0.206082, -0.959171
0.494634, -0.189382, -1.035945
0.591896, -0.234953, -0.596384
-0.597698, 0.654647, -0.296731
-0.462737, 0.652853, -0.288707
-0.413718, 0.718351, -0.235596
-0.456877, 0.765280, -0.292263
-0.458515, 0.688118, -0.299773
-0.367150, 0.661585, -0.279746
-0.492704, 0.720567, -0.303769
-0.391486, 0.715979, -0.296076
3.259493, -0.104965, -0.342595
3.205967, -0.121269, -0.277323
3.250872, -0.084220, -0.313299
3.253007, -0.023304, -0.352758
3.233049, -0.130340, -0.269047
3.196202, -0.113584, -0.213513
3.260515, -0.072336, -0.278739
3.190813, -0.088089, -0.179633
1.437174, 0.854990, -0.953252
1.539935, 0.735546, -0.913651
1.489093, 0.917004, -0.985343
1.454890, 0.925323, -0.958954
1.671028, 0.737187, -0.943558
1.616200, 0.796236, -0.925469
1.795977, 0.860212, -0.961896
1.763795, 0.915817, -0.977405
-0.237801, -0.624491, -0.078892
-0.288055, -0.666346, -0.151750
-0.038370, -0.585024, 0.071759
-0.290050, -0.540962, -0.158053
-0.272559, -0.667819, -0.105703
-0.443988, -0.641716, -0.215840
-0.478344, -0.533327, -0.215753
-0.423786, -0.565870, -0.210395
2.649737, 0.806965, -1.049038
2.667352, 0.781163, -1.007201
2.738024, 0.871811, -1.036175
2.683463, 0.891561, -1.038105
2.852213, 0.810656, -1.030916
2.822307, 0.827881, -1.014659
2.831563, 0.878061, -1.007800
2.861007, 0.854134, -1.012266
-0.805555, -0.893268, -0.879667
-0.573778, -0.898975, -0.964843
-0.684216, -0.739823, -0.907356
-0.587870, -0.787713, -0.975276
-0.732781, -0.923377, -0.922080
0.435453, -0.740505, -0.805733
-0.682204, -0.853450, -0.952146
0.438002, -0.690677, -0.808554
2.557036, 0.127323, -0.766262
2.544696, 0.129475, -0.758314
2.622493, 0.185208, -0.764532
2.540982, 0.186442, -0.752087
2.763206, 0.145550, -0.700100
2.725514, 0.164937, -0.656653
2.776176, 0.224507, -0.737840
2.691225, 0.233804, -0.684397
1.504663, 0.223595, -0.937865
1.471520, 0.227912, -0.898966
1.606841, 0.284746, -0.971841
1.585571, 0.251156, -0.905541
1.705776, 0.217603, -0.944780
1.727089, 0.208880, -0.935307
1.700023, 0.288871, -0.957942
1.733882, 0.254478, -0.939555
3.308878, -0.620403, -0.829128
3.270835, -0.631450, -0.526204
3.309897, -0.563415, -0.837348
3.270124, -0.532969, -0.671722
3.304434, -0.609837, -0.725264
3.301596, -0.650854, -0.348766
3.300892, -0.575894, -0.699303
3.285423, -0.576499, -0.407873
2.927656, 0.549376, -1.034612
2.965907, 0.561542, -0.985624
2.949576, 0.626610, -1.036859
3.025697, 0.633696, -0.992087
3.113467, 0.570754, -1.001752
3.067649, 0.568500, -0.969650
3.097047, 0.636999, -0.992879
3.117568, 0.594207, -0.965898
2.237821, 0.741476, -1.045846
2.423935, 0.715216, -1.015569
2.240455, 0.838243, -1.028964
2.253448, 0.850049, -1.025195
2.435606, 0.738188, -1.038313
2.594206, 0.780228, -1.006628
2.547408, 0.831310, -1.042338
2.602411, 0.887178, -1.021481
2.627674, 0.523102, -1.031680
2.776198, 0.494554, -0.989895
2.599886, 0.590222, -1.044695
2.666380, 0.547143, -1.000255
2.818154, 0.548589, -1.011871
2.843168, 0.543181, -0.985797
2.856036, 0.590271, -1.031896
2.863597, 0.559225, -0.970236
1.965038, 0.592265, -0.982951
1.861666, 0.603716, -0.935978
1.990291, 0.655417, -0.978796
1.950181, 0.679152, -0.964642
2.198882, 0.607677, -0.977973
2.177406, 0.638761, -0.956216
2.159365, 0.702694, -0.991770
2.208524, 0.689293, -0.962513
3.326586, -0.233756, -0.668831
3.294383, -0.228395, -0.307918
3.337190, -0.150406, -0.629055
3.272989, -0.241548, -0.168156
3.305842, -0.283408, -0.319625
2.491605, -0.300046, -0.139374
3.335841, -0.187700, -0.478593
2.927830, -0.226317, -0.149992
2.866642, 0.568394, -0.726848
2.871778, 0.545475, -0.635207
2.846008, 0.634848, -0.723860
2.854548, 0.638808, -0.648478
2.957332, 0.573044, -0.615427
2.936110, 0.567359, -0.558823
2.934339, 0.631405, -0.666431
2.919138, 0.614045, -0.655732
-0.080484, -0.176062, -1.027978
0.560708, -0.319798, -0.788213
-0.908723, -0.238291, -0.963464
0.627603, -0.155307, -0.928628
-0.952599, -0.218931, -0.895572
-0.306636, -0.240932, -1.018921
-0.981056, -0.107335, -0.756221
-0.170718, -0.120365, -1.024100
-0.946152, -0.846582, -0.323561
-0.925578, -0.904995, -0.265877
-0.884901, -0.816004, -0.319830
-0.969897, -0.745589, -0.450539
-0.393094, -0.854904, -0.373160
-0.849649, -0.902985, -0.317490
-0.449211, -0.768006, -0.343893
-0.887831, -0.826977, -0.284072
1.887378, -0.116121, -0.806525
1.896513, -0.143035, -0.761327
1.973955, -0.056531, -0.819425
1.756614, -0.076227, -0.781999
2.006054, -0.116124, -0.795339
1.991844, -0.105232, -0.758113
2.037949, -0.082680, -0.818684
2.100882, -0.081996, -0.793980
2.983160, 0.410345, -1.040959
3.014446, 0.422403, -0.982300
2.948688, 0.459493, -1.036793
2.932813, 0.464949, -0.971325
3.086086, 0.441090, -1.029592
3.099077, 0.401575, -0.978982
3.072140, 0.490135, -1.029747
3.124767, 0.522999, -0.977617
0.932363, -0.195311, -0.110480
0.526006, -0.233074, -0.016227
1.001818, -0.119448, -0.138787
0.671206, -0.127642, -0.046678
0.961533, -0.241663, -0.091169
0.685738, -0.238450, -0.029031
0.976343, -0.172983, -0.104836
0.677410, -0.174068, -0.032763
0.630055, -0.048477, -0.284056
0.540570, -0.038341, -0.249524
0.541158, 0.000676, -0.270556
0.600756, 0.053448, -0.265338
0.725938, -0.060871, -0.276224
0.817952, -0.066794, -0.255627
0.757755, 0.051062, -0.283319
0.829260, 0.025129, -0.258601
1.959634, -1.003902, -0.367696
2.064809, -1.005414, -0.415256
1.555651, -0.982162, -0.174859
1.694129, -0.985045, -0.261515
1.173347, -0.991929, -0.141606
1.779083, -1.010745, -0.361247
0.912112, -0.959776, 0.038916
1.225236, -0.970861, -0.133730
2.952210, 0.280016, -1.036171
2.936537, 0.250378, -0.945306
2.900799, 0.361239, -1.043178
2.931368, 0.308189, -0.950105
3.090980, 0.299711, -1.038709
3.097063, 0.267123, -0.958546
3.096451, 0.346040, -0.994319
3.059791, 0.330236, -0.962177
0.807499, -0.411148, -0.799170
-0.214939, -0.394908, -0.450565
-0.125068, -0.334745, -0.415272
0.823556, -0.356249, -0.815333
-0.315148, -0.366256, -0.463753
-0.416993, -0.386731, -0.494916
-0.287511, -0.362814, -0.429770
-0.166455, -0.331752, -0.354328
1.605043, 0.744835, -1.032032
1.530292, 0.749945, -1.017628
1.509349, 0.837172, -1.043624
1.516363, 0.893051, -1.034181
1.678800, 0.790284, -1.044259
1.744716, 0.790407, -1.015876
1.719039, 0.817235, -1.039347
1.753031, 0.825199, -1.015159
1.984258, 0.212221, -1.044330
1.858198, 0.247124, -1.002448
1.860413, 0.250173, -1.021970
1.961200, 0.298131, -1.007970
2.129412, 0.248682, -1.022274
2.211136, 0.249110, -1.005247
2.093895, 0.297063, -1.040733
2.160049, 0.283267, -0.981994
0.029017, 0.128370, -0.359900
-0.293548, 0.174781, -0.411854
0.151404, 0.146636, -0.365932
0.265587, 0.144379, -0.390449
0.641354, 0.165302, -1.023612
0.718121, 0.099630, -0.968052
0.721388, 0.181584, -0.814694
0.817507, 0.205892, -0.881136
2.904664, 0.018009, -1.006084
3.009650, 0.019397, -0.961602
2.989171, 0.102287, -1.007860
2.962402, 0.109424, -0.953409
3.058476, 0.017069, -1.000502
3.109581, 0.054677, -0.940210
3.083849, 0.116914, -0.995472
3.064233, 0.086030, -0.980553
0.930386, -0.265447, -0.800811
0.929205, -0.254790, -0.802161
0.886431, -0.147110, -1.028852
0.840811, -0.222193, -0.674169
0.927676, -0.243629, -0.720345
0.741981, -0.299902, -0.586666
0.950875, -0.198967, -0.676725
0.790387, -0.211804, -0.622741
1.031692, -0.018282, -0.141764
0.662735, -0.034749, -0.043594
1.044101, 0.003439, -0.151617
0.754058, 0.021124, -0.046930
1.130427, -0.050808, -0.152179
0.931777, -0.004764, -0.093907
1.120655, 0.063364, -0.132802
0.872872, 0.018920, -0.062174
0.222739, -0.893743, -0.848054
-0.010193, -0.899584, -0.768305
0.192178, -0.864212, -0.751854
0.310404, -0.876319, -0.778195
0.233578, -0.919941, -0.851215
0.330209, -0.938782, -0.791315
0.434102, -0.909449, -0.883863
-0.413802, -0.843347, -0.812969
-0.143654, 0.859685, -0.318600
0.122714, 0.859102, -0.244721
0.041771, 0.892742, -0.291514
0.363620, 0.915689, -0.315891
0.348286, 0.846608, -0.267202
0.473317, 0.894398, -0.302334
0.731294, 0.928661, -0.422686
0.850226, 0.934669, -0.451654
1.437063, -0.210673, -0.074648
1.577397, -0.189321, -0.139626
1.496059, -0.084693, -0.091192
1.339445, -0.071739, -0.053956
1.362188, -0.153279, -0.036802
1.163676, -0.187576, -0.003604
1.365549, -0.071054, -0.041668
1.015594, -0.084753, 0.031865
2.109841, 0.004370, -0.527529
2.083810, 0.030806, -0.504892
2.175341, 0.045750, -0.538101
2.047589, 0.056331, -0.509219
2.264889, -0.031584, -0.480245
2.134894, -0.021063, -0.475048
2.320110, 0.050889, -0.500287
2.147398, 0.092573, -0.486145
-0.026730, -0.946780, -1.011254
0.104620, -0.920644, -0.938223
-0.186382, -0.830740, -0.663003
0.191762, -0.824042, -0.677729
-0.244551, -0.919658, -0.630747
-0.522260, -0.967017, -0.972393
-0.351704, -0.904576, -0.615180
-0.153745, -0.886621, -0.586779
2.979753, 0.130970, -1.019819
3.000556, 0.153124, -0.959775
2.984134, 0.195350, -1.043633
2.989703, 0.230439, -0.926894
3.074546, 0.178191, -0.990715
3.034560, 0.185163, -0.935982
3.086755, 0.210863, -0.989103
3.031305, 0.196734, -0.935797
1.519195, 0.101450, -0.944298
1.564579, 0.098826, -0.916832
1.538062, 0.168307, -0.936748
1.606233, 0.186892, -0.913960
1.709335, 0.119267, -0.964175
1.703936, 0.107324, -0.903564
1.758028, 0.139783, -0.964329
1.680175, 0.158171, -0.921283
3.301928, -0.794243, -0.828730
3.277610, -0.761879, -0.675230
3.286922, -0.711135, -0.755101
3.269715, -0.680499, -0.659970
3.309422, -0.741498, -0.831965
3.273514, -0.771959, -0.347376
3.307138, -0.678431, -0.751178
3.269831, -0.751005, -0.526362
3.013347, 0.004611, -0.513189
2.942654, -0.011253, -0.508402
2.999762, 0.110442, -0.556973
2.967350, 0.084185, -0.521885
3.091982, 0.008367, -0.433358
3.014234, -0.019293, -0.392796
3.088737, 0.081356, -0.457390
3.005885, 0.055455, -0.419543
2.392571, 0.101879, -0.950166
2.431157, 0.144634, -0.909316
2.334573, 0.163877, -0.955762
2.337600, 0.193822, -0.908369
2.625569, 0.130604, -0.942291
2.542981, 0.143826, -0.905306
2.529358, 0.199738, -0.942993
2.448196, 0.165024, -0.907322
3.314150, -0.756356, -0.152640
2.402090, -0.817370, -0.142307
3.308597, -0.731128, -0.498012
2.192521, -0.799238, -0.139052
2.851303, -0.794026, -0.141565
-0.503292, -0.795264, 0.066277
0.990414, -0.830472, 0.077897
-0.450461, -0.768461, 0.098172
1.603023, 0.635797, -1.039236
1.473691, 0.613654, -0.991036
1.511133, 0.695412, -1.037734
1.638501, 0.711373, -1.003433
1.679291, 0.628329, -1.047046
1.721714, 0.632742, -1.000829
1.820733, 0.678401, -1.023547
1.716003, 0.647651, -0.998937
0.663802, 0.366821, -0.556209
0.266497, 0.405684, -0.361692
0.882223, 0.471476, -0.778167
0.855486, 0.484542, -0.802216
-0.685125, 0.360486, 0.094723
-0.999387, 0.326807, 0.019935
-0.638796, 0.554644, 0.098997
-0.881570, 0.461720, 0.103894
1.989829, 0.488271, -1.042308
1.970548, 0.487621, -1.010405
1.809029, 0.518615, -1.049598
1.989846, 0.527831, -0.992318
2.054278, 0.438276, -1.035004
2.078444, 0.489545, -0.988278
2.023272, 0.532913, -1.028079
2.062402, 0.522525, -0.991371
1.028232, -0.214532, -0.087098
0.790325, -0.255314, -0.033000
1.061846, -0.109397, -0.100596
0.876564, -0.134606, -0.054278
0.957180, -0.248509, -0.031166
0.899114, -0.204261, -0.038204
0.917881, -0.115951, -0.042723
0.869743, -0.158499, -0.023630
0.887848, -0.065426, -0.277655
0.829603, -0.077986, -0.230977
0.959192, -0.007025, -0.264362
0.912015, 0.043822, -0.253802
1.037393, -0.008507, -0.278293
1.002102, -0.047684, -0.243553
1.072046, 0.057496, -0.283779
1.057473, 0.053095, -0.257452
0.943665, -1.010285, -0.076938
1.865644, -1.025351, -0.417773
0.605026, -0.991430, 0.092470
0.039282, -0.954648, 0.139804
-0.371653, -0.978337, -0.097663
-0.479782, -0.982425, -0.113817
-0.398006, -0.963297, -0.056377
-0.751320, -0.916904, -0.254889
1.290999, 0.569848, -1.032825
1.199228, 0.569742, -0.935934
1.233477, 0.686786, -1.026818
1.262748, 0.693239, -0.980789
1.346326, 0.570490, -1.009231
1.421668, 0.627478, -1.002234
1.393912, 0.639750, -1.025994
1.364802, 0.705853, -1.002349
0.601515, -0.011034, 0.043833
0.218040, -0.060149, 0.093550
0.213159, 0.063005, 0.090556
0.226280, 0.042639, 0.091331
0.279113, -0.054042, 0.100734
-0.002036, 0.010307, 0.018721
0.264781, 0.014299, 0.109795
-0.091094, 0.092518, -0.009105
2.717855, -0.017146, -0.184409
2.449941, -0.011369, -0.143186
2.337560, 0.052979, -0.138571
1.967725, 0.097253, -0.127883
2.163820, -0.006870, -0.131113
1.308632, 0.008173, 0.029910
1.950451, 0.069195, -0.121384
1.261057, 0.078894, 0.032983
1.642083, -0.457877, -0.278538
1.460486, -0.534319, -0.243510
1.685355, -0.381713, -0.282853
1.511804, -0.392276, -0.241297
1.644747, -0.500793, -0.255138
1.366491, -0.489474, -0.148267
1.704689, -0.394529, -0.252089
1.436409, -0.441370, -0.197148
-0.258717, -0.659278, -0.051799
-0.455778, -0.624765, -0.168287
-0.463371, -0.552548, -0.156409
-0.453919, -0.530440, -0.175190
-0.650839, -0.588845, -0.267292
-0.548148, -0.594004, -0.232662
-0.576096, -0.519010, -0.201083
-0.586086, -0.510982, -0.289987
0.311198, 0.484208, -0.127757
0.273771, 0.407996, -0.102345
0.306713, 0.556044, -0.113667
0.275225, 0.577588, -0.096201
0.344884, 0.462395, -0.058011
0.339540, 0.452322, -0.083155
0.317424, 0.612349, -0.052231
0.298374, 0.575565, -0.049844
-0.080072, -0.912225, -0.698537
-0.206704, -0.927813, -0.692397
-0.538621, -0.869671, -0.802220
-0.164936, -0.833359, -0.868403
-0.495879, -0.858661, -0.758760
-0.057487, -0.927832, -0.687551
-0.511747, -0.818890, -0.734519
-0.579425, -0.853919, -0.766016
0.504817, -0.967720, -0.049085
0.363670, -0.937968, -0.009222
0.326290, -0.874768, 0.016940
0.113209, -0.882718, 0.038130
0.666230, -0.970423, -0.079312
0.195359, -0.962624, 0.026487
0.274572, -0.868888, 0.040780
-0.161631, -0.860464, -0.024987
3.150684, 0.261118, -1.033235
3.182144, 0.258496, -0.954031
3.138189, 0.370545, -1.037513
3.152050, 0.351301, -0.945662
3.205812, 0.294433, -1.011339
3.262857, 0.263571, -0.945971
3.204640, 0.368879, -1.023234
3.228663, 0.361720, -0.933090
2.741803, -0.317319, -1.008959
2.720428, -0.342891, -0.953249
2.592814, -0.280680, -1.029889
2.696594, -0.295818, -0.992537
2.851276, -0.346138, -1.028828
2.858350, -0.359866, -0.980699
2.861767, -0.289654, -0.995430
2.793257, -0.296781, -0.957987
-0.651723, -0.845773, -0.574194
0.623053, -0.860977, -0.753271
-0.727287, -0.798149, -0.770110
-0.641627, -0.799974, -0.812247
-0.951834, -0.822294, -0.439535
-0.929226, -0.853333, -0.614333
-0.950840, -0.755209, -0.474284
-0.714751, -0.767387, -0.785191
0.912529, 0.599024, -0.870578
0.849814, 0.518441, -0.833333
0.919221, 0.679094, -0.881608
0.908059, 0.661529, -0.910169
-0.604666, 0.675313, 0.101679
0.778108, 0.527811, -0.851257
-0.703707, 0.862535, 0.066664
-0.603787, 0.720180, 0.100584
1.935219, 0.575291, -1.035977
2.022790, 0.601736, -1.012960
1.851771, 0.687187, -1.037863
1.852759, 0.667931, -1.016842
2.007714, 0.633039, -1.032510
2.077600, 0.578283, -0.991584
2.117590, 0.640576, -1.047543
2.066034, 0.639192, -1.014337
-0.331556, -0.665482, -0.473528
-0.741177, -0.709090, -0.547188
-0.504064, -0.597885, -0.506964
0.764254, -0.575968, -0.876982
-0.742128, -0.711691, -0.503655
-0.807869, -0.715820, -0.533461
-0.649073, -0.647724, -0.495707
-0.832238, -0.657300, -0.528594
0.302335, -0.808883, -0.561827
-0.142367, -0.852634, -0.517789
0.739075, -0.734858, -0.846458
-0.491475, -0.760836, -0.504800
-0.740425, -0.803978, -0.526936
-0.795848, -0.794808, -0.526426
-0.647720, -0.756414, -0.515389
-0.773892, -0.735738, -0.527430
1.409214, -0.335704, -0.364428
1.239491, -0.361404, -0.303924
1.523934, -0.260662, -0.394480
1.237134, -0.251290, -0.296054
1.578059, -0.341618, -0.384587
1.438927, -0.323493, -0.350249
1.588841, -0.262673, -0.394516
1.359218, -0.229200, -0.319805
1.301696, -0.546903, -0.111254
1.035937, -0.561199, -0.047808
1.303834, -0.452079, -0.101268
1.073300, -0.468771, -0.057679
1.159643, -0.532889, -0.053750
0.757261, -0.538723, 0.032740
1.205638, -0.414635, -0.068676
0.904644, -0.406870, 0.019105
0.113898, 0.534378, -0.314128
-0.413099, 0.745160, -0.903257
-0.907605, 0.820106, -0.704296
-0.908530, 0.824858, -0.677261
-0.930152, 0.754776, -0.464988
-0.899917, 0.773369, -0.705180
-0.922447, 0.771237, -0.490593
-0.928364, 0.765618, -0.336803
3.266106, 0.574054, -0.167080
1.709471, 0.625949, -0.046955
3.302203, 0.622717, -0.218623
1.876346, 0.701016, -0.094377
0.567697, 0.572651, 0.170574
-0.379995, 0.649378, 0.020534
2.410871, 0.694255, -0.145232
-0.365204, 0.702563, 0.024347
-0.810398, -0.696434, -0.554746
0.219514, -0.673507, -0.511678
0.740967, -0.616943, -0.817448
-0.592875, -0.608982, -0.548832
-0.761311, -0.695614, -0.469892
-0.872372, -0.741416, -0.458155
-0.818942, -0.610374, -0.490925
-0.875160, -0.628889, -0.542237
0.304283, -0.902598, -0.813090
-0.988902, -0.916799, -0.188670
0.145193, -0.841434, -0.723301
-0.197687, -0.918706, -0.791781
-0.133446, -0.888314, -0.725641
0.302553, -0.933644, -0.881697
-0.206109, -0.923590, -0.793135
-0.169417, -0.897081, -0.706110
0.459793, -0.946147, -0.066778
0.323132, -0.964784, -0.050942
0.527165, -0.897320, -0.057486
0.148824, -0.912143, 0.006516
0.719966, -0.953825, -0.122717
0.316002, -0.959074, -0.042699
0.405651, -0.891766, -0.020714
0.109063, -0.913789, 0.022486
1.825958, 0.360780, -1.044865
2.035143, 0.364495, -1.006661
1.961634, 0.378232, -1.042645
1.955400, 0.419612, -0.985348
2.123633, 0.315045, -1.024722
2.226831, 0.368971, -1.003301
2.145300, 0.381014, -1.039724
2.253230, 0.401298, -0.984026
0.831336, 0.284154, -0.739600
0.860370, 0.228111, -0.780625
0.795820, 0.415539, -0.883782
0.174271, 0.357285, -0.340671
-0.871845, 0.025667, -1.033248
0.811808, 0.300963, -0.874099
-0.663657, 0.154079, 0.106461
0.814620, 0.336124, -0.854178
-0.381131, -0.856075, -0.524096
-0.292301, -0.864220, -0.528301
0.214396, -0.754009, -0.525959
-0.757966, -0.754291, -0.552566
-0.806704, -0.826241, -0.469560
-0.889565, -0.813014, -0.492311
-0.835885, -0.777228, -0.466984
-0.906889, -0.771833, -0.501036
3.157306, 0.419187, -1.048635
3.163514, 0.425103, -0.967270
3.159264, 0.482450, -0.976086
3.172366, 0.463993, -0.946986
3.197841, 0.434115, -1.020663
3.229794, 0.453349, -0.883857
3.238937, 0.482142, -1.038803
3.204700, 0.478108, -0.947205
0.370959, -0.038785, -0.216608
0.317834, -0.087998, -0.191498
0.369547, 0.053971, -0.207607
0.383722, -0.009044, -0.196013
0.625405, -0.031957, -0.239552
0.543518, -0.051847, -0.154529
0.672939, 0.009682, -0.210817
0.527971, -0.007230, -0.173890
2.286811, -1.018997, -0.489612
1.439559, -0.993159, -0.273059
1.265097, -0.959978, -0.172079
1.151639, -0.984135, -0.172271
1.217863, -0.992709, -0.191735
1.164621, -1.002459, -0.221972
1.003240, -0.966799, -0.033166
0.883971, -0.994735, -0.038183
0.214917, -0.203531, 0.043369
0.076298, -0.233437, 0.046374
0.488311, -0.170671, 0.001683
-0.005382, -0.131142, 0.016144
0.441556, -0.255082, 0.012415
0.112106, -0.217147, 0.062987
0.645529, -0.102390, -0.023158
0.087845, -0.138469, 0.058178
-0.248856, 0.849090, -0.222630
-0.299146, 0.797119, -0.263629
-0.199783, 0.867145, -0.203255
-0.130893, 0.852629, -0.216072
-0.465029, 0.827519, -0.313902
-0.370941, 0.796306, -0.285733
-0.357347, 0.919772, -0.303072
-0.195620, 0.860371, -0.233513
-0.249959, -0.494730, -0.090332
-0.164725, -0.453904, -0.009873
0.101639, -0.476662, 0.097746
-0.211723, -0.376525, -0.070256
-0.442206, -0.512655, -0.199075
-0.443937, -0.491093, -0.242280
-0.463753, -0.356648, -0.220503
-0.448398, -0.398550, -0.260392
0.798301, -0.741660, -0.903346
0.751015, -0.785969, -0.827276
0.091813, -0.722227, -0.457046
0.610509, -0.700188, -0.667690
0.055837, -0.767665, -0.451225
-0.049817, -0.792827, -0.444895
-0.006318, -0.709077, -0.411721
-0.098541, -0.700086, -0.440041
0.074453, -0.159002, -0.794625
0.353321, -0.261456, -0.668395
0.079628, 0.024755, -0.893911
0.487266, -0.149912, -0.749511
-0.198714, -0.137320, -0.903747
-0.300683, -0.128298, -0.884449
-0.431868, -0.059059, -0.853073
-0.444598, -0.051613, -0.858100
0.678567, 0.719422, -0.035645
0.358743, 0.651862, 0.046876
0.470805, 0.770151, 0.035321
0.382690, 0.751640, 0.036192
0.714133, 0.698703, -0.019560
0.236009, 0.722092, 0.070507
0.653965, 0.794498, -0.017363
0.415836, 0.793810, 0.054118
0.079855, 0.427785, -0.368101
-0.358938, 0.436914, -1.036949
0.143507, 0.480772, -0.373131
0.754658, 0.484950, -0.685662
0.722179, 0.412951, -0.797343
0.754252, 0.394734, -0.936158
0.727605, 0.520011, -0.763300
-0.632131, 0.624717, -1.032254
2.157612, -0.135324, -0.379874
2.050110, -0.177949, -0.391262
2.124927, -0.079768, -0.404235
2.055828, -0.101596, -0.406305
2.158287, -0.157284, -0.322530
2.076418, -0.120809, -0.329595
2.135077, -0.067991, -0.334527
2.060762, -0.064742, -0.309599
1.902124, -0.545946, -0.487730
1.776144, -0.617873, -0.442839
1.933818, -0.528433, -0.460436
1.841416, -0.488246, -0.445943
1.967757, -0.602381, -0.461509
1.945237, -0.568678, -0.446594
2.000996, -0.501583, -0.434101
1.943410, -0.536468, -0.410831
-0.159407, 0.668042, 0.091370
-0.230830, 0.781070, 0.090349
-0.163504, 0.741656, 0.054642
-0.279931, 0.806747, 0.012236
-0.144708, 0.673476, 0.076901
-0.215203, 0.828630, 0.097611
-0.197550, 0.765130, 0.032476
-0.186494, 0.816532, 0.090406
-0.658506, -0.803996, -0.843342
-0.966465, -0.747193, -0.643438
-0.029028, -0.673364, -0.723691
0.043730, -0.650790, -0.774205
0.001288, -0.732210, -0.727328
-0.092945, -0.731589, -0.732625
0.085901, -0.669787, -0.731337
0.087416, -0.687244, -0.726441
0.473167, 0.099486, -0.031006
0.270644, 0.106442, 0.015475
0.574132, 0.183956, -0.047249
0.382936, 0.158263, 0.002491
0.728803, 0.150278, -0.065780
0.488355, 0.144789, 0.000427
0.376852, 0.236257, 0.014937
0.256967, 0.169735, 0.032782
0.031551, -1.016266, -0.108011
-0.441928, -0.982911, -0.332494
-0.503581, -0.944387, -0.216931
-0.157749, -0.962415, -0.242306
0.516897, -1.044281, -0.344940
-0.116839, -0.992686, -0.406682
-0.455739, -0.918584, -0.328469
-0.211174, -0.957973, -0.305006
0.422454, -0.731805, -0.553652
0.277817, -0.752253, -0.515076
0.763416, -0.718876, -0.792946
0.525728, -0.677330, -0.593849
0.213236, -0.771969, -0.477517
0.222559, -0.774514, -0.448198
0.260241, -0.702684, -0.456675
0.100054, -0.712766, -0.410332
1.113520, -0.165345, -0.369287
1.014281, -0.200136, -0.304757
1.096224, -0.117101, -0.343622
0.934290, -0.143979, -0.305890
1.218076, -0.218145, -0.365922
1.110862, -0.168776, -0.298058
1.300069, -0.146043, -0.370095
1.118964, -0.111493, -0.299975
1.203746, -0.548464, -1.045330
1.144971, -0.572544, -0.933902
1.118426, -0.548926, -0.981400
1.187786, -0.529180, -0.979252
1.216760, -0.566776, -1.046617
1.213452, -0.569919, -0.955754
1.364958, -0.526552, -1.018398
1.325499, -0.521727, -0.991771
0.002851, -0.049046, -0.473959
-0.160354, -0.025509, -0.502370
-0.392108, 0.120935, -0.656462
-0.403730, 0.120238, -0.680148
0.355598, -0.105307, -0.520731
-0.142222, -0.059043, -0.484700
0.338986, -0.059369, -0.509384
-0.080333, -0.033018, -0.461629
2.500130, 0.811472, -0.816480
2.452220, 0.830259, -0.801133
2.593672, 0.902135, -0.848756
2.534667, 0.884718, -0.833071
2.727208, 0.852045, -0.728080
2.622004, 0.776355, -0.679728
2.618384, 0.924988, -0.875009
2.655954, 0.895354, -0.801029
1.524137, 0.636932, -0.959663
1.559030, 0.577967, -0.947232
1.593485, 0.644703, -0.966413
1.567836, 0.721330, -0.952979
1.828419, 0.574167, -0.959580
1.742762, 0.625997, -0.944162
1.789959, 0.685361, -0.990683
1.793889, 0.714270, -0.973231
3.315489, -0.260937, -0.878305
3.300177, -0.247707, -0.683558
3.300931, -0.185503, -0.779204
3.309865, -0.164532, -0.561683
3.319972, -0.251112, -0.754695
3.305727, -0.242809, -0.367611
3.327002, -0.162794, -0.619669
3.319327, -0.152155, -0.542220
2.736813, 0.435862, -0.287918
2.561061, 0.407486, -0.271347
2.701577, 0.482361, -0.295829
2.495259, 0.506642, -0.239423
2.308849, 0.444511, -0.180872
2.393716, 0.429742, -0.204856
2.316718, 0.530555, -0.166173
2.360087, 0.548352, -0.207639
-0.522852, -0.871891, -0.859080
-0.420644, -0.888944, -0.894811
-0.294204, -0.748381, -0.504107
-0.300952, -0.754933, -0.926234
-0.889250, -0.821407, -0.683736
-0.513143, -0.876235, -0.872440
-0.413347, -0.791686, -0.901853
0.040874, -0.755298, -0.871511
2.242015, -0.109132, -0.900956
2.267829, -0.096240, -0.853520
2.253696, -0.046121, -0.897837
2.263660, -0.054643, -0.861472
2.577743, -0.095634, -0.839816
2.461273, -0.126630, -0.823238
2.459137, -0.048993, -0.857835
2.466117, -0.067615, -0.822930
-0.671729, 0.693244, -0.352272
-0.925368, 0.701122, -0.222170
-0.475085, 0.726028, -0.314818
-0.926072, 0.784335, -0.173625
-0.936490, 0.754755, -0.093381
0.230120, 0.749082, -0.958190
0.319274, 0.739607, -0.731009
0.006385, 0.788248, -0.642381
0.676895, -0.498659, -0.608786
0.634609, -0.482598, -0.590405
0.759554, -0.428577, -0.663151
0.693393, -0.438833, -0.628683
0.793880, -0.526409, -0.616714
0.610667, -0.522329, -0.562003
0.757185, -0.438982, -0.577372
0.599913, -0.476823, -0.495986
-0.703031, -0.612001, -0.318005
-0.819260, -0.559189, -0.317008
-0.713815, -0.536379, -0.330833
-0.939514, -0.410143, -0.340993
-0.969989, -0.436209, -0.346461
-0.974641, -0.483472, -0.422420
-0.242634, -0.270998, -0.942826
-0.957696, -0.299252, -0.516293
0.520461, -0.398810, -0.525502
0.864570, -0.357383, -0.869035
0.276418, -0.342834, -0.425789
0.142878, -0.374447, -0.414930
0.213501, -0.391909, -0.370795
0.101661, -0.384724, -0.360939
0.113731, -0.360123, -0.379038
0.042715, -0.350990, -0.405122
1.969740, -0.007494, -0.291894
1.757583, -0.029791, -0.237147
1.938438, 0.112933, -0.283408
1.888852, 0.116737, -0.277061
1.725993, -0.037336, -0.195986
1.561459, -0.048986, -0.135353
1.719224, 0.120954, -0.189790
1.652736, 0.090429, -0.171800
-0.854557, -0.084809, -0.338273
-0.925315, -0.029590, -0.240310
-0.802422, -0.063602, -0.300870
-0.763382, -0.060486, -0.310216
-0.775330, 0.071528, 0.032899
0.241377, 0.065864, -0.723308
-0.739068, 0.142928, 0.046748
-0.835154, 0.230942, 0.039678
0.834137, 0.876269, -0.270508
0.714965, 0.921488, -0.233516
0.962854, 0.930366, -0.334554
1.155380, 0.955480, -0.476769
0.999118, 0.903305, -0.270690
0.997077, 0.924604, -0.258754
1.216066, 0.925605, -0.378751
1.158463, 0.942614, -0.393391
-0.164926, -0.530825, -0.777347
-0.209032, -0.608542, -0.792633
-0.047009, -0.424905, -0.826391
-0.095760, -0.467638, -0.816693
-0.239179, -0.652258, -0.814827
-0.277479, -0.576039, -0.893801
-0.361003, -0.509106, -0.840029
-0.071034, -0.441852, -0.889678
0.679830, 0.290265, -0.030968
0.418380, 0.327035, 0.022061
0.695475, 0.424700, -0.043140
0.167286, 0.358045, 0.024237
0.571085, 0.282319, 0.010421
0.317245, 0.284049, 0.049432
0.441797, 0.401641, 0.033663
0.036055, 0.355113, 0.019658
0.842225, -0.315005, -0.908334
0.842885, -0.306140, -0.949526
-0.342610, -0.189263, -0.462620
-0.435560, -0.229200, -0.509748
-0.519664, -0.272996, -0.510706
-0.572297, -0.267688, -0.543873
-0.387903, -0.186068, -0.436812
-0.533094, -0.176738, -0.517756
2.411873, 0.479145, -1.036627
2.426475, 0.471268, -1.003630
2.393126, 0.548953, -1.038324
2.378716, 0.526394, -0.992929
2.466524, 0.488119, -1.028777
2.605590, 0.469527, -0.982462
2.574665, 0.584023, -1.044852
2.503350, 0.539003, -0.994502
-0.244941, -0.037296, -0.089098
-0.419665, -0.012659, -0.201695
-0.038166, 0.050534, 0.024169
-0.128095, 0.028673, -0.021586
-0.498209, 0.014087, -0.220933
-0.393654, -0.001348, -0.182841
-0.372645, 0.060502, -0.153270
-0.496552, 0.122854, -0.246703
0.273771, -0.406441, -0.450424
0.831963, -0.369683, -0.817326
0.838249, -0.308017, -0.982027
0.847365, -0.342781, -0.911473
-0.069350, -0.418524, -0.409293
-0.170528, -0.417360, -0.376764
-0.043861, -0.337763, -0.387146
-0.186885, -0.329521, -0.380307
0.220968, 0.704011, 0.122523
-0.047576, 0.666475, -0.065488
0.348801, 0.830040, 0.127003
0.025538, 0.730562, -0.016880
-0.467526, 0.656435, -0.236598
-0.426750, 0.674024, -0.268486
-0.115196, 0.709468, -0.095381
-0.362629, 0.747194, -0.250881
2.360897, -0.208347, -0.883178
2.350632, -0.215301, -0.836187
2.355051, -0.165224, -0.891007
2.276050, -0.155413, -0.859755
2.465199, -0.235871, -0.877736
2.543003, -0.233065, -0.801601
2.415130, -0.187945, -0.864926
2.452200, -0.190865, -0.825439
-0.952937, 0.579979, -0.124637
-0.925615, 0.570050, -0.018466
-0.938777, 0.674681, -0.161820
-0.945793, 0.633026, -0.072135
-0.824799, 0.615988, 0.020388
-0.880514, 0.566020, 0.001537
-0.945199, 0.670989, 0.010346
0.104177, 0.646173, -0.638446
-0.132729, 0.132167, 0.192527
-0.423326, 0.243934, 0.087194
-0.150031, 0.193227, 0.194518
-0.552005, 0.491391, 0.099375
0.056418, 0.124645, 0.187648
-0.429513, 0.215958, 0.083433
-0.342422, 0.228121, 0.061201
-0.414157, 0.221985, 0.055908
1.266374, -0.155928, -0.693109
1.410947, -0.157238, -0.684547
1.477702, -0.107277, -0.732083
1.411730, -0.074179, -0.680667
1.600165, -0.146207, -0.713982
1.468229, -0.150750, -0.678289
1.646335, -0.077273, -0.729858
1.603215, -0.084452, -0.698796
2.861356, -0.853032, -0.954592
2.847906, -0.896701, -0.953189
2.854396, -0.792390, -0.941565
2.898038, -0.828712, -0.935609
2.969070, -0.848976, -0.948955
3.006751, -0.860346, -0.877125
2.994753, -0.758229, -0.897397
2.955058, -0.809720, -0.907343
-0.634809, 0.445066, -0.827808
0.144506, 0.429539, -0.909465
-0.575319, 0.453725, -0.835716
-0.535466, 0.476192, -0.851776
-0.731476, 0.415470, -0.727807
-0.773723, 0.372977, -0.725248
-0.743039, 0.449512, -0.701119
-0.697253, 0.427626, -0.824735
2.054581, 0.029052, -0.188433
2.058864, 0.036364, -0.205507
2.122538, 0.069033, -0.183183
2.129959, 0.112401, -0.218626
1.675465, 0.030601, -0.100688
1.561378, 0.006933, -0.075375
1.719671, 0.047027, -0.117969
1.573797, 0.080752, -0.069922
0.472985, 0.114993, -0.937029
0.373046, 0.085947, -0.742195
0.451203, 0.183663, -0.942643
0.383073, 0.158800, -0.983301
0.266510, 0.036814, -0.576535
0.507771, 0.079742, -0.885186
0.460207, 0.076242, -0.671797
0.297576, 0.128000, -0.578086
1.628699, 0.848227, -0.551792
1.484627, 0.879099, -0.481019
1.658574, 0.868446, -0.574132
1.568377, 0.884200, -0.533325
1.773014, 0.820325, -0.551542
1.603002, 0.843596, -0.504497
1.778741, 0.897559, -0.641966
1.867975, 0.917839, -0.701571
-0.512452, -0.924845, -0.244466
-0.260082, -0.895052, -0.315689
-0.288442, -0.850297, -0.298000
-0.834533, -0.756514, -0.247907
-0.464498, -0.843642, -0.305951
-0.496240, -0.869852, -0.307334
-0.932258, -0.698947, -0.150171
-0.994630, -0.702210, -0.391275
0.794711, -0.592356, -0.952369
0.797021, -0.612707, -0.839540
0.770985, -0.583528, -0.765188
0.800950, -0.593352, -0.875758
0.232773, -0.654771, -0.463102
0.094980, -0.651556, -0.413044
0.184173, -0.591282, -0.434238
0.102472, -0.601548, -0.396640
0.781536, -0.725536, -1.011621
0.774731, -0.714842, -1.004261
0.774313, -0.663364, -0.740085
0.836251, -0.662821, -0.937629
0.713199, -0.762134, -0.710085
0.574598, -0.744511, -0.606267
0.658398, -0.697868, -0.611629
0.604834, -0.669322, -0.584367
0.916022, 0.694936, -0.880077
0.921940, 0.705243, -0.905115
0.892503, 0.754772, -0.856447
0.936956, 0.826770, -0.941058
-0.713069, 0.946729, 0.062529
-0.921640, 0.919526, 0.050148
-0.715197, 0.996090, 0.031111
0.904338, 0.812985, -0.871667
1.875017, 0.764328, -1.042204
1.820840, 0.754518, -1.025587
1.831634, 0.861048, -1.049479
1.833483, 0.860775, -1.020686
2.171387, 0.741689, -1.033810
2.098549, 0.729886, -1.017437
2.043588, 0.858694, -1.030040
2.018341, 0.912568, -1.040012
1.008255, -0.146073, -0.835400
1.012883, -0.132552, -0.898606
1.029601, -0.126777, -0.891696
0.972833, -0.072398, -1.013510
1.111558, -0.126807, -0.862706
0.977226, -0.138669, -0.749852
1.082767, -0.079739, -0.822568
1.025040, -0.094097, -0.763996
-0.301752, -0.038769, 0.109482
-0.158883, -0.047196, 0.133009
-0.017154, 0.014343, 0.154381
-0.170120, 0.068611, 0.143638
-0.741277, 0.120586, -0.067897
0.310281, 0.201909, -0.817974
0.246973, 0.297278, -0.870628
-0.678509, 0.239302, -0.029757
-0.676270, -0.389826, -0.349324
-0.818352, -0.396325, -0.350621
-0.575141, -0.380704, -0.343010
-0.905846, -0.289207, -0.390684
0.120442, -0.207180, -0.647071
-0.955261, -0.255932, -0.571056
0.136249, -0.144956, -0.655713
-0.968754, -0.174276, -0.528493
0.892058, -0.239570, -0.908678
0.843454, -0.262674, -0.761843
0.537281, -0.273184, -0.507303
0.892392, -0.163565, -0.956562
0.182845, -0.330822, -0.366562
0.139435, -0.287295, -0.402783
0.183638, -0.256541, -0.371851
0.078184, -0.232948, -0.359172
0.288260, -0.802239, -0.784278
-0.229373, -0.855047, -0.746635
-0.011943, -0.695217, -0.662623
-0.205003, -0.664074, -0.797734
-0.180424, -0.779609, -0.679275
0.041231, -0.826816, -0.681177
-0.337577, -0.607186, -0.867821
-0.070170, -0.674412, -0.874083
0.646185, 0.139704, -0.021689
0.473678, 0.105684, 0.008388
0.549850, 0.201962, 0.004531
0.079709, 0.185226, 0.016735
0.501814, 0.154325, 0.016303
0.083092, 0.110004, 0.024235
0.647861, 0.188571, -0.000824
0.113839, 0.186054, 0.029727
1.065177, -0.170157, -1.008481
0.986454, -0.138300, -1.030183
1.078878, -0.100275, -0.994526
1.060773, -0.112888, -0.986934
1.168885, -0.116865, -0.988006
1.080317, -0.157735, -0.944820
1.163783, -0.089187, -1.021295
1.109804, -0.085090, -0.922144
3.135295, 0.562850, -1.034727
3.172381, 0.535638, -0.959837
3.180174, 0.631181, -1.025371
3.198289, 0.604557, -0.932031
3.225114, 0.555150, -1.046296
3.242367, 0.586724, -0.896051
3.307005, 0.629863, -1.013823
3.261906, 0.627667, -0.931945
1.632937, 0.444133, -0.286174
1.467869, 0.465056, -0.217370
1.699549, 0.571305, -0.293570
1.550755, 0.510648, -0.246516
1.725243, 0.473269, -0.270623
1.481908, 0.491981, -0.187890
1.641242, 0.545222, -0.229781
1.530570, 0.564185, -0.200439
0.733409, -0.543879, -0.915681
-0.417894, -0.489500, -0.547829
0.651276, -0.444595, -0.706127
-0.361187, -0.442388, -0.530483
0.664814, -0.541460, -0.890365
0.714772, -0.516467, -0.921241
0.694931, -0.376795, -0.941933
0.766251, -0.442541, -0.936093
1.365701, -0.663984, -1.044904
1.405563, -0.694313, -0.991173
1.519400, -0.610930, -1.039090
1.415372, -0.613591, -1.000755
1.605521, -0.702831, -1.022307
1.710416, -0.669301, -0.990330
1.593176, -0.600348, -1.020234
1.595234, -0.591909, -0.981296
0.930194, -0.847006, -1.022906
0.849994, -0.810602, -1.038264
0.874346, -0.773571, -1.046940
0.884493, -0.769996, -1.027019
0.996089, -0.854134, -0.997705
1.018270, -0.913843, -1.029585
1.004251, -0.794462, -1.008188
0.977806, -0.779332, -0.983526
2.417966, 0.379577, -1.029441
2.408774, 0.370598, -1.004323
2.347989, 0.427019, -1.016088
2.397966, 0.408868, -1.004779
2.455614, 0.365402, -1.032645
2.538161, 0.371105, -0.976432
2.467020, 0.444387, -1.024444
2.468011, 0.425169, -1.000658
1.833827, -0.672123, -1.043248
1.881951, -0.716435, -1.005200
1.760350, -0.631495, -1.034779
1.823138, -0.623853, -0.997046
2.004479, -0.692188, -1.043896
2.105342, -0.708213, -1.016387
2.035385, -0.607686, -1.027839
2.006173, -0.645665, -0.992587
0.215014, -0.040375, -0.401347
-0.046717, -0.030519, -0.387274
-0.684686, 0.219289, -0.627826
-0.784241, 0.252378, -0.642818
0.814833, -0.057249, -0.780256
0.555111, -0.040349, -0.537215
0.840326, 0.003153, -0.991587
0.854412, -0.026131, -0.853064
-0.050832, 0.937988, -0.189111
-0.074810, 0.920669, -0.185817
1.861412, 1.001090, -0.483829
1.307632, 0.998936, -0.316556
-0.188356, 0.921926, -0.225352
-0.051484, 0.909683, -0.213180
-0.067776, 0.943925, -0.191115
1.539847, 1.015325, -0.491953
1.990289, 0.004171, -0.211143
1.835223, -0.017383, -0.190647
1.736529, 0.123954, -0.144318
1.692650, 0.057632, -0.146575
1.226112, -0.055497, 0.009757
1.566079, -0.043051, -0.099332
1.463053, 0.064439, -0.054774
1.610506, 0.087402, -0.107375
0.264571, 0.011157, -0.669351
0.095022, 0.036128, -0.629283
0.328843, 0.161728, -0.688316
0.341568, 0.160110, -0.992275
0.035987, 0.073589, -0.532808
0.116868, 0.206377, -0.803194
-0.129353, 0.163713, -0.697890
0.522568, 0.133282, -0.807619
1.352556, 0.847596, -0.381299
1.363981, 0.903669, -0.414397
1.772902, 0.954042, -0.778082
1.629400, 0.935373, -0.633529
1.463149, 0.843053, -0.424053
1.485724, 0.887274, -0.433436
1.807854, 0.916779, -0.653719
1.838099, 0.926886, -0.665118
-0.046853, -0.373642, 0.069038
-0.385878, -0.300041, -0.192328
-0.141469, -0.254427, -0.018368
-0.371177, -0.199792, -0.173310
-0.322771, -0.321651, -0.142015
-0.479597, -0.282480, -0.254153
-0.225466, -0.257730, -0.083908
-0.388280, -0.254821, -0.179164
0.122363, -0.663331, -0.455979
0.042244, -0.661217, -0.443275
0.140874, -0.606724, -0.455286
0.489228, -0.604575, -0.564046
-0.075290, -0.661175, -0.407428
-0.237130, -0.622551, -0.431041
0.102692, -0.602019, -0.370803
-0.167694, -0.573626, -0.400882
