-1.141245, -1.966785, -5.913542
-1.379513, -2.001603, -5.759209
-0.955228, -1.668576, -6.061302
-1.142366, -1.957782, -5.890110
-1.231641, -1.963509, -5.861419
-0.000720, -1.766668, -6.167264
-0.961657, -1.684343, -6.066909
-0.987618, -1.918912, -5.989280
-1.030647, -1.485265, -6.012521
-1.475875, -1.833153, -5.989044
-0.930563, -1.465106, -5.983711
-1.212236, -1.536910, -5.984712
-1.134066, -1.892679, -5.983676
-1.168067, -1.750939, -5.943238
-1.335690, -1.989956, -5.786506
-1.319412, -1.953592, -6.210865
-1.448519, -1.019482, -6.002989
-1.945559, -1.939953, -4.278948
-1.676287, -1.262350, -5.949761
-1.603012, -0.648306, -5.903225
-1.725150, -1.557615, -5.922771
-1.235192, -1.463709, -6.041393
-1.261368, -1.511622, -6.010248
-1.675821, -1.433826, -5.791912
-1.720891, -1.879070, -4.543489
-1.944940, -1.955033, -3.521628
-0.454034, -0.794137, -6.089580
-1.905070, -1.972084, -2.669684
-1.975432, -2.007313, -3.009842
-1.008325, -0.596975, -6.131824
-1.378585, -0.858154, -6.040141
0.245544, -1.337011, -5.697334
-1.936531, -1.979589, -3.769794
-1.813040, -2.013244, -2.054538
-1.401490, -0.877133, -6.090397
-1.388844, -1.128654, -6.057205
-1.921641, -1.975532, -2.829475
-1.759648, -1.685480, -3.666468
-1.896760, -1.985281, -2.554808
-1.964619, -2.006416, -3.433222
-1.778305, -1.482485, -5.770951
-1.052612, -1.028433, -6.100226
-1.701238, -1.841121, -5.468301
-1.901690, -1.932689, -3.624375
-1.485978, -1.663889, -5.247751
-1.868401, -2.014697, -4.233867
-0.632883, -0.572249, -6.087492
-1.673780, -1.827191, -5.486389
-1.958928, -1.987625, -3.202777
-1.889642, -1.979752, -2.733311
-2.006048, -1.886081, -2.127639
-1.988644, -1.866728, -3.394463
-1.859690, -2.001338, -4.319371
-1.949232, -1.964944, -2.863749
-1.662308, -1.921021, -5.096361
-1.541993, -1.856405, -5.204246
-1.199344, -0.505347, -6.254971
-0.950752, -1.037256, -6.099638
-1.793652, -0.431109, -5.543359
-1.622540, -1.858065, -4.849817
-1.045176, -0.844139, -6.116155
-1.281654, -1.228309, -6.003127
-0.764394, -0.384564, -5.657619
-0.479165, -0.795567, -6.094917
-0.169677, -1.315239, -6.064101
-0.631904, -0.824635, -5.928157
-0.312031, -0.723099, -5.720150
-1.891272, -0.772254, -5.698730
0.059119, -1.435128, -5.821131
-0.614898, -0.874961, -6.278610
-0.590229, -0.507885, -5.528770
0.084531, -1.179367, -5.685274
-1.604347, -0.293695, -5.745159
0.014018, -1.452969, -5.757529
-0.565342, -0.369908, -5.304729
-1.174153, -0.201729, -5.597914
-0.617533, -0.833955, -6.064838
-0.517886, -1.305541, -5.919574
-0.706012, -0.355722, -5.556405
-0.943414, -0.266585, -5.529140
-1.739102, -1.168881, -6.205219
-1.532690, -0.152293, -5.585311
0.040126, -1.135954, -5.800601
0.171136, -1.398457, -5.282658
-0.995219, -1.918062, -6.232177
-1.123944, -1.893161, -6.208016
-0.967054, -1.902014, -6.106688
-0.378874, -1.240448, -5.509146
-0.918318, -1.581621, -6.035214
-0.787742, -1.450465, -6.138175
-0.820494, -1.671121, -6.082507
-0.034818, -1.596359, -6.131817
-0.672376, -1.526566, -6.183164
-0.358264, -1.776622, -6.212494
-0.165340, -1.700381, -6.179677
-0.130963, -1.419665, -6.018683
0.120476, -1.358062, -6.169761
-0.397609, -1.256270, -5.977525
0.298463, -0.824411, -5.691861
0.299010, -1.094261, -6.138620
0.442135, -1.186442, -5.704785
-0.000601, -0.927759, -6.213444
0.065859, -1.875648, -4.876372
-0.084052, -0.808015, -4.658794
-1.049001, -0.127416, -5.539280
-1.577920, -1.564565, -6.206911
-0.431102, -0.959479, -6.214170
-0.696464, -0.682345, -6.171237
0.057772, -1.084576, -6.154989
-0.392412, -0.842391, -6.229542
-0.393801, -0.512984, -5.793554
-0.293018, -0.532780, -6.160577
-1.780724, -0.162768, -5.957688
-0.548701, -0.323595, -5.377987
-1.743839, -0.607390, -6.032092
-1.463081, 0.043846, -5.179643
-0.716194, -0.455195, -5.974725
-0.874896, -0.107722, -5.193621
-0.445553, -0.125594, -5.931004
-1.855788, -0.149630, -5.139954
-0.206576, -0.890930, -5.108733
-0.279384, -0.749721, -5.490861
0.314799, -1.458172, -5.417840
0.354436, -1.841998, -5.395662
-1.395164, 0.061976, -5.166815
-0.383388, -0.996741, -5.895564
-1.687543, -0.350595, -5.823113
0.183139, -1.339391, -5.489837
-1.879762, -0.569975, -5.828402
-1.520394, -1.763438, -5.260995
-0.560956, -0.369839, -5.284155
-1.344894, -0.131756, -5.598629
0.058956, -1.137253, -5.454567
-1.393628, -0.140365, -5.605042
-0.100946, -0.869728, -5.257170
-0.414661, -0.370869, -5.298675
-2.032711, -1.940560, -1.836768
-1.969210, -1.832640, -3.498847
-1.994402, -1.819717, -3.924927
-1.917128, -1.999916, -4.064275
-1.943708, -1.955076, -3.438413
-2.037193, -1.878357, -3.212293
-1.127110, -1.322515, -6.003642
-0.764701, -0.400621, -6.086328
-1.629915, -1.854623, -5.291519
-0.893091, -1.264411, -6.136821
-1.679848, -1.951506, -5.720754
-1.517337, -1.381041, -6.050793
-1.513503, -1.302782, -6.076584
-1.664031, -0.989073, -5.980960
-1.811352, -1.327438, -6.126112
-0.787583, -0.461011, -6.108434
0.132392, -1.238564, -5.472871
-0.647334, -0.421674, -5.596646
-0.719047, -0.516319, -6.096057
-0.864402, -0.590077, -6.116929
-0.182761, -0.865378, -5.639589
0.322884, -1.828234, -5.626043
0.264704, -1.468182, -5.635660
-1.591476, -0.612124, -6.042301
-0.457753, -0.477456, -5.074189
0.250189, -1.774100, -5.147710
-0.410214, -1.236150, -6.243413
0.125575, -1.625063, -5.177608
0.105396, -0.512818, -4.130052
-0.528985, -0.315768, -4.686891
-0.894200, 0.291749, -4.795537
0.005922, -0.426193, -4.800911
-1.492620, -0.860120, -6.212617
-0.207783, -0.986004, -5.751353
-1.995734, 0.419992, -4.927967
0.391862, 0.047777, -3.687683
-0.285245, -0.734835, -4.652256
-0.403362, -0.748872, -5.785762
-1.664397, -0.192376, -5.639071
-0.760787, -0.437387, -5.658665
-0.829240, -0.778550, -6.172609
-1.216038, -0.497827, -6.196048
-0.500184, -0.762815, -6.007025
0.439141, -0.233962, -3.918970
-0.742864, -0.500476, -5.868134
-0.290177, -0.558618, -5.037340
-0.706166, -0.784714, -6.154966
-0.386244, -0.644694, -4.797898
-0.075727, -0.760944, -4.652003
-0.003175, -0.484964, -4.147797
-0.149725, -0.928099, -4.891918
-0.147074, -0.423719, -5.946536
0.214341, -1.665287, -4.591697
0.504220, -0.741614, -4.522453
-0.168305, -0.637387, -4.424422
-0.236158, -0.397636, -4.185277
0.176255, -1.000607, -5.712195
0.505896, -1.717719, -5.789325
-0.139515, -0.556895, -5.757465
-0.132606, -0.462417, -6.225253
-0.274979, -0.830871, -4.656543
0.367692, -1.017945, -4.791241
0.057919, -0.618035, -4.270689
-0.017861, -0.654226, -6.170018
-0.887327, -0.682683, -6.212942
-1.605007, -0.442294, -5.786554
-0.962813, -0.410729, -5.858325
-0.748955, -0.399400, -5.696067
-0.593100, -0.501963, -5.371399
-0.661644, -0.953493, -6.111264
-0.277093, -0.473124, -4.905629
-0.176424, -0.432771, -5.492597
-0.223929, -0.462448, -4.660398
-1.541458, -0.643898, -6.177287
-0.343342, -0.465276, -5.077007
-0.374874, -0.228932, -5.521927
-1.699247, -1.427737, -6.213781
-0.905882, -0.216915, -5.366070
-0.882027, -0.274293, -5.515563
-0.423496, -0.229156, -5.507774
-1.301728, -0.307237, -6.094814
-0.139354, -1.242229, -6.220379
-1.489692, -0.262655, -5.904115
-1.825036, 0.200118, -5.944836
-0.604720, -0.507737, -5.629711
-0.823519, -0.232418, -5.675396
-1.033247, -0.069300, -5.556612
-1.131242, -0.082477, -5.462328
-1.136361, -1.287680, -6.259528
0.299720, -1.527053, -5.720020
-1.524694, -1.863865, -6.044086
-0.762927, -1.381306, -5.993126
0.332063, -1.634410, -5.769639
0.307989, -1.945750, -5.696910
-0.661809, -1.452426, -6.250073
-1.970095, 0.147754, -5.890098
-1.874847, -1.904029, -5.955109
-1.815104, -1.427566, -6.143403
-1.431368, -1.965148, -6.129679
-1.982473, -1.569132, -5.971403
-1.716584, -1.286469, -6.095826
-1.856194, -1.543330, -5.999477
-1.617249, -1.958523, -6.236267
-1.367431, -1.879449, -6.036797
-1.955243, -0.737563, -5.965352
-1.958336, -0.974069, -5.990619
-1.978052, -0.650299, -6.198027
-1.925964, -0.948510, -6.001291
-1.940517, -1.753837, -6.042652
-1.913343, -0.663366, -5.992745
-1.736277, -0.397967, -5.779741
-1.923977, -0.771022, -5.955019
-1.801543, -1.089163, -6.174388
-1.953806, -1.573727, -6.144497
-1.720383, -0.599064, -6.217800
-1.618582, -0.460619, -6.132332
-1.821536, 0.206066, -6.046522
-1.803862, 0.220998, -5.868535
-1.402832, -0.119137, -5.987618
-1.188502, 0.153060, -6.040547
-1.337724, 0.280819, -5.663340
-1.274920, -0.068100, -5.255528
-1.496135, 0.210533, -6.030613
-0.914828, 0.145964, -4.880038
-1.039699, -0.131802, -5.830839
-0.955518, 0.081308, -5.871280
-0.755424, 0.228001, -5.024141
-0.615823, 0.130590, -4.776495
-0.608853, -0.270037, -4.586442
-0.146357, -0.482613, -4.851710
-0.668237, 0.060231, -4.777383
-0.416454, -0.470714, -4.504288
0.356032, -0.153795, -3.810591
0.332298, -0.363177, -3.954826
-0.759820, -0.154136, -4.747396
-0.339405, -0.368250, -4.702661
-1.268703, -0.233146, -5.923843
-1.645927, -0.034597, -5.966290
-0.643754, 0.017874, -4.768326
-1.111639, 0.380250, -5.030132
-0.375234, -0.368230, -5.998010
-0.702452, -0.300723, -4.987328
-0.317192, -0.411690, -4.992163
-0.963646, 0.152528, -5.551129
-0.253730, -0.270098, -6.079792
-0.299786, -0.311973, -5.997744
0.099935, 0.056973, -6.266084
-0.644236, 0.058860, -6.150319
0.592247, -0.093548, -6.279510
-0.211855, -0.501663, -6.100528
0.597582, 0.148455, -5.926759
-0.063998, 0.144414, -6.264658
2.090558, 0.685548, -5.992114
1.698424, 0.738508, -5.721616
2.242372, 1.388453, -6.090548
2.259291, 1.238480, -6.227880
2.298026, 0.832819, -6.019923
2.250079, 0.855964, -6.046645
2.053315, 2.274683, -6.042849
2.225019, 1.871257, -6.038432
1.922857, 0.232889, -5.535104
1.948077, 0.637082, -5.805945
1.765298, 0.165364, -5.215571
1.235553, 0.598566, -6.158785
1.584286, 0.049209, -5.444979
2.183746, 0.606021, -6.142336
2.099826, 0.458949, -6.279656
1.971950, 0.532521, -6.172692
0.692277, 0.102447, -5.373805
0.895411, -0.015343, -5.419927
-0.122024, 0.320196, -5.900083
1.236650, 0.514381, -6.225784
1.829469, 0.352731, -5.527447
1.569061, 0.307694, -5.504329
1.313900, 0.355980, -5.422652
0.756664, 0.569978, -4.508002
0.639339, 0.680404, -4.561447
0.695992, 0.450607, -4.550128
0.206278, 0.162830, -4.326595
0.205904, 0.161356, -4.322703
0.686947, -0.782098, -4.420467
0.380587, -0.207486, -4.042847
1.615873, -0.078559, -4.936439
1.648250, 0.683991, -6.037834
0.485512, 0.117773, -5.538059
0.894482, 0.371944, -5.958435
0.534764, 0.509077, -5.853022
0.675038, 0.678059, -6.238693
0.386806, -0.003053, -4.381044
1.134164, 0.268151, -6.182575
1.204125, 0.284225, -5.314708
0.980055, 0.664460, -6.213379
0.682285, 0.188514, -5.925115
0.623311, 0.265068, -6.226165
0.008648, -0.033714, -5.848410
0.187707, 0.181159, -6.062962
0.220363, 0.094487, -5.899759
0.672122, 0.259283, -6.214274
0.422673, 0.068875, -5.703568
0.661984, 0.395886, -6.207287
-0.129706, 0.425958, -6.277959
0.426608, 0.641888, -5.931457
0.383323, 0.582863, -5.389349
0.420877, 1.292613, -6.225818
-0.091483, 0.113123, -6.028318
0.600878, 0.939965, -6.156179
0.393311, 0.216498, -5.189808
0.519422, 0.540663, -5.567305
0.776962, 0.702007, -6.225430
0.925575, 0.810266, -6.181821
0.699136, 1.024784, -6.189234
1.204468, 2.207270, -6.003270
1.042110, 0.806177, -6.066180
0.799201, 0.883853, -6.049123
1.496264, 2.047154, -6.178374
1.634550, 2.284399, -6.136000
0.455159, 0.391091, -5.558166
0.482536, 0.201667, -5.124621
1.366843, 1.707937, -6.198343
1.456518, 1.882761, -6.179807
-0.330810, -0.129122, -5.449640
0.921446, 0.042487, -5.202744
0.424573, -0.025294, -4.680029
0.199394, -0.294208, -4.632039
0.231711, 0.147797, -5.412058
0.475076, 0.251241, -5.385413
0.519774, 0.001449, -5.306856
-0.431324, -0.061126, -4.862790
1.563137, 0.150644, -5.045481
0.931897, 0.976725, -5.876404
0.761510, -0.108371, -5.208173
0.434045, 0.298025, -5.919866
1.740905, 0.043642, -5.073780
1.391901, 0.647477, -5.397358
1.723998, 0.104871, -5.043324
1.282478, 0.144643, -4.916922
1.762411, 1.520058, -6.233995
1.674541, 0.573488, -5.337316
1.714982, 0.350357, -5.222834
1.683406, 0.560764, -5.339419
2.175140, 1.321809, -6.036536
2.126334, 1.118720, -6.206820
1.792241, 0.836040, -6.137664
2.025582, 1.955502, -6.156189
2.180215, 1.614220, -6.282667
2.249477, 1.486041, -6.094966
2.092664, 2.259786, -6.084039
2.131633, 2.241223, -6.155149
1.724352, 1.623779, -6.176720
2.209758, 1.426227, -6.133338
1.951036, 2.081088, -6.032221
1.796497, 2.299309, -6.008036
2.069297, 2.260753, -6.130953
2.294022, 1.777401, -5.906343
2.232009, 1.548575, -5.862691
2.185521, 2.037648, -5.733033
2.154506, 0.713992, -6.155021
1.450653, 0.032339, -4.851891
0.807565, -0.043056, -5.115002
0.378102, 0.104180, -5.618382
1.713378, 0.173382, -5.165426
1.231978, 1.989677, -5.842696
1.794940, 0.084224, -5.131907
1.298709, 0.076530, -4.859572
0.677595, 0.806499, -5.203249
0.180681, -0.100205, -5.212881
-0.520227, 0.345817, -5.083262
0.188984, 1.801991, -5.130911
0.995161, 0.301236, -4.598171
0.246030, 0.206121, -5.669626
-0.400802, 0.420157, -5.682228
0.193250, 0.169444, -5.567498
1.872600, 2.305103, -6.167471
1.198600, 1.314570, -5.927189
0.785246, 0.755278, -5.378231
0.737027, 0.691621, -5.283230
1.331076, 1.505223, -6.245203
0.461675, 1.382839, -5.662012
1.137029, 1.754655, -6.035710
1.020535, 1.072927, -5.959728
1.395057, 1.926530, -6.224155
1.036842, 1.216552, -6.253028
-0.307672, -0.263156, -4.853675
0.284177, 0.064318, -5.175901
1.259134, 1.983967, -6.238649
1.120344, 1.874562, -6.177828
-0.222716, 0.567442, -6.139432
0.603312, 0.549040, -5.741341
0.142770, -0.359526, -4.485908
-0.129198, 0.110026, -5.747686
-0.192613, 0.787513, -4.749224
-0.360094, 0.600369, -4.642524
0.325335, 0.575203, -4.651578
0.251180, 0.191270, -4.783617
0.404721, 1.118950, -6.274299
0.439729, 0.425236, -5.100826
0.467651, 0.577409, -5.233679
0.364177, 0.778175, -5.509570
0.522936, 2.256261, -5.736094
-0.023992, 1.171499, -4.710083
0.439648, 0.517720, -5.158445
0.343735, 0.504208, -4.853542
-0.107312, 1.792016, -5.284929
0.432388, 0.752831, -5.698990
0.357028, 0.487886, -4.949245
0.754660, 1.044042, -6.211452
0.433674, 0.441941, -5.168944
0.635729, 1.480849, -5.866128
-0.092053, 0.129755, -5.501455
-0.316884, -0.069145, -6.124432
0.503835, -0.105743, -4.515279
0.329082, 0.666448, -4.756508
-0.360860, -0.210545, -5.217700
0.736155, 0.802309, -5.179392
0.471626, 0.063831, -4.723911
-0.139824, 1.217944, -5.011428
1.565866, 1.820906, -6.228798
0.124138, -0.117444, -5.138120
0.449962, 0.894802, -5.306029
0.364591, 0.074184, -4.799492
-0.019910, 1.135342, -4.879953
0.688941, 1.600486, -6.294104
0.484136, 1.123298, -5.386454
0.576086, 0.165556, -4.900562
0.870600, 0.323178, -5.829541
0.697778, 0.791714, -5.140918
0.677626, 0.400941, -4.970386
1.196507, 1.988073, -5.943740
1.448223, -0.014518, -5.041310
1.688575, -0.177120, -4.953031
0.906639, 2.101958, -5.910215
-0.360070, 0.032940, -4.639496
1.914917, 0.958605, -6.172740
1.009417, 0.741741, -6.046532
0.874773, 0.611740, -5.496411
1.009599, 1.023134, -5.899967
1.474134, 0.976394, -6.138094
1.562516, 1.546987, -6.093526
1.549391, 1.736432, -6.130233
1.817884, 0.683531, -5.807019
1.649786, 2.203064, -4.610600
1.491003, 1.978144, -6.259142
1.379562, 1.979896, -5.973342
1.521168, 1.407649, -6.155197
1.166241, 0.976631, -5.962884
0.995188, 0.830980, -5.788771
1.014876, 2.142861, -5.610351
2.277793, 0.993284, -6.040189
1.947443, 1.772737, -5.999419
1.086431, 1.381901, -5.893483
1.875025, 1.415420, -6.163564
1.333414, 0.733225, -5.885463
1.044312, -0.109531, -5.157320
1.121825, 0.054890, -4.960969
0.532746, 1.843913, -5.693430
1.586215, 1.091010, -6.172921
0.601302, 1.617217, -5.812161
1.793577, 0.647136, -5.729227
1.875714, 0.715939, -6.019331
0.706268, 1.602216, -5.834151
1.734531, 0.072470, -4.856195
2.207933, 0.340744, -5.851665
0.526010, 1.915378, -5.589838
0.980996, 1.575656, -5.878351
1.432626, -0.021598, -5.028456
0.055905, 1.222101, -4.903305
0.626492, 2.004017, -5.947159
1.204842, 1.829443, -5.803381
1.183205, 0.156536, -5.045916
0.440123, 0.253076, -4.601355
0.625422, 1.680116, -5.825142
1.099532, 1.821815, -5.633401
1.112605, 0.291622, -5.088377
1.192957, 1.632592, -5.878953
1.186436, 1.747303, -5.818379
1.310947, 1.282248, -6.057944
0.537204, 1.312906, -5.912283
0.248475, 1.630264, -5.730037
0.687627, 1.545303, -6.146286
0.452528, 1.571808, -5.232861
1.189412, 0.531485, -5.399938
0.203374, 0.608938, -4.679523
0.568350, 1.899145, -5.762280
0.708144, 1.988850, -5.844038
0.401836, 1.762930, -5.753643
0.285825, 1.202881, -6.211575
0.446958, 2.115825, -6.252361
0.557337, 1.644150, -5.854989
0.460902, 1.430809, -6.077390
-0.173700, 1.862493, -5.398647
0.571386, 1.419511, -5.606173
0.341242, 1.431708, -5.868069
0.177790, 1.785880, -6.227322
0.046005, 1.838575, -6.178205
0.886418, 1.851412, -5.590543
-0.094513, 1.950017, -6.247492
0.168555, 1.768658, -6.228950
0.053437, 1.789120, -6.227123
1.870683, 2.345416, -5.641745
1.383422, 2.251918, -5.861657
0.384327, 2.032271, -5.456152
2.229699, 2.317665, -5.799404
2.300398, 1.961104, -5.344621
2.320410, 2.339819, -5.529178
2.046164, 2.351773, -5.571886
2.298065, 2.325196, -5.438918
2.300631, 1.920581, -5.189453
2.163171, 2.348744, -5.532197
2.051010, 2.348489, -5.842681
1.822608, 1.023147, -6.125907
2.324212, 2.343361, -5.603974
2.310129, 2.273858, -4.765126
1.569896, 0.747184, -5.910990
1.831230, 0.798509, -6.156967
2.266400, 1.819472, -5.579993
2.023835, 1.763957, -5.959159
1.856670, 1.831648, -6.232587
1.821886, 1.584517, -6.131279
2.149156, 1.721476, -5.880201
2.181395, 1.554821, -5.825363
1.860296, 1.775724, -6.097031
1.075184, 1.034768, -5.882344
2.177583, 1.600238, -5.853976
1.698430, 1.879475, -5.007984
1.301173, 0.612347, -5.742023
1.183658, 0.818945, -5.900753
2.209266, 1.545485, -5.748535
1.557574, 1.934244, -6.033083
2.021468, 1.446200, -6.158543
2.070246, 1.451474, -6.090646
1.954460, 1.813785, -6.223458
1.621088, 0.616948, -5.776815
1.419743, 1.714042, -6.135355
0.759656, 2.060342, -6.100010
0.710307, 2.137858, -6.021934
1.777813, 2.196920, -5.822735
0.697266, 1.068530, -5.768077
2.216938, 1.093696, -6.073176
0.781197, 2.232351, -5.898536
1.355483, 1.496223, -6.217412
1.958642, 1.298113, -6.144792
1.001804, 1.097352, -6.033463
2.014774, 0.858220, -6.049052
0.601217, 2.015846, -5.932740
1.480790, 1.451375, -6.202760
1.070621, 2.100422, -5.513006
0.688710, 2.053370, -6.029297
2.241346, 1.817096, -6.229676
1.135599, 0.637275, -5.683146
1.872612, 0.998023, -6.242430
2.258590, 1.169002, -6.069160
1.821059, 0.656723, -5.949019
2.045302, 1.224316, -6.102694
1.890084, 0.770449, -6.180215
1.678141, 1.363819, -6.286774
1.120382, 0.707586, -5.740713
1.551284, 1.095274, -6.203279
1.135466, 1.320552, -5.927563
1.597968, 1.003618, -6.174551
2.054446, 1.022343, -6.018953
0.873505, 1.488963, -5.919263
2.057554, 0.636555, -5.772504
1.740312, 1.900700, -5.972996
1.059129, 1.500522, -5.936307
2.218201, 1.582413, -6.180927
1.179117, 1.971982, -5.765973
1.962513, 2.299866, -5.878756
2.059578, 1.373216, -6.053329
2.045514, 0.842892, -6.075805
1.229489, 1.218631, -6.086416
1.907286, 1.132660, -6.193261
2.022350, 1.138643, -6.127183
0.569196, 1.873520, -5.767127
1.716683, 1.938459, -5.741733
1.665133, 2.330195, -5.707946
0.255118, 2.142328, -5.829417
1.112373, 2.208567, -5.545853
1.908329, 2.091841, -6.253600
2.200474, 2.330917, -5.861674
1.877042, 2.258316, -6.276033
-0.268228, 1.863995, -6.244565
0.324066, 1.853321, -6.076860
-0.160701, 1.737177, -6.231593
-0.136561, 1.685921, -6.251428
0.606226, 1.530865, -6.135277
0.491833, 1.784698, -6.289732
0.886582, 1.754072, -5.632752
-0.034423, 2.002254, -5.870007
1.878457, -0.779474, -6.279440
2.198872, -0.432547, -5.962609
1.799959, -0.070615, -5.665709
1.689747, 0.048939, -5.926115
2.269120, -1.389576, -5.914289
2.292265, -1.552773, -5.773351
2.105249, -0.927960, -6.123910
2.210119, -0.791709, -6.218259
-1.381878, 2.233710, -6.110883
-0.803159, 1.868591, -6.008380
-1.692866, 2.051875, -5.735400
-0.665827, 1.612619, -6.035125
-0.928520, 1.958229, -5.989203
-0.958829, 2.255443, -6.102067
-0.804061, 1.877794, -6.062376
-0.474065, 1.886907, -6.067889
1.028135, 0.055306, -4.973850
0.773751, -0.547692, -5.974052
1.107850, 0.424270, -6.298348
1.926223, 0.371669, -5.455292
0.651919, -0.786957, -5.656353
2.250216, -0.233067, -6.078614
2.142657, -0.130545, -6.042309
1.498185, 0.125385, -6.142128
-1.422521, 1.572490, -6.115853
-1.699103, 2.021944, -5.553663
-1.657985, 1.724053, -3.745386
-1.728458, 1.675298, -3.800484
-1.694229, 2.015759, -5.996916
-1.216120, 1.850010, -6.087115
-1.571352, 2.298782, -5.060945
-1.573036, 2.342741, -5.263680
0.406893, -1.905097, -4.787446
0.442436, -0.986220, -5.677236
0.557004, -0.408032, -4.827788
0.317381, -0.376410, -5.797262
0.003749, -0.827905, -4.810276
0.216338, -1.062569, -4.880118
0.865638, 0.461224, -5.758792
1.877542, -0.637019, -6.204335
-1.728288, 1.367740, -3.145093
-1.707379, 2.065666, -5.906604
-1.803085, 1.554503, -2.504275
-1.648397, 1.410451, -3.276797
-1.724692, 1.628708, -6.113474
-1.619397, 2.005845, -6.019357
-1.685343, 1.631528, -3.303709
-1.598697, 1.600497, -3.689405
1.157717, -1.656367, -5.103559
0.743552, -1.358589, -5.233916
1.510484, -0.298158, -6.213248
0.243102, -0.547409, -5.542536
0.299029, -1.584884, -4.608256
0.460282, -0.593607, -4.817778
0.457173, -0.452692, -4.445916
0.635608, -1.010325, -6.078991
-2.025607, 1.672845, -5.995365
-1.267180, 0.990819, -6.149931
-1.633453, 2.313786, -5.203613
-1.305470, 1.572039, -6.177928
-1.472009, 2.038681, -6.092115
-1.683291, 2.103991, -5.955328
-1.803937, 1.190093, -3.164066
-1.564378, 1.508703, -3.523114
1.389723, -1.959266, -5.844952
0.994846, -1.596361, -5.574577
0.565263, -1.076063, -5.381359
0.687776, -0.964288, -6.188754
1.152109, -1.753534, -5.254740
1.365715, -1.989731, -5.893651
0.779781, -1.106633, -6.083793
1.312786, -1.469206, -6.176302
-1.734413, 1.594701, -3.109898
-1.728769, 1.591698, -2.751580
-0.917218, 0.750511, -5.921322
-1.678419, 1.493739, -3.067116
-0.849092, 0.393037, -5.366839
0.143038, 0.907885, -5.509928
-1.041164, 1.727446, -6.284992
-1.128848, 0.830880, -5.900877
0.321886, -0.998803, -4.998147
0.284729, -0.781318, -5.154211
1.039855, -1.629321, -5.973459
0.717352, -1.347767, -5.408546
0.689733, -0.356245, -5.410149
0.700921, -0.847472, -5.764227
1.440745, -1.967128, -5.912415
1.545207, -1.888653, -5.921128
-1.725435, 2.168849, -4.636479
-1.572011, 1.381486, -6.258308
-1.711437, 1.640409, -3.213873
-1.709420, 1.639044, -2.620405
-1.720908, 1.853661, -3.996214
-1.696738, 1.577207, -6.077749
-1.658186, 2.021451, -5.997585
-1.621682, 2.149824, -5.551474
0.603826, -0.312096, -5.147795
0.593174, -1.094521, -5.432234
1.043703, -1.573245, -5.133842
1.141222, -1.670695, -5.303395
0.999980, 0.342098, -5.882833
0.636776, -1.008320, -4.619864
0.420465, -0.750909, -4.454089
0.428004, -1.125508, -5.455691
-0.943483, 1.228964, -6.139038
-1.229745, 0.915486, -6.112354
-1.351505, 0.838196, -5.806696
-1.438207, 0.973523, -6.006237
-0.290977, 0.788637, -5.699885
-0.641577, 0.085980, -5.293303
-1.583846, 1.105507, -5.666543
-1.536733, 1.026005, -5.903378
-0.082611, -1.882473, -4.644548
0.527522, -0.792528, -4.469144
0.588376, -1.527225, -5.891288
0.389896, -1.901502, -5.460663
0.297857, -0.850339, -4.567231
0.558180, -0.905287, -6.236131
0.388428, -1.843464, -4.765968
0.539033, -1.811301, -4.648321
-0.586341, 0.230879, -5.658964
-0.498578, 0.226691, -5.762082
-1.196463, 0.845788, -6.004714
-1.445772, 1.562343, -6.107374
-1.215529, 0.403475, -5.422716
-0.641888, 0.336609, -5.442194
-0.656444, 0.844120, -5.843368
-0.811912, 1.117809, -6.010928
0.111157, -0.914378, -5.496424
0.673359, -0.197377, -5.275503
0.165073, -0.375314, -4.946561
0.160732, -1.136163, -5.067654
1.061131, -0.185773, -6.119766
0.829701, -0.306124, -5.953862
1.217745, 0.179481, -5.808514
0.923065, 0.249209, -5.942019
-0.067852, 0.380843, -5.528275
0.097072, 0.690575, -4.872698
-0.958315, 0.708075, -5.763872
-0.115059, 1.764885, -6.097866
0.371535, 0.877679, -5.822118
-0.210887, 0.699316, -5.990090
-0.090401, 1.312827, -5.807634
0.562840, 1.562364, -5.136069
1.247151, -1.196251, -6.252240
1.082912, -1.091259, -6.246747
1.044456, -1.132328, -6.253415
0.910727, -0.738614, -6.249658
0.986102, -0.969256, -6.225000
2.246734, -1.595546, -5.238796
2.325798, -1.546333, -5.396338
2.321341, -1.544204, -5.549548
0.961293, 1.911099, -5.136427
0.608690, 1.560313, -5.125828
-0.403185, 1.619440, -6.228579
0.774941, 1.717274, -5.111025
0.840524, 2.027905, -4.895924
0.500608, 1.392562, -5.457941
-0.459227, 1.963976, -6.057741
-0.420857, 1.301893, -5.996765
0.643080, 2.196202, -6.185072
0.104419, 2.198900, -5.939566
0.240203, 1.781315, -5.746380
0.433178, 1.908384, -5.755764
0.371425, 1.614044, -5.763958
0.272171, 2.064143, -5.220764
0.198035, 1.962950, -5.682136
0.349482, 2.179001, -5.666355
0.575025, 1.021623, -5.613946
0.123557, 1.835219, -5.560658
0.313857, 2.028920, -5.520419
0.680022, 1.881669, -5.289807
-0.112402, 2.050091, -5.418785
0.774798, 0.553121, -5.265482
0.581175, 0.855722, -5.389240
1.157343, 1.924000, -5.738595
0.720784, 0.231833, -4.860851
-0.029088, 1.248843, -4.939715
0.820573, 2.136466, -5.739031
0.525588, 0.970251, -5.566813
0.342699, 0.036575, -4.756195
-0.009759, 1.352833, -4.941586
0.152621, 0.836324, -4.809383
0.948971, 0.434093, -5.208467
1.116234, 0.539036, -5.263558
1.389947, 0.447126, -5.282754
2.037090, 0.549993, -5.734543
1.205785, 1.900976, -5.779840
0.850278, 0.142038, -5.007538
1.249195, 0.148750, -4.938133
1.324646, 2.271754, -6.055167
1.535485, 2.284574, -5.994799
1.773148, -0.025296, -5.214501
0.492308, 0.487398, -4.945079
0.990190, 0.186592, -5.109930
0.751015, 0.861010, -5.639246
1.694373, 0.636601, -5.722611
0.526396, 1.943808, -5.492211
1.045432, 0.683133, -5.772893
2.034343, 0.209867, -5.959891
1.578385, 0.725172, -5.934074
1.920729, 0.656499, -5.757673
0.965517, 1.056423, -5.817428
1.995723, 1.125269, -6.282842
1.722063, 1.195905, -6.207933
1.914013, 1.777626, -6.126556
1.067307, 0.763418, -5.745049
1.830208, 1.512616, -6.246517
1.399015, 1.054986, -6.142911
1.276541, 1.662175, -5.996970
0.412826, 1.581635, -5.623580
1.932890, 0.069628, -5.647158
2.192080, 1.455541, -5.983200
1.737372, 1.388329, -6.166095
1.859872, 1.276275, -6.128447
1.636492, 1.606691, -6.108138
0.457269, -0.097627, -4.963583
0.950383, 0.569462, -5.382691
0.736636, 1.089106, -5.707048
0.759948, 0.304603, -4.858411
0.980171, 0.461761, -5.242640
0.945467, 0.233607, -5.077617
1.317479, 0.267317, -5.033689
1.263222, 1.034149, -6.099317
-0.073994, 1.321006, -5.008608
0.508638, 0.145403, -4.950215
0.518793, 0.003527, -4.810631
0.557358, 0.041410, -4.824637
0.157573, 0.833026, -4.909776
-0.270578, 0.144960, -6.201062
0.529927, 1.214003, -5.453420
0.447802, 1.132345, -5.792444
-0.149292, -0.102393, -5.426604
0.714541, 2.075569, -6.070270
0.412333, -0.104656, -4.764168
0.310814, -0.185473, -4.768526
1.402178, 1.522011, -6.227079
1.472784, 0.230676, -4.769713
0.197797, -0.249656, -4.784921
0.157970, 0.810249, -4.793628
0.383588, 1.148802, -6.222930
0.361618, 0.275609, -5.182143
0.467946, 0.633554, -5.692750
0.195928, 1.751485, -5.161541
-0.270412, -0.124045, -6.031942
0.187738, 0.046337, -5.401124
0.480504, 0.028700, -5.292029
0.508301, 0.001722, -4.630582
0.114993, 1.005255, -6.248095
0.198602, 0.933428, -6.080708
-0.038375, 1.231320, -4.743073
0.471098, 0.620225, -5.031379
0.377064, 0.822142, -5.827884
0.609932, 1.051430, -6.229262
0.492358, 0.843598, -5.625214
0.459661, 1.172133, -5.996830
1.926502, -1.543399, -5.424117
1.913484, -1.540455, -5.379783
1.815700, -1.399563, -5.792222
1.238124, -1.219087, -6.287137
2.017107, -1.717978, -5.983042
1.677588, -1.546520, -5.603533
1.887537, -1.530809, -5.570499
1.896187, -1.715638, -5.795689
-0.434898, 0.084591, -5.163096
-0.469977, 0.642523, -6.029799
0.692537, 2.087321, -5.511270
0.320289, 2.108246, -5.486617
-0.539618, 0.306402, -5.798898
-0.630605, 0.409321, -6.094068
1.023860, 2.077198, -5.010805
-0.446207, 0.952341, -6.244977
0.048079, -0.808265, -5.319187
1.107559, 0.434472, -5.824443
0.172852, -0.426915, -5.259335
0.239522, -0.657481, -4.984128
0.833739, 0.094138, -5.627678
0.776133, -0.368052, -5.767675
0.705283, -0.201110, -5.293647
1.353920, -1.237112, -6.262864
-0.098865, -0.198858, -4.199544
0.289071, 1.227282, -4.910423
-1.974944, -0.001002, -5.113900
0.047319, 0.372594, -5.277264
0.305383, -0.656364, -5.618784
-1.388407, 0.184584, -5.475242
-0.253568, 0.282250, -4.738139
-0.898353, 0.407254, -5.420018
0.164353, -0.591709, -4.903982
0.673938, -0.276054, -5.467135
-0.147148, -0.824529, -4.964273
0.661400, -0.409463, -5.483100
0.089419, -0.817847, -5.277735
0.489669, -0.060785, -5.380275
0.548150, -1.560893, -5.930586
0.165419, -0.308869, -5.012461
0.243622, 0.642120, -4.981915
0.079163, 0.439136, -4.861798
0.089500, 0.304010, -4.832860
-0.853639, 0.403591, -5.036870
0.074101, 0.884085, -5.733940
0.001868, -0.034114, -4.704581
-1.685387, 0.297361, -4.995236
-1.364329, 0.522392, -4.932781
0.383145, -0.733337, -5.286431
0.827864, 0.192930, -6.058341
1.426851, 0.078231, -4.740596
0.717941, -0.148980, -5.605004
0.118544, -0.667021, -5.134054
1.028335, 0.159956, -4.722181
0.543787, -0.569755, -4.326169
2.041638, 0.477885, -6.094194
-1.982872, 1.935476, -5.885581
-0.905448, 0.709724, -5.696445
-0.414964, 0.669770, -5.424830
-0.435852, 0.219388, -5.480361
-0.005110, 0.260342, -5.367621
-0.369761, 0.264753, -5.424264
-0.458003, 0.211436, -5.672311
-0.186553, 0.272641, -5.427820
0.800033, -1.823848, -5.180827
0.743823, -1.658324, -5.319563
1.370546, -1.711225, -5.444991
1.119120, -1.789109, -5.725050
1.389413, 0.438311, -5.121877
0.312948, -1.238980, -5.216402
0.959375, -1.490141, -5.324926
0.436911, -0.533531, -4.909649
-1.215941, 0.726444, -5.935126
-0.797566, 0.717892, -5.751583
-1.331671, 0.810003, -5.875985
-1.679161, 1.640586, -6.143023
-1.463496, 0.890667, -5.654377
-1.002348, 0.882097, -6.072998
-1.525941, 0.913655, -5.663539
-1.237162, 0.725746, -5.434434
1.983624, -1.977364, -6.231768
1.974968, -1.868767, -5.844590
1.656590, -1.998175, -5.578826
1.449313, -1.792455, -5.639467
1.299191, -1.869197, -6.200695
1.680890, -1.735603, -6.298454
1.439043, -1.886938, -6.090562
0.749862, -1.749152, -5.133306
-1.657504, 2.123466, -6.182745
-1.116746, 2.252349, -6.169274
-1.177336, 1.633951, -6.291733
-0.903364, 1.302975, -6.210167
-0.750385, 2.226189, -6.221080
-0.914220, 2.048504, -6.127011
-0.944146, 1.907355, -6.100957
-1.536411, 1.070615, -6.171521
0.611289, -0.515037, -5.691794
0.632272, -0.920468, -5.864424
0.828889, -0.031760, -5.490332
0.318208, -0.658401, -5.307253
0.673630, -1.009495, -5.724354
0.735363, -1.229377, -5.557216
0.414448, -0.500965, -5.190683
0.707882, -0.208569, -5.585061
-0.704353, 1.276791, -6.134733
-1.150138, 0.380389, -5.377287
-1.117784, 0.714276, -5.925022
-0.645759, 1.226449, -6.035218
0.021782, 0.260922, -5.276059
0.284565, 0.857513, -5.406172
-0.508047, 0.828743, -5.603206
-0.481619, 0.221597, -5.505985
0.479462, -0.427894, -5.292278
0.660162, -0.081279, -5.639035
0.523091, -0.363918, -5.268682
0.658276, -0.115753, -5.442605
0.609967, -1.001897, -5.458003
0.862006, -0.151347, -5.730293
0.500065, -0.478175, -5.474541
0.376678, -0.660515, -4.969470
0.355792, 1.061516, -5.343962
0.271091, 0.497497, -5.180285
0.160028, 0.472457, -4.847753
0.331009, 1.068902, -5.676659
0.230461, 0.980146, -5.371036
0.246981, 1.398217, -5.550190
0.127117, 0.317885, -5.083303
0.932700, 1.954489, -5.280511
1.560181, 0.066249, -6.182431
1.756537, -1.244020, -6.009517
0.482453, -0.447552, -5.199624
0.632285, -0.982043, -5.462664
1.387973, -0.084126, -5.219877
1.344895, 0.192152, -6.146892
0.415764, -0.797306, -5.268142
0.749902, 0.236056, -6.027163
0.626513, 2.152701, -5.014827
0.146775, 0.559988, -5.167769
0.394740, 1.075222, -5.044886
-0.302490, 1.187481, -5.705271
0.564435, 1.493482, -5.042979
-0.075599, 1.408058, -6.122798
0.033850, -0.718778, -4.698594
-0.148108, -0.258834, -4.340744
2.272467, -1.903690, -2.385235
1.316148, -0.009089, -6.138840
1.900165, -1.574703, -5.177684
1.822923, -1.431736, -5.828495
2.161583, -1.883434, -2.754395
2.103266, -1.858116, -2.753105
2.107989, -1.449107, -5.887504
1.796484, -1.317118, -5.837122
-0.593504, 0.327694, -5.736805
-0.930456, 1.800748, -6.258874
-0.252187, 0.006945, -4.628031
-0.199583, 0.094395, -4.617641
-0.495050, 1.051523, -5.917805
-0.466684, 1.361898, -6.195646
-0.194131, 0.995347, -5.786786
0.156917, -0.355517, -5.868196
0.204398, 1.465811, -4.940830
-0.030676, -0.019098, -5.233574
-0.186307, 0.711475, -4.772572
-0.177506, 0.032677, -3.677042
-0.060769, -0.085046, -5.104625
0.003537, -0.280960, -4.669556
0.433459, 0.655351, -6.137932
0.132406, 0.421025, -4.519148
0.579034, 0.648481, -5.506093
1.054760, 1.977125, -6.183166
0.033243, 0.046649, -5.488347
0.866152, 1.288892, -6.221819
0.885274, 2.251282, -6.147862
0.683048, 1.825968, -5.841721
1.038587, 1.365363, -6.034276
-0.439611, 0.082866, -5.609346
1.485021, 2.104086, -5.990760
1.472452, 2.065882, -6.004836
0.993767, 0.663127, -5.514504
1.146885, 2.109966, -5.940278
2.111598, 1.425303, -6.189881
0.850222, 1.674019, -6.219112
0.356175, 1.523996, -5.223954
0.739795, 2.246971, -6.231449
-0.335618, 0.000958, -6.248927
2.026945, 0.584689, -6.282507
-0.225151, 0.180423, -4.740148
-0.287718, -0.364942, -5.134544
0.432198, 0.327738, -5.824915
-0.069807, 0.250472, -5.706227
0.493298, -0.285317, -4.458163
0.315089, 0.320887, -5.832685
1.957309, 0.115339, -5.290598
0.858442, 0.024515, -4.774738
0.242547, 0.136048, -5.665458
1.256801, 0.525325, -5.393674
1.752038, 0.229604, -5.297633
1.689295, 0.592514, -5.514899
1.770114, 0.146670, -4.714665
1.753361, 0.995824, -6.091820
1.670865, 0.397867, -5.261919
2.076149, 1.698299, -6.250279
2.276443, 1.783136, -5.897470
2.010184, 1.736218, -6.018733
2.179301, 1.907478, -5.921730
1.920124, 1.417719, -6.087070
2.157346, 1.950553, -5.881908
2.008137, 1.521043, -6.225223
1.338733, 0.568542, -6.041403
2.153256, 1.379355, -6.170142
1.418997, 0.765478, -6.051983
2.079873, 1.734443, -6.186808
1.909769, 1.111410, -6.136314
1.581289, 0.868297, -6.257024
2.285686, 1.391769, -6.187414
1.611747, 1.485449, -6.185536
1.531271, 0.539298, -5.515234
1.371212, 0.569781, -5.259793
1.279373, 0.545865, -5.680871
1.542159, 0.181414, -5.022566
1.461241, 0.318551, -5.080111
2.179500, 0.625343, -5.869158
1.540465, 0.465656, -5.644608
1.502706, 0.441180, -5.810796
-0.189367, 0.142234, -5.603684
0.779253, 0.557534, -5.989789
0.323503, -0.108894, -4.802094
-0.020724, 0.123817, -5.567437
1.222865, 1.354997, -6.171395
1.405650, 0.689734, -5.611373
0.992600, 0.394108, -5.109492
0.193791, -0.104859, -4.994094
1.163054, 0.853649, -6.218071
-0.311006, -0.182621, -4.958202
1.228274, 1.178459, -6.185651
1.197013, 1.466635, -6.155085
0.357137, 0.312490, -5.497505
0.831221, 0.624006, -6.205055
0.037714, -0.151667, -4.989140
-0.407646, 0.037568, -5.835925
0.946433, 1.149633, -6.239259
0.878836, 0.784150, -6.136249
0.814843, 1.209050, -6.082859
1.203438, 2.081567, -6.177369
1.089278, 1.083408, -6.257468
1.169559, 1.112753, -6.115036
2.127066, 1.852025, -6.185997
1.053634, 0.916645, -5.979570
0.285042, 0.302595, -5.487494
0.143292, 0.677401, -5.030345
0.142236, 1.309027, -4.684920
-0.106856, 1.123712, -4.917842
0.451129, 0.722726, -6.222941
0.575405, 1.027235, -6.238266
0.741207, 1.373628, -6.070928
-0.119978, -0.181033, -3.752075
1.883610, -1.603996, -5.189950
2.179438, -1.308001, -5.812732
1.743426, -1.519487, -5.553829
2.079101, -1.875357, -2.573561
1.326670, 0.661161, -5.403776
0.460494, -0.446478, -5.244200
1.556957, -0.775769, -6.254488
2.142155, -1.665872, -4.543725
-1.283608, 0.731255, -5.678904
-1.233286, 0.959525, -6.200676
-0.598982, 1.959323, -6.153969
-1.056987, 1.338654, -6.190849
-1.362132, 1.182691, -6.152969
-0.984028, 0.979125, -6.103867
-0.738330, 1.565169, -6.139801
-0.500089, 2.145991, -6.048016
2.289509, -1.974827, -4.353847
2.076416, -1.662460, -4.900200
1.930820, -1.596196, -5.584898
1.604911, -1.185425, -6.069576
1.952964, -1.566008, -5.536082
1.897093, -1.854388, -2.670178
0.958622, -0.078264, -5.829538
1.444279, -1.502727, -6.215247
-1.367091, 1.122501, -6.213927
-0.626520, 0.578710, -5.849671
-1.323825, 0.192306, -5.513509
0.075586, 0.978898, -5.430484
-0.604737, 0.597281, -5.527081
-0.630485, 0.093415, -5.016138
-0.463136, 1.007066, -5.717085
-0.237865, 1.079761, -5.747911
1.673087, -1.098072, -6.138455
1.697645, -1.155542, -6.136991
1.910547, -1.040550, -6.070658
1.003444, -1.468063, -5.756120
2.296784, -1.996151, -4.669859
2.074686, -0.993067, -6.111929
0.726562, -1.209844, -5.463622
1.140462, -0.609191, -6.264980
-1.431670, 0.774674, -5.460330
-1.657212, 0.424052, -5.212045
-1.838160, 1.398825, -5.687582
-0.620528, 1.544032, -6.263583
-1.357125, 0.835172, -6.125084
-0.810466, 0.836259, -6.174014
-1.235561, 1.087774, -6.172093
-0.664002, 0.629130, -6.227905
1.734316, -1.588655, -6.158447
2.219739, -1.440837, -6.171808
1.547471, -1.609674, -5.852704
1.740780, -1.468188, -6.263335
1.953143, -0.817942, -6.248850
1.923634, -1.040544, -6.192628
1.378192, -1.679036, -5.838795
1.051732, -0.202252, -6.016845
-0.917657, 1.461759, -6.234208
-1.463286, 1.817034, -6.272934
-0.880431, 1.036565, -5.925108
-1.751472, 1.203372, -5.698937
-1.164598, 1.413726, -5.663373
-1.798606, 1.759817, -5.874297
-0.352956, 0.776003, -5.545130
-0.234117, 0.748783, -5.444002
0.491488, -1.853960, -6.070354
1.285395, -1.918297, -5.697212
1.815738, -1.796145, -6.113263
0.991417, -1.998354, -5.816028
1.961252, -1.798580, -6.285615
2.146133, -1.655852, -6.220796
2.129613, -1.393691, -6.161437
1.896705, -1.697810, -6.269729
-1.785633, 1.935070, -6.261877
-1.982876, 2.212077, -5.814121
-1.970188, 2.277158, -5.930957
-1.566669, 1.933106, -6.242815
-1.148233, 2.265054, -6.199048
-1.875242, 2.057220, -6.255222
-1.441947, 2.261863, -6.195528
-1.025571, 1.821755, -6.172308
0.619869, 0.218428, -6.227584
0.138445, 0.210590, -6.259234
0.081871, 0.619259, -5.949659
0.061894, 0.443326, -5.741300
0.748318, 0.260289, -6.213243
0.205063, -0.077583, -5.478710
0.434605, 0.426412, -6.136865
0.568494, 0.381747, -5.606942
0.924276, 0.346607, -6.179749
0.767484, 0.447527, -6.218894
0.410294, 0.355523, -5.666131
0.386111, 0.239760, -5.926969
0.923087, 0.307417, -5.470003
0.494312, 0.251969, -4.496746
2.185296, 0.226223, -6.026023
1.127846, 0.673069, -5.461948
0.571162, 0.695717, -4.498937
0.429794, -0.217175, -4.477559
1.058148, 0.337832, -5.452093
1.632162, -0.151050, -5.136246
0.164285, -0.108746, -4.108509
1.270751, 0.553040, -5.398332
0.718998, 0.628125, -4.568016
0.418778, -0.324315, -4.302177
1.325305, 0.656708, -6.266792
0.775554, 0.168100, -5.559307
0.960523, 0.609949, -5.947616
0.836632, 0.340119, -5.607404
2.090528, 0.194603, -5.959748
1.852444, 0.435298, -5.853630
1.459787, 0.172349, -5.212338
1.524902, 0.223184, -5.140950
1.932876, 0.230587, -5.518173
1.828050, 0.137035, -5.366769
1.204584, 0.702748, -5.456493
1.643874, 0.586189, -5.946008
2.103516, 0.616695, -6.140599
1.709881, 0.330123, -5.973546
1.971547, 0.068239, -5.934970
1.830354, 0.744131, -5.684947
2.275239, 0.889695, -6.103803
2.115149, 0.901717, -6.165803
2.291870, 0.821790, -6.024398
2.056698, 0.926214, -6.072838
2.066543, 0.520416, -5.887839
2.011670, 0.397450, -5.749193
2.198155, 0.888805, -6.277263
1.964700, 0.684012, -6.231179
-0.520460, -0.250088, -6.103355
-0.366543, -0.209631, -6.295309
-0.827919, 0.129687, -6.296834
-0.807278, 0.001473, -5.613467
0.382109, -0.296978, -6.019948
0.176439, -0.516864, -5.745567
0.001565, -0.032689, -6.245387
-0.472113, 0.343877, -6.022735
-0.922016, -0.079484, -5.571677
-0.926531, -0.090812, -4.959785
-0.576400, -0.038434, -4.592040
-0.392187, -0.271570, -4.331455
-0.672846, -0.179231, -5.588441
-0.745326, -0.302322, -4.683757
-0.905362, 0.110199, -5.311738
-0.957600, 0.042843, -5.812625
-0.766166, -0.294179, -4.699557
-0.142265, -0.387589, -4.181763
-1.177934, 0.177584, -5.218431
-0.877224, 0.172149, -6.215721
-0.974880, -0.082378, -5.795773
0.323446, 0.221630, -3.695239
-0.003560, -0.016778, -4.100098
-0.105062, -0.033977, -4.040349
-1.235901, 0.068915, -5.921239
-1.192570, 0.097704, -5.992177
-1.267315, 0.197450, -4.824034
-1.189037, 0.457150, -6.223982
-0.798834, 0.095147, -5.713134
-0.713026, 0.067237, -5.027194
-0.694164, 0.334222, -4.629626
-0.814857, 0.416086, -5.197384
-1.911281, -1.419093, -6.229821
-1.619417, -0.221161, -6.129498
-1.276913, 0.120245, -6.112258
-1.332156, 0.041044, -5.984297
-1.486610, 0.198328, -6.159520
-1.421921, 0.047546, -6.151489
-1.705653, -0.072916, -6.223530
-1.406663, 0.515628, -6.239267
-1.973994, -1.832941, -6.068943
-2.027906, -1.966067, -5.896212
-1.871981, -0.580167, -6.013374
-1.909169, -0.693153, -5.932693
-1.305022, -1.960401, -6.012868
-2.003161, -1.088726, -6.044188
-1.803432, -0.640524, -5.832355
-1.987203, -1.098837, -6.038568
-1.874205, -1.675441, -5.936370
-1.709670, -1.688205, -5.745649
-1.654046, -1.955836, -6.238589
-1.316562, -1.789122, -6.057096
-1.332133, -0.964610, -6.063200
-1.583049, -1.734582, -5.459849
-1.450792, -1.605683, -6.066736
-1.684100, -1.787351, -5.671834
-1.240481, -0.950563, -6.095289
-0.804095, -0.754487, -6.137830
-1.937693, -1.900971, -6.172250
-1.888347, -0.945342, -6.179148
0.123150, -1.546776, -5.831224
-1.566395, 0.116268, -5.650323
-0.804408, -0.337877, -5.352614
-1.551438, -0.049115, -5.754108
-1.065064, -0.346557, -5.813726
-1.941092, -0.619620, -6.153569
-1.314389, -0.040009, -5.194734
-1.451325, -0.093862, -5.792302
-0.633112, -0.344310, -5.526557
-1.142900, -0.424550, -6.212342
-0.718717, -0.286012, -4.971867
-1.187145, -0.178476, -6.142789
-0.365971, -0.408658, -4.561510
-0.080548, -0.590474, -4.545329
0.221924, 0.470036, -3.661399
-0.142022, -0.485894, -4.812777
-0.666989, -0.283373, -5.786396
-1.568474, -0.880939, -6.211414
-0.675117, -0.070430, -5.503434
0.637375, -0.315847, -4.219021
-1.486487, -1.358744, -6.211402
-1.208760, -0.125822, -5.534777
-1.219442, -0.392352, -5.801907
-1.444444, -0.309458, -6.017365
-0.600574, -0.547647, -5.940146
-1.179806, -0.629553, -6.180888
-0.938056, -0.431916, -6.071181
-0.890643, -0.313664, -6.141134
0.220045, -0.968148, -5.811759
-0.253752, -0.506691, -5.677966
-0.277201, -0.419114, -6.229210
-0.230965, -0.397787, -6.221829
0.319508, -1.687662, -4.688509
0.059059, -1.758998, -4.946364
-0.373128, -0.999399, -5.083706
0.095917, -0.710040, -6.241756
-0.312061, -0.540030, -4.920673
0.344088, -0.205640, -5.701375
0.252979, -0.959595, -5.783885
-0.206509, -0.802472, -4.673866
-0.409970, -0.314239, -4.253083
0.191062, -0.297057, -5.069798
0.311364, -0.532600, -4.775534
0.210315, -1.097805, -4.910860
-0.336072, -0.529007, -4.835823
-0.287441, -0.584147, -5.553986
-1.407868, -1.205480, -6.200364
-1.549914, -1.168509, -6.234908
-0.363703, -0.615256, -4.853534
-0.269326, -0.467379, -4.707543
-0.759383, -0.465379, -5.895956
-1.215560, -0.978425, -6.167772
-0.437787, -0.969041, -6.172579
-0.504552, -0.531409, -5.410062
-1.785024, -0.616374, -5.832818
-0.177894, -0.914814, -5.351993
-1.617170, -0.443059, -5.832065
-0.713771, -1.184871, -6.205104
-1.661438, -0.859256, -6.091705
-1.764483, -0.726408, -5.932966
0.131517, -1.078997, -5.320108
0.075979, -1.514784, -5.133054
0.375730, -1.640625, -5.605453
0.124624, -1.970088, -5.704089
-1.152537, 0.044349, -4.974142
0.428078, -0.162034, -3.751736
-0.548340, -0.372200, -5.011396
-0.128982, -0.412621, -4.300127
-0.512246, -0.561841, -6.075226
-1.212682, -0.552691, -6.079752
-1.035751, -0.982314, -6.103113
-0.585069, -0.752476, -6.156403
-0.158580, -0.843798, -5.354838
0.001761, -0.899984, -5.378061
0.161357, -1.186355, -5.402558
0.333753, -1.710797, -5.530139
-1.769699, -1.964838, -4.751762
-1.802645, -1.586978, -5.923902
-1.675498, -1.752198, -5.571567
-1.842626, -1.593248, -5.979333
-1.464419, -1.095430, -6.067102
-1.149256, -0.479482, -6.085847
-1.859272, -1.596547, -5.962841
-0.917054, -1.270648, -6.080179
-1.975222, -1.854464, -3.441621
-1.960698, -2.007615, -2.921409
-1.971986, -1.938365, -4.055234
-1.527555, -1.711944, -5.300341
-1.580796, -1.805558, -5.278145
-1.523387, -1.714100, -5.280600
-1.844890, -2.000268, -4.363203
-0.836424, -0.650525, -6.165134
-1.686072, -0.214612, -5.654334
-1.073314, -0.258517, -5.650291
-0.942452, -0.328239, -5.664851
-1.055355, -0.681158, -6.117027
-0.619769, -0.481852, -5.550886
-0.425227, -0.650055, -5.559188
-0.148083, -0.915261, -5.459306
-0.012003, -0.920711, -5.307327
-0.013544, -0.890693, -5.282600
-1.491070, -0.312454, -5.622128
0.318560, -1.610008, -5.399074
-0.312571, -0.992291, -5.808201
-0.888598, -0.340377, -5.695651
-1.773722, -0.563980, -6.053448
-1.715733, 0.032717, -5.004855
-0.844218, -0.255083, -5.855055
0.121230, -1.360999, -6.194351
-0.634992, -0.247390, -5.297488
-1.373974, 0.016580, -5.626638
-0.260806, -0.214358, -5.405205
-0.660655, -0.510044, -5.722670
0.380108, -1.865839, -5.595029
-1.567071, 0.022856, -5.351997
-1.256771, 0.085461, -5.789391
0.070592, -1.150783, -5.788167
-0.607057, -0.492272, -5.908264
-0.467158, -0.376233, -5.567290
-0.386547, -0.464906, -4.826038
0.075667, -1.038921, -6.011251
-0.072235, -0.713372, -5.941542
0.095442, -0.626759, -5.657395
-0.007262, -0.624863, -5.537066
0.098298, -1.029207, -5.771516
-0.241448, -1.180956, -6.176748
0.386872, -1.289473, -5.518344
-0.021475, -0.731725, -5.478072
0.363818, -1.349234, -4.770985
0.057098, -1.275915, -4.859270
0.437713, -1.368205, -5.952896
0.324421, -0.869686, -5.545577
-1.235057, -1.885046, -6.130425
-0.405421, -1.602833, -6.009012
-0.049766, -1.664491, -6.073799
-0.026769, -1.614870, -6.157617
-0.567601, -1.522087, -6.206831
-0.243082, -1.600510, -6.202156
-0.198186, -1.666808, -6.066580
-0.086278, -1.592606, -6.049664
-1.024842, -0.311374, -6.020348
-1.591182, -0.287498, -5.790294
-1.721927, -0.329734, -5.480684
-0.265581, -0.890116, -5.737071
-1.160996, -1.431479, -6.150681
-1.617832, -0.647296, -5.925714
-0.138780, -1.198832, -6.076237
-0.225222, -1.464019, -6.031590
-0.280085, -1.452825, -5.838056
-0.591396, -0.910583, -6.032310
-1.075125, -0.091896, -5.406874
-1.547881, -0.154501, -5.618079
-0.810074, -0.378566, -5.985425
-1.127730, -0.300334, -5.643013
-1.800474, 0.148439, -5.436844
-1.577459, -0.089637, -5.641426
-0.274788, -1.447167, -5.844037
-0.474608, -1.262471, -5.941116
-0.869793, -1.038701, -6.024145
-1.200779, -0.303780, -5.686717
-0.990825, -0.963383, -6.002033
-0.537350, -0.943459, -6.037066
-0.593236, -0.941622, -5.903259
-0.548456, -0.514516, -5.843286
-0.740927, -0.594668, -6.167549
-1.186085, -0.802438, -6.083488
-1.475956, -1.641247, -5.254014
-1.508251, -0.669558, -5.966742
-1.432806, -1.006729, -6.034370
-0.836897, -1.009435, -6.079934
-0.419054, -0.805723, -6.120008
-0.892430, -0.856819, -6.035021
-1.942986, -1.975565, -4.100960
-1.632889, -1.864086, -4.873741
-1.372836, -1.637975, -5.174186
-1.548095, -1.710223, -5.159974
-1.959392, -1.988391, -3.618052
-1.892131, -2.004124, -4.179078
-1.629573, -1.890896, -5.146230
-1.448257, -1.596861, -5.347413
-0.640781, -0.631000, -6.082243
-0.530289, -0.504025, -5.462292
-1.499528, -0.759446, -6.030303
-1.734602, -1.996722, -4.922727
-0.718424, -0.563867, -6.106302
-1.592336, -1.864888, -4.817921
-1.400060, -0.570437, -6.020421
-1.894492, -1.982736, -4.096482
-1.858988, -2.016015, -2.258023
-1.883431, -1.988810, -2.459287
-1.558133, -1.790679, -5.091220
-1.559122, -1.833013, -5.043248
-1.884898, -1.988284, -2.707585
-1.921286, -1.976305, -2.856325
-1.881173, -1.986471, -2.417893
-1.743138, -1.907618, -4.500956
-1.650764, -1.625147, -5.669338
-1.411504, -1.610550, -5.112601
-0.829063, -1.113708, -6.156899
-1.850352, -2.012917, -4.352063
-0.325713, -1.451339, -5.838066
-1.681288, -1.921409, -5.151241
-0.996650, -0.783221, -6.141467
-0.321296, -1.476388, -5.836308
-1.702136, -1.844084, -5.432896
-0.987912, -0.326522, -6.115921
-0.691199, -0.795938, -6.073730
-0.922552, -0.997503, -6.085246
-1.595051, -0.647337, -5.917437
-1.689009, -1.344886, -5.924535
-1.708401, -1.940832, -4.773735
-1.361946, -0.897956, -6.052370
-1.283346, -1.544334, -6.012594
-1.512127, -1.613400, -5.975347
-1.314080, -2.004486, -6.180752
-1.577186, -0.686609, -5.911571
-1.261967, -1.615481, -6.007070
-1.445045, -1.812036, -6.000335
-1.128865, -1.509789, -5.986165
-0.676198, -1.652610, -6.051013
-1.566590, -2.013280, -3.899203
-1.350267, -1.811619, -5.784770
-1.067577, -1.644914, -6.032958
-1.209285, -1.619012, -6.160299
-1.478608, -2.037712, -4.472494
-0.838917, -1.884951, -6.084542
-0.812624, -1.578455, -6.129983
-0.054529, -1.284113, -6.202235
-1.295031, -1.943084, -5.862151
-1.111665, -1.950157, -5.911999
0.210612, -1.242258, -6.181334
-0.087378, -0.855005, -6.262319
-0.811276, -1.864073, -6.090197
-0.829056, -1.681553, -6.242006
0.020909, -1.560677, -6.030835
-0.159974, -0.972851, -6.273644
-1.707592, -1.879251, -5.520914
-1.577694, -1.268986, -5.945219
-1.218662, -0.816897, -6.088519
-1.806633, 0.004231, -5.694146
-1.094219, -1.426361, -6.075279
-1.167135, -1.566013, -6.029987
-0.751063, -1.605365, -6.212445
0.372286, -1.431764, -6.260715
-1.586621, -0.809317, -6.007838
-1.670928, -1.946781, -5.100139
-1.299907, -1.136652, -6.000113
-1.382993, -0.248615, -5.751771
-1.714495, -1.905091, -4.670450
-1.331066, -0.898613, -6.061320
-1.571375, -1.578194, -5.863917
-0.527486, -1.089139, -5.891092
-0.684018, -1.259259, -6.033025
-1.118628, -1.175671, -6.117213
-1.815138, -1.996705, -4.674819
-0.450203, -1.059951, -6.047041
-1.957311, -1.950131, -3.771212
-0.503455, -1.292536, -5.898074
-0.472162, -1.318533, -5.941895
-0.479722, -1.499704, -5.891941
-1.952406, -1.968511, -3.291152
-1.969917, -1.955326, -3.133029
-1.477455, -1.690600, -5.298088
-0.815267, -0.995875, -6.071061
-1.899152, -2.004876, -4.009693
-0.587312, -0.973745, -6.006591
-1.758754, -1.502223, -5.793798
-0.422075, -1.159425, -5.847424
-1.000703, -0.268786, -5.557004
-1.535888, -0.607317, -5.968408
-0.620224, -1.556387, -5.732543
-0.632913, -0.468740, -5.844538
-1.075373, -1.125208, -6.074826
-1.353593, -0.670306, -6.026187
-1.606099, -1.852012, -5.334113
-1.026252, -1.192536, -6.057017
-1.318738, -1.471001, -6.132504
-0.732026, -1.510932, -6.060972
-1.666560, -1.879303, -4.723745
-1.547896, -1.639977, -5.444134
-1.048157, -0.912207, -6.101798
-1.336444, -0.726801, -6.085109
-1.587040, -1.793832, -5.167561
-1.540760, -1.650476, -5.425698
-0.925190, -1.243104, -6.079899
-0.738523, -0.905889, -6.119560
-1.708520, -0.740184, -5.963743
-1.605782, -0.829630, -6.170640
-1.176649, -0.941199, -6.045987
-1.415250, -1.198445, -5.951329
-0.705197, -0.982604, -5.901769
-0.639864, -0.638980, -5.901984
-0.162307, -0.883047, -5.583516
-0.203241, -0.835260, -5.504255
-0.191794, -0.843426, -5.500041
-0.946225, -0.357328, -5.661062
-1.606210, -0.685262, -5.937118
-0.337643, -0.714491, -5.750929
-1.984861, -0.783134, -5.671246
-0.848351, -0.886972, -6.106135
-1.537564, -0.276783, -5.698461
0.242179, -1.558206, -5.819090
-0.740376, -0.329459, -5.535276
-0.762841, -0.209491, -5.276375
-1.692569, 0.082717, -5.653240
-1.816838, -0.132902, -5.582378
0.352999, -1.552360, -5.487309
-1.321026, 0.086178, -5.342212
-0.015811, -1.084594, -5.774417
-1.468935, -1.831908, -6.178718
-0.631063, -0.965259, -6.237169
-1.744221, 0.240763, -5.569438
-0.946331, -1.416565, -6.147856
-1.953757, -1.161601, -6.013688
-0.085133, -1.298908, -5.925430
-0.489998, -1.384794, -6.116229
-0.760583, -1.459710, -6.144480
-0.019004, -1.130214, -5.820910
0.009361, -1.316853, -5.956234
0.172484, -1.398705, -6.020558
-0.201738, -1.243728, -5.978058
0.361939, -1.888588, -6.104101
-0.021327, -1.030691, -5.743502
0.191722, -0.969091, -5.928905
0.100224, -0.940262, -5.532943
0.327011, -1.117228, -6.233018
-0.314769, -1.168414, -4.988732
0.010182, -0.663611, -5.934098
0.290490, -1.642318, -5.217602
0.639004, -1.000867, -4.697291
0.378678, -1.765760, -4.785096
0.525532, -1.322834, -5.922639
-0.246220, -0.958407, -5.867935
-0.818199, -1.289085, -6.241505
-0.806958, -0.597403, -6.113197
-1.137020, -0.884872, -6.180050
-0.342470, -0.813694, -6.153060
-0.278169, -0.765134, -6.225946
0.678393, -1.155538, -4.615235
0.395298, -1.014259, -4.664828
-0.015014, -1.139212, -5.340959
-1.656716, -0.662822, -6.161309
-0.540741, -0.415353, -5.937585
-1.674207, -0.474365, -5.743077
-1.942148, -0.064888, -5.570692
-1.970078, 0.603302, -4.972698
-0.248834, -0.558347, -4.778933
0.032994, -0.540060, -4.775474
0.290927, -1.124901, -5.417964
-1.719580, -0.540145, -5.602801
-0.149163, -0.745206, -5.443444
0.326164, -1.584303, -5.405056
-0.767990, -1.000813, -5.891601
-0.165613, -1.325091, -5.763695
-1.771019, -0.814786, -6.155934
-1.993240, 0.355501, -5.368134
-1.661084, -0.392693, -5.672175
-1.673467, -0.359523, -5.691864
-1.134571, -0.580833, -6.042482
-1.444370, -0.673997, -6.011602
-0.849639, -0.320769, -5.571955
-0.375113, -0.679482, -5.518820
0.319143, -1.955426, -5.758880
0.383733, -1.612790, -5.550621
-1.434044, -1.395438, -5.957433
-1.180979, -1.253192, -6.036482
-1.062196, -0.566680, -6.101655
-1.141741, -0.568154, -6.070951
-1.278264, -0.289239, -5.837934
-0.719651, -0.600203, -6.058837
-1.264418, -0.633957, -6.085709
-1.372695, -0.587751, -6.018184
-1.625113, -1.858407, -5.225187
-1.689460, -1.871426, -4.648010
-1.575957, -1.593831, -5.660101
-1.612538, -1.839086, -5.074784
-0.976468, -0.715251, -6.210388
-0.230742, -1.062609, -5.929584
-0.471574, -0.783789, -6.127450
-0.111837, -0.972000, -5.659632
-0.306405, -0.750643, -5.627730
-0.443651, -1.216709, -6.264874
-0.681219, -0.441930, -5.740690
0.258175, -1.424677, -5.711105
0.120841, -1.232142, -5.486394
-0.380307, -0.512998, -5.217400
0.118931, -1.702603, -5.255173
-0.072820, -0.944033, -5.185482
-1.883162, 0.153518, -5.446172
-1.342258, 0.223393, -5.235024
0.381893, -1.643758, -5.947260
0.321434, -1.739464, -5.730463
-0.391050, -0.690970, -5.700188
-0.666692, 0.058239, -4.724439
-0.702266, -0.274285, -5.788271
-0.373038, -0.417498, -4.634847
-1.751010, -0.251927, -5.737413
-0.524880, -0.257784, -4.600494
-0.873941, -0.455183, -5.771178
0.241002, -0.410318, -4.102858
-0.977287, -0.149832, -5.283204
-1.367713, -0.018182, -5.367840
-1.403708, -0.728821, -6.152809
-0.448960, -0.688924, -6.017360
-1.158481, -1.177003, -6.184250
-1.347504, -1.479439, -6.180810
-1.803160, -1.780068, -6.098994
-0.449600, -0.600688, -5.657707
0.010122, -0.758898, -4.505694
-0.371485, -0.673230, -4.604667
-0.400029, -0.672277, -5.997514
-0.124814, -0.874360, -6.103804
0.260013, -0.096020, -5.602205
-0.021202, -0.559440, -4.475837
0.048309, -0.810795, -4.542485
-0.018397, -0.763627, -4.589036
0.416857, -1.864379, -5.574095
0.315863, -1.541474, -5.274533
0.276182, -1.052904, -5.248441
0.579268, -0.690013, -4.389841
0.272998, -1.101481, -5.734075
0.177854, -0.996230, -6.270979
-0.354364, -0.466580, -6.150059
-0.115251, -0.532995, -6.083997
0.206545, -0.977335, -6.053840
0.460540, -1.472887, -5.731409
0.083465, -0.806970, -5.943530
0.117263, -0.823756, -6.112041
-1.388620, -0.779039, -6.234868
-0.828948, -0.360454, -6.001898
-0.932873, -0.157671, -5.883026
-0.916057, -0.173395, -5.033545
-1.176708, -0.595624, -6.184911
-0.179775, -0.447328, -5.697373
-0.346466, -0.309095, -5.750244
-0.493909, -0.449240, -6.107456
0.524453, -0.224424, -4.006996
-1.303282, -0.363990, -5.797655
0.633234, -0.594111, -4.527822
-0.320225, -0.220583, -5.593865
-1.505943, -0.455356, -5.965309
-0.959095, -0.448163, -5.731909
-0.211538, 0.351224, -3.540960
-1.539179, -0.629396, -6.155513
-0.223126, -0.853015, -5.345440
-1.055300, -0.258649, -5.802471
-1.797377, -0.073739, -5.302288
-1.565766, 0.002869, -5.072425
-0.762574, -0.251462, -6.232734
-0.643737, -0.216380, -5.880821
-1.040017, -0.133676, -5.633254
-1.279137, -0.033917, -5.321237
0.107007, -1.487982, -5.685257
-1.859301, -0.456276, -5.641224
-1.855654, -0.618947, -5.633332
-1.989828, -0.524127, -5.542827
0.283817, -1.385089, -5.322765
0.190360, -1.108597, -5.242911
-1.556723, -0.460652, -6.187438
-1.516881, -0.538366, -5.672354
-1.599182, -1.265596, -5.947999
-1.764138, -1.980477, -4.873967
-1.603936, -1.740588, -6.070806
-1.499535, -1.118861, -6.221883
-1.108251, -0.909266, -6.262211
-0.352613, -1.002109, -6.061439
-0.817084, -0.824828, -6.199281
-1.319861, -1.362926, -6.142884
-1.798816, -0.906034, -6.034534
-1.689566, -1.881489, -6.212492
-1.779250, -0.641026, -5.744343
-1.645778, 0.563761, -5.923010
-1.945023, -1.453717, -6.038002
-1.149502, 0.128696, -5.035241
-1.800597, 0.789426, -6.048311
-1.655144, 0.329134, -6.036267
-1.300413, -0.134689, -6.059128
-1.633614, -0.124591, -6.044641
-1.278215, 0.012540, -6.264326
-1.588920, 0.116764, -5.903864
-1.804496, 0.255348, -5.888106
-1.410706, 0.128020, -5.737885
-1.180855, 0.179685, -6.068479
-1.584274, 0.415730, -6.027187
-0.717326, -0.181280, -4.707520
-1.258935, -0.079030, -5.942828
-1.385820, 0.224463, -5.867107
-1.320469, 0.329642, -6.072244
-0.779967, 0.019944, -6.228925
-1.041431, -0.220560, -6.015294
-1.071332, 0.380439, -6.183484
-0.947353, 0.374659, -5.600444
-0.689316, -0.170955, -6.060686
0.156986, -0.532476, -4.867241
-0.660260, 0.023140, -4.924048
-0.457446, -0.244332, -4.662329
-0.771266, -0.095320, -5.562753
-0.951904, -0.233516, -5.843758
-0.513420, 0.153210, -4.508504
-0.429444, 0.105971, -4.458049
-0.998249, -0.223203, -6.225129
-0.902807, -0.080287, -4.935843
-0.996901, 0.176575, -5.462090
-1.011511, 0.044518, -6.076847
-0.693480, -0.259856, -6.230068
-0.481882, -0.323790, -6.195351
-0.695672, -0.328623, -4.884597
-0.755123, 0.117771, -4.849027
-0.082006, -0.481006, -5.944994
-0.386475, -0.258009, -5.575607
-0.308765, -0.016612, -5.439965
-0.569480, -0.183881, -6.225678
-0.025559, -0.636191, -5.595741
-0.013571, -0.622851, -5.938859
0.134946, -0.360925, -6.150671
-0.015709, -0.378536, -6.282297
1.743088, 0.672021, -5.460854
2.094191, 0.626473, -5.971439
2.242362, 0.885188, -6.223138
1.960272, 0.759291, -5.753386
1.800612, 0.335366, -6.133392
1.909739, 0.155764, -6.079773
2.231760, 0.832108, -5.949886
1.886651, 0.701407, -5.654728
1.357839, 0.333062, -5.996666
1.516800, 0.334420, -6.124605
1.719489, 0.380167, -5.434735
1.583688, 0.563800, -5.302062
2.183401, 0.579529, -6.246163
2.027555, 0.464435, -6.135874
2.225539, 0.075523, -5.984559
2.236517, 0.366759, -5.883306
0.419246, 0.035809, -4.388330
0.469584, 0.311052, -4.403778
0.946267, 0.441624, -5.384861
0.449177, 0.149703, -5.249737
0.671320, 0.521035, -4.419269
1.064002, 0.271058, -4.646107
1.376381, 0.271043, -4.979641
1.950469, 0.137294, -5.251205
0.924533, 0.358812, -5.473690
0.339119, 0.291032, -4.337712
2.292005, 0.491748, -6.256837
1.442695, 0.458384, -5.591951
0.211564, 0.185806, -4.158284
0.151072, 0.121114, -4.200501
0.594686, 0.412021, -4.550056
0.561439, 0.467459, -4.489937
0.860889, 0.282817, -6.242008
0.690917, 0.453572, -6.016284
0.825296, 0.512980, -5.855528
0.675165, 0.438685, -6.297563
0.286883, 0.046739, -4.409656
0.835873, -0.271331, -4.822948
0.842092, 0.640396, -6.100560
0.872221, 0.651216, -6.158093
0.273252, 0.224584, -6.266268
-0.285932, 0.518778, -5.772803
0.159716, 0.786812, -6.182490
0.081184, 0.680946, -6.191363
0.169074, 0.121371, -6.018167
0.390332, 0.371790, -6.050370
0.117864, 0.326186, -5.983448
0.481051, 0.449685, -5.991061
2.175740, -1.921742, -6.181780
2.212866, -1.804375, -5.979389
2.007002, -1.977419, -6.140524
2.161577, -1.705239, -6.220452
2.275252, -1.666666, -6.145310
2.157080, -1.484737, -6.248243
2.238621, -1.642636, -6.196693
1.447055, -0.958062, -6.251729
-1.385804, 2.054710, -6.178480
-1.977474, 2.275958, -5.988011
-1.815580, 1.865839, -6.258137
-1.700995, 2.243012, -6.144577
-1.975025, 1.339236, -5.939068
-1.740245, 1.157104, -6.086805
-1.426597, 1.607089, -6.216201
-1.256945, 1.849897, -6.195549
1.812873, -1.499679, -6.226054
2.053702, -1.448866, -6.279502
1.204457, -0.718508, -6.232072
1.451365, -0.769121, -6.193077
1.913385, -1.078436, -6.205945
2.122436, -0.838384, -6.210245
1.597862, -1.477980, -6.249319
1.578403, -1.241153, -6.174391
-1.754600, 1.355748, -5.766709
-1.544371, 1.343362, -6.234108
-0.831208, 2.061013, -6.201701
-0.662085, 2.002103, -5.937710
-1.787109, 0.918107, -6.062688
-1.989832, 1.575253, -5.706130
-1.423535, 0.862601, -5.380710
-1.376708, 1.420645, -6.173269
2.106627, -1.622974, -5.302017
1.504734, -1.120429, -6.196502
1.990012, -1.414296, -5.912764
1.924722, -1.545660, -5.608166
1.787858, -1.357705, -5.756422
1.384185, -1.461227, -6.229606
0.645143, -1.096019, -5.495101
1.598893, -0.925403, -6.202957
-1.563041, 0.426955, -5.177532
-2.018762, 1.206656, -6.206374
-1.508195, 0.953280, -5.759309
-1.989645, 1.370980, -6.193478
-0.552605, 0.837415, -5.966904
-0.789940, 0.852436, -6.197948
-1.779623, 0.013711, -5.373824
-0.147381, 0.473450, -5.226069
2.118152, -1.618874, -5.164344
1.931010, -1.265780, -5.857477
1.529902, -1.481540, -6.221730
1.544820, -1.137553, -6.118961
1.903449, -1.523936, -5.642621
1.938559, -1.545393, -5.563192
1.945505, -1.561993, -5.480275
1.733160, -1.385724, -5.754282
-1.063262, 1.370569, -6.195703
-0.736525, 0.660136, -5.775411
-0.703092, 0.255473, -5.144027
-0.563683, 0.710108, -5.026427
-0.541647, 0.515789, -5.181961
-0.691544, 0.424940, -5.637548
-1.069374, 0.891372, -6.182978
-0.328535, 0.490885, -5.187245
2.273952, -1.842147, -3.651098
2.260078, -1.309777, -5.886037
1.621881, -1.213338, -6.083131
1.078642, -0.949977, -6.235806
1.741535, -1.562593, -5.390961
1.838817, -1.622660, -5.189839
1.824568, -1.534776, -5.347043
1.741977, -1.350381, -5.826494
-1.808054, 0.899644, -6.158810
-1.959424, 0.900640, -6.119893
-0.938570, 1.266404, -6.180561
-1.526604, 1.393636, -6.168542
-1.132643, 0.952720, -6.088997
-1.100640, 0.639574, -6.221044
-0.661089, 2.050196, -6.164112
0.032646, 1.305739, -5.596201
0.082980, 0.373478, -5.895006
0.220453, 0.183487, -4.954337
0.247679, 0.640108, -5.674216
0.366259, 1.105435, -5.660741
0.547089, 0.857120, -5.778189
0.627253, 1.076943, -6.067028
0.472694, 1.082202, -5.918698
0.703838, 1.349627, -6.135712
0.682564, 1.105464, -6.130798
0.850665, 1.077311, -6.247861
0.861049, 1.386390, -6.210460
0.913050, 1.414855, -6.279693
1.165317, 0.752003, -5.781515
1.299598, 0.841387, -5.944595
1.574166, 2.108461, -6.202713
1.259656, 1.892492, -6.000560
1.515098, 1.107287, -6.159158
1.642371, 1.182247, -6.187473
1.782739, 1.798381, -6.193215
0.886998, 0.898252, -5.928981
-0.035370, -0.104776, -5.090196
0.536778, 0.325903, -5.556118
-0.161238, -0.160314, -5.018101
0.812440, 0.733219, -5.223345
0.665028, 0.742325, -5.795989
-0.256494, 0.054975, -6.034667
-0.431992, 0.112088, -6.017040
-0.792761, -0.104602, -4.844600
1.191855, 0.659772, -5.448939
1.384391, 1.230543, -6.163673
0.697794, 0.059271, -5.151052
0.778845, 0.950961, -6.028135
1.566519, 0.319059, -5.197326
1.141905, 0.689692, -5.644762
1.225972, 0.137496, -4.961167
1.261250, 1.276646, -5.949184
1.490637, 0.624682, -5.605053
1.225932, 0.947531, -6.231375
1.567689, 0.519366, -5.995720
1.573633, 0.463268, -5.899083
2.138790, 1.330754, -6.244145
1.474741, 1.057000, -6.264146
1.490204, 1.590549, -6.232300
1.655309, 0.801137, -6.266243
1.338462, 1.099455, -6.184557
1.497441, 1.138570, -6.224472
1.464904, 1.284466, -6.238725
1.642049, 0.884625, -6.166297
2.283936, 2.254865, -6.210506
1.686271, 2.286783, -5.957096
1.320097, 2.087645, -5.858002
1.016314, 1.814173, -5.753967
2.301451, 1.901068, -6.179158
2.075803, 2.088654, -6.164367
1.678457, 1.954422, -6.122624
2.106563, 2.078650, -6.200180
0.174270, 0.150639, -5.655152
1.322401, -0.093061, -4.971471
0.283262, 0.070507, -5.501882
0.082225, -0.211615, -5.398002
1.242161, 1.988420, -5.819226
0.760519, 0.453025, -5.309172
0.724079, 1.907994, -5.886213
1.637485, 0.736646, -5.897078
1.427293, 1.213515, -6.200634
0.749276, 1.156952, -5.705130
0.361540, 1.778000, -5.979937
0.619138, 0.591416, -5.231101
0.118589, 0.076989, -5.832687
0.000203, 0.104052, -5.607688
0.513913, 0.132671, -4.782011
-0.069025, -0.064949, -5.807732
1.623194, 2.049054, -6.208542
1.671739, 2.057268, -6.222919
0.888567, 0.749629, -5.865111
0.854566, 0.718855, -5.335102
0.913352, 1.803668, -6.003376
1.625105, 2.171060, -6.124872
2.054529, 2.091930, -6.092814
1.479620, 1.833436, -6.199129
0.439520, 0.314392, -4.951808
0.834024, 1.302335, -6.131388
0.093381, -0.150940, -4.640489
0.216888, 0.224138, -5.341418
1.022238, 1.669930, -6.089738
1.032166, 2.217954, -6.201100
-0.125331, 0.272173, -5.168270
0.134938, -0.190763, -4.884756
0.139887, -0.396712, -4.360029
0.180063, 1.143396, -6.195316
-0.333014, 0.723508, -4.814497
-0.292243, 0.521966, -4.709037
0.311314, 0.292812, -4.906380
0.012932, 1.871524, -5.435646
0.196870, -0.136800, -4.643442
0.044847, 0.152528, -4.536190
1.778238, -1.325093, -5.957936
1.395073, 0.026923, -6.117755
0.681821, -1.123731, -5.478573
0.904986, -1.305833, -5.537425
2.197158, -1.967112, -2.846054
2.259095, -1.666679, -5.087146
1.691968, -1.593370, -5.676504
1.964415, -1.597924, -5.995251
-0.171877, 1.878411, -6.125071
0.032271, 1.541885, -5.986659
-0.023841, 0.860220, -5.354125
0.114662, 1.239177, -5.838271
-0.249531, 0.990126, -5.604538
-0.729049, 2.185008, -6.110614
-0.066724, -0.580355, -5.198128
-0.418177, 0.576482, -5.336279
1.450480, -0.021629, -6.051859
0.816795, -1.306898, -5.656228
0.280772, -0.557071, -4.996663
0.369335, -0.544453, -5.195369
1.257240, -0.305787, -6.192294
1.770454, -0.310147, -6.185475
1.617116, 0.082963, -5.952063
0.954124, -0.110870, -5.983850
-0.330641, 0.339389, -5.091796
0.548420, 1.666692, -5.032783
0.641446, 2.030577, -5.129834
0.674122, 2.131157, -5.036126
-1.189144, 1.851382, -6.255278
-1.412342, 2.009691, -6.227623
0.488067, 1.528614, -4.976280
0.550533, 1.588652, -5.015761
0.780005, -1.275950, -5.528160
0.538525, -0.482115, -5.662392
0.205453, -0.410557, -5.173765
0.398316, -0.619222, -5.331788
0.705342, -0.259690, -5.706521
0.681592, -0.512977, -5.748156
0.563113, -0.667234, -5.497882
0.206942, -0.623862, -5.315006
0.310788, 0.588521, -5.335462
0.242134, 0.649939, -5.346512
0.668286, 2.268129, -5.794975
0.069125, 0.262052, -5.145095
0.149944, 0.869852, -5.721115
-0.281387, 0.572156, -5.560870
0.661202, 2.002887, -5.472145
-0.114532, 0.684960, -5.450852
1.641460, -0.399821, -6.234787
1.853015, -0.453118, -6.256010
0.048917, -0.671611, -5.216919
0.688453, -0.197078, -5.552299
1.661555, -0.040449, -5.916558
0.862387, -0.392919, -6.040972
0.843194, 0.144065, -5.815670
0.423902, -0.554903, -5.384287
-1.026946, 0.872460, -5.980098
-1.527358, 0.954174, -5.583282
-0.157959, 0.923382, -5.576329
-0.264179, 1.144443, -5.787719
0.077531, 0.793977, -4.933908
-0.020664, 0.436932, -5.349255
0.281084, 1.347679, -4.946723
0.017692, 0.264133, -5.199317
1.389893, -1.610632, -5.771984
1.351322, -1.810646, -6.011335
1.192456, -1.872783, -5.335767
1.786449, -1.961455, -5.774119
1.273643, -1.924026, -5.509267
1.597389, -1.299173, -6.197149
1.112980, -1.339171, -5.510900
2.250491, -0.389675, -6.199298
-1.718863, 2.154816, -5.202995
-0.427835, 1.483860, -6.029711
-1.244800, 1.699338, -6.193078
-1.735503, 2.182276, -5.267058
-0.477424, 1.431684, -6.026086
-1.657261, 1.558212, -5.824203
-1.419761, 1.977813, -6.118341
-1.406092, 1.418434, -6.250236
0.481670, -1.125780, -5.254354
0.884784, -1.599958, -5.165739
0.566541, -1.542961, -5.232016
1.230055, -1.983651, -6.267706
1.039441, -1.954583, -5.316622
1.114732, -1.569196, -5.478318
-0.184463, -1.035836, -5.011258
0.601750, -0.714416, -5.272592
-1.018498, 0.933673, -6.165091
-1.575357, 0.862675, -5.962086
-1.610664, 2.260305, -5.915853
-1.705424, 1.984778, -6.117074
-1.326303, 1.689780, -6.228134
-0.988183, 0.802086, -5.929366
-1.452112, 1.398300, -6.272396
-1.664146, 1.874317, -6.149568
2.240438, -0.420502, -6.152240
0.858755, -0.122349, -6.275323
0.639426, 0.276234, -4.497228
0.930270, -1.334654, -5.655586
0.649720, 0.095904, -4.526343
0.626831, -0.145096, -4.662555
0.747707, -1.508061, -5.322063
0.666123, -0.389803, -4.897935
-0.809502, 0.646625, -5.431064
-1.325835, 0.875435, -5.874152
-1.231212, 0.861023, -5.927136
-0.442970, 0.380996, -5.449116
-0.521088, 0.059856, -5.222732
-1.149572, 0.145764, -5.288577
0.263863, 0.974439, -5.669082
-0.008549, 0.321887, -5.286896
0.089350, -0.630653, -5.135132
0.591478, -0.182498, -4.718531
0.812653, -0.060392, -4.840745
0.835104, -1.695254, -5.168285
0.528593, -0.141780, -4.955508
0.040271, -0.809890, -4.833863
0.201050, -0.826735, -4.649400
-0.172764, -0.716698, -5.054787
0.526488, 1.934539, -5.195928
0.476632, 1.202903, -5.434513
0.228545, 1.535578, -5.032136
0.099188, 0.192413, -4.734561
0.279924, -0.645307, -5.492914
0.341641, 1.160718, -5.417220
-1.402763, 0.491288, -4.925917
0.104885, 0.250342, -4.782785
0.315232, -0.305174, -5.333242
0.696729, -0.677530, -5.688230
0.700353, 0.007821, -6.044639
0.352374, -1.009443, -5.993224
0.623221, -0.947059, -5.507078
1.216246, -0.104826, -6.136783
1.342692, -0.938838, -6.212090
1.054095, 0.088865, -5.891786
-1.265466, 0.634513, -5.857786
-0.078351, 0.181570, -4.732347
-0.572361, 0.055106, -5.688582
-1.651402, 0.132141, -6.098423
0.180301, -0.626225, -6.112236
0.256450, -0.556827, -4.383995
-1.403297, 0.215555, -4.888875
-1.740999, 0.130793, -5.518293
1.851521, -1.530269, -5.381286
2.286387, -1.715142, -5.020706
1.755254, -1.197339, -5.999195
1.795779, -1.367208, -5.903860
1.869602, -1.893473, -5.983326
2.216550, -1.635050, -5.995932
1.801916, -1.514847, -5.662189
1.674877, -1.358247, -5.788886
0.166633, 1.271192, -5.879869
-0.197987, 0.016641, -4.598338
-0.612881, 0.615183, -6.220016
-0.754458, 0.224684, -5.325323
-0.554969, 0.776190, -6.039739
-0.369358, 0.602928, -5.893916
0.565986, 2.002577, -5.172733
-0.457408, 0.784571, -6.079565
0.130764, 1.268909, -6.220696
-0.065915, -0.012599, -4.797347
0.143828, 1.852836, -5.225257
-0.098615, 1.144004, -4.877017
0.458246, 1.005925, -6.172941
-0.180433, 0.328513, -4.577889
0.409807, 0.931597, -5.637143
0.441932, 0.895528, -5.728312
0.161967, 0.525480, -4.618363
0.531344, 1.015113, -6.221961
0.606992, 1.324750, -6.178931
-0.080459, 1.739355, -5.122613
-0.003733, -0.497481, -4.457497
0.321250, 0.208984, -5.066307
0.308600, -0.195514, -5.015654
-0.041926, 0.118801, -6.006649
0.532910, -0.086138, -4.970875
0.671381, 0.836897, -5.187271
0.335533, -0.217740, -4.732214
0.284351, -0.262627, -4.739830
0.868305, 0.032702, -4.622721
0.655383, 2.238928, -6.109888
0.257824, -0.235632, -4.670432
0.191430, -0.280594, -4.788302
0.641549, 0.571863, -5.165743
1.142005, 0.212762, -4.879786
1.100406, 0.993947, -6.174448
1.151648, 1.200112, -6.075947
0.387492, 0.340133, -5.873520
1.612693, -0.359427, -5.367087
0.462154, 0.533863, -4.996992
0.511821, 1.189234, -5.831595
0.230429, 0.945084, -4.941826
1.221370, 0.675823, -5.924447
0.327210, 0.840281, -5.064763
1.711391, 0.099044, -5.092766
0.758165, 0.430648, -5.308025
1.245543, 0.959012, -6.115891
2.021849, 0.094864, -5.462870
1.565490, 0.110509, -4.916524
2.102935, 1.049546, -6.020770
0.626743, 1.675661, -5.933372
0.945688, 1.694397, -5.899286
0.559594, 2.144751, -5.649828
1.929576, 0.976566, -6.107005
1.345231, 1.602990, -6.075004
1.857377, 0.672450, -5.937366
1.607709, 0.678698, -5.771293
1.788714, 0.726009, -6.136038
1.618819, 0.557003, -5.653153
1.879248, 0.716399, -6.133635
1.213067, 1.578737, -6.058096
2.023409, 0.609721, -5.751857
0.939614, 1.036572, -5.832114
1.044487, 0.962213, -5.780371
1.832595, 1.806878, -6.211355
1.181859, 1.789275, -5.900353
0.325846, 0.473455, -4.832904
0.699075, 1.238056, -5.706397
1.279472, 0.905809, -5.875953
2.098400, 0.980193, -6.224066
1.159435, 1.251679, -6.045733
1.135807, 2.302758, -5.620649
1.062549, 2.252905, -5.775482
0.326404, 0.674777, -4.774709
0.421437, 0.609065, -4.833390
0.045793, 1.530571, -5.026768
0.294400, 0.043897, -4.724822
1.501806, 0.135304, -4.860759
0.505624, 0.717468, -5.155424
1.382784, 0.550083, -5.429889
1.243792, 0.502438, -5.164624
0.067132, 0.967505, -4.826283
0.028251, 1.392588, -4.992941
0.344618, 0.715367, -4.899348
1.152735, 2.143498, -5.757605
0.342022, 1.186495, -5.129103
0.606430, 1.429888, -5.546000
1.846668, 0.490751, -5.433395
0.002850, 1.140995, -4.875017
0.395444, 1.068858, -5.574356
0.595097, 1.816600, -5.975608
0.591478, 2.245759, -6.078364
0.331599, 1.246014, -5.082736
0.365260, 0.242621, -4.734723
0.081909, 1.751666, -5.063395
0.888171, 0.883201, -5.902890
1.185547, 1.021202, -5.880787
0.167336, 2.218425, -5.819890
0.308162, 2.322098, -6.164348
0.425039, 2.132931, -5.700458
0.479338, 1.781378, -5.872491
0.386138, 2.018663, -6.103874
0.107831, 2.137843, -5.354046
0.298852, 1.830723, -5.849597
0.310771, 2.213129, -5.792153
1.539811, -1.180814, -6.221343
1.349843, -1.429932, -6.249942
1.121666, -0.835450, -6.290921
0.709999, -0.504903, -5.925367
1.517363, -1.204867, -6.196065
1.636416, -1.344673, -6.048604
1.171820, -1.269919, -6.180358
1.067040, -1.517726, -6.177547
0.564275, 1.692592, -5.277904
-0.233468, 0.636662, -5.868418
-0.699005, 2.308175, -6.080750
-0.135614, 1.619723, -6.079778
0.214406, 1.865753, -6.139860
-0.317032, 1.650580, -6.114961
-0.183051, 1.186654, -5.770810
-0.332077, 1.670951, -6.087615
0.122319, -0.985412, -5.330383
1.138008, 0.134985, -5.227559
0.667663, -0.239254, -4.895894
1.054049, 0.076434, -5.388361
0.557724, -0.442069, -5.560320
1.209054, -0.883277, -6.206632
0.414944, -0.549700, -5.109533
1.426089, -0.057893, -5.225613
-0.148732, 0.188325, -4.893244
0.084339, 0.703904, -4.828299
0.403874, 1.175264, -5.137253
-0.017163, 1.034401, -4.929274
-0.111904, 0.285693, -5.239765
0.169740, 0.343763, -5.350795
1.056320, 2.116994, -5.007677
0.418016, 1.829192, -5.423550
1.338048, 0.304283, -5.180998
-0.331845, -0.742771, -4.498315
0.615411, -1.373975, -5.836234
0.519163, -1.424007, -6.174645
0.551554, -1.153633, -6.226342
0.265829, -0.885670, -5.415551
0.475530, -1.113285, -4.699273
-0.077039, -1.908043, -5.001287
-0.766061, 0.159095, -5.689195
-0.648422, 0.009327, -5.624654
-1.319642, 0.422154, -5.358335
-1.023925, 0.726664, -5.598209
-1.144022, 0.620457, -4.969077
-0.324263, 0.301445, -4.873404
-1.275667, 0.874356, -5.939487
0.076580, 0.688775, -5.541883
2.039108, -0.654449, -6.134661
2.243328, -1.705139, -5.938626
1.166485, -1.523902, -5.662018
1.067042, -1.429572, -5.461511
1.205790, -1.769932, -5.107285
1.399484, -1.074985, -6.139726
0.093060, -0.769936, -5.153800
0.671297, -0.582714, -5.648215
-1.074628, 0.709801, -5.949005
-0.707285, 0.825409, -5.950853
-1.357601, 0.754477, -5.517153
-1.441128, 0.859264, -5.843283
-1.006462, 0.310044, -5.394505
-0.530982, 0.181655, -5.925772
-0.864827, 0.514819, -5.395755
-1.168582, 1.675336, -6.223116
0.086870, -0.783947, -4.950556
0.242914, -0.603223, -5.104764
0.940886, -1.470901, -6.174332
0.914891, -1.452984, -5.385359
0.865660, 0.079873, -5.590174
0.711230, -1.269777, -5.224541
1.162822, -1.623867, -5.280128
1.168527, -1.785731, -5.905409
-1.698750, 2.027784, -5.695826
-1.620840, 1.901797, -6.108016
-1.693172, 1.825285, -3.697246
-1.417114, 1.360467, -3.584124
-1.669393, 1.670490, -6.189680
-1.406503, 1.528189, -6.134318
-1.653646, 1.854920, -6.188654
-0.615654, 0.692276, -5.496967
0.915773, -1.463171, -5.434223
0.796903, -1.495738, -6.048233
0.340842, -0.734918, -5.456577
0.640814, -1.178123, -6.225886
1.603962, -1.993998, -6.037887
1.006254, -1.411644, -5.490386
1.099776, -1.523928, -5.744509
1.196745, -1.530387, -5.590434
-1.657023, 1.488746, -3.052291
-1.257919, 1.637251, -3.502738
0.249211, 0.579782, -5.270273
-1.283378, 0.423459, -4.986191
-1.571558, 1.046923, -5.946632
-0.389665, 0.750823, -5.631557
-1.618609, 2.142958, -5.695528
-0.391994, 0.279774, -5.425873
1.217182, -1.423413, -5.480021
1.523444, -0.294366, -6.181590
0.593148, -0.505362, -5.085001
0.828998, -1.483286, -5.823811
-1.289762, 1.561960, -3.436845
0.239232, -0.741792, -4.718233
-0.673838, 0.251416, -5.968209
0.331685, -0.501780, -5.803029
-1.354812, 0.886279, -5.877847
-1.534266, 1.580050, -6.273612
-1.386662, 1.409889, -3.470928
-1.371649, 1.698253, -6.132026
-1.616676, 2.183617, -5.893164
-1.574874, 2.104578, -6.029955
-1.714031, 1.412862, -2.837757
-1.735565, 1.998157, -4.023747
-0.182218, -0.321984, -5.920148
0.580249, -0.462210, -4.299104
0.740316, -0.874484, -6.117169
-0.143343, -0.099550, -5.224783
0.385815, -0.769407, -4.679791
0.523217, -0.202044, -5.253718
0.696730, -0.188774, -6.073302
1.390173, 0.363471, -6.281630
-1.693156, 2.170512, -5.397166
-1.551479, 1.538745, -6.111109
-1.391286, 1.443266, -3.474778
-1.719405, 2.005808, -5.708515
-1.714283, 2.038388, -5.883056
-1.738097, 1.611065, -6.139830
-1.694766, 2.029486, -5.902809
-1.689267, 2.157306, -4.829002
1.369611, 0.436284, -5.359178
1.466094, -0.073297, -5.251886
1.165770, 0.394222, -6.206742
1.122421, -0.934706, -6.120096
1.949739, -0.183463, -5.978100
1.118885, 0.154411, -4.898431
1.326071, 0.000230, -5.962869
1.039795, 0.274578, -6.274253
-1.617038, 1.951794, -6.062267
-1.799258, 1.610477, -6.154798
-1.828046, 1.592104, -6.145308
-1.375078, 1.868685, -6.120106
-0.511154, 1.554985, -5.996657
-0.464290, 1.254717, -5.960860
-1.373773, 1.991792, -6.099423
-0.898294, 2.078463, -6.070303
2.233260, -0.834020, -6.213147
1.713126, -0.499647, -6.233921
2.224916, -0.053413, -6.263118
2.246946, -0.281485, -5.735910
2.283329, -0.691853, -6.210425
2.114019, -0.367504, -5.950196
2.131370, -0.664335, -6.272383
2.175301, -0.398165, -6.125026
-0.777596, 2.073713, -6.121656
-0.478154, 1.991798, -6.018617
-1.440378, 2.182640, -6.140401
-0.669036, 1.594489, -6.055709
-1.167592, 1.971590, -6.093689
-0.746908, 2.178639, -6.236810
-0.516648, 1.685514, -6.028990
-0.289581, 1.813404, -6.116174
0.265237, 1.817051, -6.069923
-0.293457, 1.779167, -6.199607
0.352552, 1.765024, -6.230635
0.249586, 1.784563, -6.233752
0.492476, 1.808656, -6.282731
0.548867, 1.818902, -5.872477
0.355176, 1.724005, -6.228147
0.043569, 1.691054, -6.247646
0.502731, 2.019220, -5.324238
0.834887, 2.069548, -5.107339
0.393911, 2.197531, -6.164254
0.283511, 1.966265, -5.775980
1.116774, 1.953141, -5.684076
1.092176, 1.954821, -5.538341
2.161720, 2.028717, -6.222560
1.165670, 2.162744, -5.596363
2.018657, 1.872711, -6.260367
1.191916, 1.731925, -5.836945
2.111295, 1.939388, -5.629999
0.552883, 2.114234, -5.947548
1.960465, 0.645195, -5.882017
0.856981, 2.030365, -5.866310
1.426476, 0.873062, -5.959981
0.536159, 1.790125, -5.364017
0.600095, 2.019100, -5.929415
1.402135, 1.030397, -6.017595
1.330625, 1.092624, -6.059972
1.750377, 0.603557, -6.007271
1.845709, 0.672841, -6.042574
1.298683, 1.058789, -5.978587
2.068275, 0.685908, -5.790929
1.795085, 1.344210, -6.225901
0.764436, 1.123389, -5.624861
0.564464, 1.654393, -5.440947
1.629164, 0.770769, -6.118575
0.691772, 1.217743, -5.949770
1.776615, 1.287244, -6.254949
1.016868, 1.807045, -5.750412
1.621785, 1.329489, -6.242885
0.991850, 1.909885, -5.913368
0.595438, 1.882149, -5.493826
0.713145, 1.131745, -5.928562
2.079713, 1.545637, -6.080320
1.842101, 1.044793, -6.218174
0.414448, 1.868722, -5.524305
0.974335, 0.846055, -5.886607
0.720695, 0.878201, -5.469109
0.695429, 1.181029, -5.690810
1.855275, 0.851588, -6.296414
1.853511, 0.252895, -5.289540
1.733571, 0.763236, -6.188561
1.068059, 2.305915, -5.871074
1.724845, 1.982358, -6.225000
1.068424, 1.878368, -5.773232
0.860218, 0.591881, -5.571015
1.465053, -0.016340, -5.156542
0.845997, 0.729594, -5.495921
1.142546, 2.277349, -5.601139
0.980025, 1.935900, -6.043362
0.625460, 1.398982, -5.692344
1.596583, 0.804346, -6.165736
1.826180, 2.028443, -6.183228
0.900490, 1.493587, -6.026761
0.834475, 1.611811, -5.989495
1.337503, 1.709310, -6.012006
1.121917, 1.289515, -5.901476
1.215223, 1.820392, -5.787826
1.508308, 0.364609, -5.160077
1.056039, 1.252091, -5.868100
1.662095, 2.180786, -5.772321
0.568379, 2.170599, -5.649276
1.093456, 2.119338, -5.575425
1.639439, 2.093188, -6.264291
1.140244, 1.739903, -5.807159
0.619455, 1.680034, -5.363348
1.056814, 2.104378, -5.782910
0.548450, 1.907395, -5.552231
1.813016, 0.249991, -5.239647
0.267878, 2.133717, -5.397205
0.983591, 1.794988, -5.804038
1.134349, 2.180054, -5.569270
0.355116, 2.210310, -5.819356
0.487154, 2.079499, -5.861999
0.472423, 2.227384, -5.789608
2.251963, 1.726337, -6.228245
1.094990, 2.180644, -5.465171
1.810691, 2.092242, -5.774614
1.089215, 2.088823, -5.487752
0.388311, 1.941494, -6.139166
0.436905, 1.916522, -5.694609
0.373799, 1.929705, -6.091479
0.402690, 1.629493, -6.259101
0.407608, 2.050521, -5.800736
0.547994, 2.016459, -6.131365
0.440438, 2.312074, -6.166831
0.624138, 2.242684, -6.118767
0.953836, -1.443142, -6.159867
1.643551, 0.033688, -5.726746
2.251431, -0.386934, -5.896247
1.793777, -0.625062, -6.274540
1.803736, -0.228107, -5.944248
1.855089, -0.115912, -5.754527
1.861384, 0.021806, -6.022936
2.058834, 0.015865, -6.209151
-0.187569, 1.263287, -5.836456
-0.067290, 1.290846, -5.833858
-0.449810, 1.597619, -6.005795
-0.691608, 1.582493, -6.025412
-0.167902, 1.435969, -6.013352
0.023863, 1.256715, -5.705478
-0.386369, 1.803975, -6.138532
-0.269403, 1.495879, -5.987545
0.801559, -0.151942, -5.556973
0.944720, -0.189727, -5.351675
1.606530, -0.090741, -6.113419
0.707069, -0.648047, -6.237190
0.642043, -0.333107, -5.594622
1.814650, 0.498518, -5.563155
1.416876, 0.422906, -5.656934
1.811390, -0.059681, -5.741436
-0.322281, 1.014941, -5.581021
-0.254542, 1.325634, -5.909101
-1.695286, 2.078639, -5.978053
-0.441212, 2.128330, -5.982147
-1.305675, 1.399484, -6.253165
-0.443256, 1.750754, -6.253720
-0.807795, 1.843635, -6.053123
-0.408091, 1.264806, -5.929878
0.797780, -1.087362, -4.702892
-0.252503, -0.011645, -6.207860
0.323217, -0.350785, -5.898684
0.579627, -0.625300, -5.512362
1.523216, -0.186518, -5.267733
0.360895, -0.411658, -4.830755
0.662175, 0.074787, -5.638625
0.750774, 0.074442, -5.569818
-1.369809, 1.549150, -6.140957
-0.975776, 0.662220, -5.490967
-1.704502, 2.154424, -4.878702
-0.894555, 0.806533, -5.858251
-1.309804, 1.569092, -6.208895
-0.936887, 0.657319, -5.476654
-1.704545, 2.151587, -4.891317
-1.543487, 1.937444, -6.080652
1.709630, -1.508916, -6.215755
1.238400, -0.366856, -6.127593
1.171690, -1.656663, -6.064376
1.107786, -1.500639, -5.717437
0.412040, -0.451571, -6.225000
0.200900, 0.020505, -6.044335
0.370568, -0.564082, -4.967994
-0.219545, -0.190796, -5.133792
-1.498184, 0.933370, -5.799649
-0.648619, 0.735887, -5.795750
-1.342751, 1.702440, -6.134579
-0.627147, 0.807664, -5.640279
-1.488825, 1.004279, -5.991212
-1.325110, 1.060373, -6.185079
-1.706975, 2.151168, -4.967069
-0.571826, 0.775662, -5.531822
0.714927, -1.402835, -5.995672
0.993759, -1.669895, -5.557639
0.675491, -0.783413, -5.725838
0.774740, -0.903686, -6.003520
0.945406, -1.658873, -5.486656
1.237687, -1.723687, -5.835817
1.162134, -1.723539, -5.833082
0.748069, -0.983814, -6.242114
-0.984319, 0.532869, -5.429442
-1.205316, 0.525923, -5.409517
-1.474021, 0.428008, -4.954072
-0.550135, 0.257395, -4.966691
-0.588481, 0.592816, -5.354292
-1.387108, 0.389438, -5.285160
-1.082401, 0.832843, -5.923809
-0.455312, 0.241164, -5.757334
0.062148, -0.913880, -4.870231
0.918990, -1.647559, -6.178794
1.065332, -1.993165, -6.147306
0.699372, -1.446076, -5.246555
0.349548, -0.653834, -5.147345
0.302486, -0.708551, -4.814867
0.456834, -0.666304, -5.004174
0.955818, -1.588169, -5.439604
-1.725126, 2.192735, -5.088318
-1.287270, 0.975023, -6.000221
-1.024431, 1.507133, -6.207064
-0.140199, 0.204599, -5.556707
-1.373694, 1.279127, -6.257713
-1.689051, 0.936852, -5.714433
-0.339366, 1.021137, -5.704518
-0.840226, 0.833602, -5.872505
2.173569, -0.456713, -6.201106
1.518744, -0.181664, -6.109124
1.375492, -0.220889, -6.121090
1.057601, -1.577220, -5.341774
0.483202, 0.390286, -4.432109
1.307177, -1.877659, -5.190384
0.443327, -0.981283, -4.647635
1.281352, -1.625269, -5.266339
-0.188656, 0.460043, -5.368361
-1.062901, 0.473340, -5.351566
-1.105996, 0.190439, -5.480371
-1.118021, 0.182551, -5.466860
-0.762997, 0.252725, -5.574948
0.133896, 0.972189, -5.783689
-1.146134, 0.280818, -5.435764
-1.013647, 0.419988, -5.357853
0.438611, -1.138443, -5.562037
0.125667, -0.886279, -4.639811
0.578135, -1.091618, -5.751705
0.629649, -1.162290, -4.694122
0.163600, -0.569669, -5.076216
-0.003999, -0.654564, -4.962676
0.575531, -0.931170, -4.627264
0.572212, -0.386010, -4.304075
-1.963438, 0.261048, -5.101853
-0.390337, 0.146699, -5.176849
-1.084803, 0.451946, -5.389743
-1.254126, 0.190318, -5.781551
-0.177643, 0.265932, -4.893360
-0.264683, 0.093759, -4.835422
0.474956, 1.548367, -5.263964
0.338460, 1.031571, -5.227918
1.103981, 0.179361, -4.852652
0.028420, -0.059186, -5.370917
0.694216, -0.025668, -5.588296
0.392830, -0.491020, -4.691405
1.161078, -0.626306, -6.257572
0.410449, -0.400559, -5.173581
0.547863, -0.448960, -5.654827
0.797759, 0.084049, -5.743111
0.236853, 1.046564, -4.945141
0.112210, 0.781694, -4.933395
0.204244, 0.670803, -4.975782
0.341078, 0.962288, -4.991868
0.062034, 0.833023, -4.816109
-0.173130, 0.343537, -4.984574
0.217208, 0.790209, -5.292130
0.541360, 1.720015, -5.298077
1.167305, -1.413730, -6.268106
0.701596, -0.533360, -5.814109
0.791125, -0.484242, -6.270204
1.048481, -0.069050, -6.026105
1.002700, -1.030624, -6.220854
1.224089, -0.360414, -6.208953
1.521381, -1.259532, -6.244031
0.809971, -0.324957, -5.950517
-0.316145, 0.638161, -6.026367
-0.193124, 0.893336, -5.759991
0.006211, 1.173505, -5.890882
-0.121261, 1.456146, -6.044980
0.449001, 1.957467, -5.232197
-0.352761, 0.956797, -6.118124
-0.162899, 1.552400, -6.158179
-0.607586, 2.074094, -6.022161
0.250851, 1.107272, -5.874456
0.271192, 2.170706, -5.293340
0.355850, 2.020437, -5.760505
0.343924, 1.917910, -5.397122
0.647509, 1.852546, -6.150687
0.545484, 1.873902, -4.983647
0.263697, 2.267358, -5.973464
0.418138, 2.262804, -5.783609
0.345748, 1.695217, -5.031348
0.710608, 1.049710, -6.174326
0.672475, 1.941691, -5.298884
0.538473, 2.148805, -5.549964
0.720025, 1.044549, -6.017653
1.160332, 0.920130, -5.846803
0.796288, 1.616089, -5.893547
1.475448, 0.834870, -5.914930
0.748103, 0.603922, -5.152952
0.317108, 0.394494, -4.685799
0.440169, 0.712773, -5.024183
0.870557, 0.522207, -5.366817
0.353103, 0.259267, -4.585882
0.314481, 0.153493, -4.633132
0.011634, 1.275331, -4.951155
0.269987, 0.823795, -4.823245
0.322365, 0.721383, -4.816859
0.753872, 0.761846, -5.254676
1.192587, 0.533566, -5.279180
-0.076510, 0.906801, -4.714240
0.301218, 0.296411, -4.719465
0.310161, 0.675585, -4.759356
1.151285, 0.462629, -5.171925
0.402315, 0.752490, -5.046117
-0.037794, 1.270080, -4.944995
0.621685, 0.528605, -4.930613
2.207927, 1.643640, -6.186011
1.177105, 0.585781, -5.523790
0.829797, 1.002676, -5.690142
1.766822, 1.140152, -6.236916
1.977721, 0.776303, -6.249451
1.092119, 0.652111, -5.891947
0.859235, 0.939179, -5.789845
1.519438, 1.990470, -5.688805
1.307367, 0.643009, -5.729022
1.289882, 2.098883, -5.559309
0.660815, 1.590482, -5.778788
0.702410, 1.402532, -5.861161
0.767349, 1.851472, -5.893259
0.372634, 1.616743, -5.429615
0.824674, 1.531031, -5.808327
1.837338, 0.222055, -5.516018
1.863153, 0.744399, -6.272614
0.951163, 1.503006, -5.873833
1.647130, 2.036814, -5.729410
0.893217, 1.605303, -6.036042
0.659311, 2.086486, -5.970223
0.586272, 1.921567, -5.393045
0.513214, 0.319392, -4.831767
1.457872, 1.408264, -6.251677
1.015657, 0.059812, -5.064397
1.197935, 0.255016, -5.050304
0.832065, 0.573120, -5.436405
0.927993, 0.604970, -5.475008
1.699337, 0.538775, -5.506083
1.916177, 0.122705, -5.437792
0.699476, 2.278856, -6.236664
0.478159, 1.332803, -5.666896
-0.058742, -0.112011, -5.050623
-0.010527, -0.199211, -6.083776
0.407161, -0.103181, -4.728333
0.088342, 1.627193, -5.093111
-0.071103, 2.025734, -5.397981
0.845832, 1.840901, -6.270581
1.403169, 1.476029, -6.167673
0.794594, 2.194125, -6.179184
0.344913, -0.193656, -4.669901
0.686707, -0.041484, -5.088689
0.638575, 0.401339, -5.309865
0.143339, -0.170880, -4.977056
0.517045, 0.720717, -5.128554
1.096065, 2.241770, -5.975147
0.314091, 0.332706, -5.418623
0.513787, 0.516419, -4.860376
0.454742, 0.535526, -4.994586
0.670900, 1.228360, -6.209214
-0.365340, 0.024346, -4.819935
-0.554770, -0.356937, -4.171373
0.386918, 0.299668, -5.032282
0.493915, 0.622738, -5.631780
0.351798, 0.514156, -5.154411
-0.313831, 0.719075, -4.804504
0.070406, 1.027117, -6.271703
-0.194621, 0.722245, -4.711511
0.443617, 1.293935, -5.588756
0.076563, -0.066571, -4.994927
0.764959, 1.621000, -6.083371
0.307638, 0.085776, -5.006113
2.107750, -1.600268, -5.385885
1.895396, -1.516931, -5.353373
1.603665, -1.040691, -6.151373
1.774198, -0.908970, -6.157358
1.942115, -1.623468, -4.990847
1.387833, -1.589793, -6.227758
1.834849, -1.032494, -6.281909
1.767850, -0.445685, -6.170631
0.361684, -0.287291, -5.370652
-0.489236, 0.622101, -5.592622
-0.784662, 0.241355, -5.996871
-0.644881, 0.283133, -4.845567
-0.612678, 0.455087, -5.846297
0.307405, -0.492813, -3.698876
-0.632588, 0.458301, -6.006541
-0.652918, 0.496444, -6.105051
1.287982, -0.091664, -5.110109
0.361189, -1.356444, -5.918734
-0.071235, -0.774760, -4.916762
0.690352, 0.121839, -4.569659
1.618944, 0.296981, -5.727661
0.647370, -0.335205, -5.479769
0.704073, -0.195377, -5.636697
0.873790, -0.160063, -5.852159
0.308793, -0.814233, -4.393023
-0.145626, 0.048351, -4.653185
-0.378251, -0.091649, -4.770386
-0.341424, 0.645040, -6.014576
-0.367019, -0.012633, -5.302375
-0.208897, 0.288198, -4.767603
-0.582664, 0.162020, -4.846235
-0.163557, 0.116787, -4.684048
0.953232, 0.032871, -5.185575
0.435235, -0.169553, -4.937296
1.171761, 0.302451, -5.311178
2.149973, -0.227065, -6.201547
0.552781, -0.242956, -4.584547
0.785582, 0.097759, -6.108339
0.409400, -1.163876, -5.928731
0.564815, -0.343195, -4.963589
0.043144, 0.413487, -5.127637
-0.330176, 0.336681, -4.971898
-0.186014, 0.804179, -5.471169
0.321196, 0.922619, -5.697142
-0.018658, 0.878250, -5.588272
-1.321958, 1.206965, -5.726042
0.084668, 0.656515, -4.927341
-1.655857, 0.357105, -5.648986
1.399572, 0.130038, -5.247496
1.320961, 0.115746, -5.257857
0.514138, -0.631936, -5.277458
0.566012, -0.707848, -5.698542
0.802527, -0.108613, -4.945821
0.360356, -0.178722, -4.959965
0.112832, 0.160731, -4.025662
0.500698, -0.435214, -5.119482
-0.448445, 0.983747, -5.860107
-1.105324, 0.716148, -5.928817
-0.623961, 0.478249, -5.377115
-0.945381, 0.740629, -5.539308
0.159775, 0.386468, -5.216683
-1.147836, 0.163859, -5.357451
-0.437596, 0.446064, -5.417318
0.347464, 0.737465, -5.223608
0.956985, -1.933781, -5.460730
0.593972, -1.945379, -5.317780
0.671820, -1.236624, -5.533318
0.936961, -1.656204, -6.007749
1.129220, -1.610250, -5.495759
0.274990, -1.694572, -4.858430
0.245834, -0.773601, -5.158065
0.662763, -1.012471, -5.615052
-1.290841, 1.227588, -6.186564
-0.500804, 1.834283, -6.069499
-1.794071, 2.206572, -4.949469
-1.131063, 0.701124, -5.564157
-1.625422, 0.794232, -5.923745
-1.061428, 0.703921, -5.910831
-0.712938, 0.556303, -5.372362
-0.848666, 0.678458, -5.503326
1.390904, -1.759227, -5.941455
1.107047, -1.998870, -6.186041
1.253728, -1.790500, -5.331597
1.671232, -1.634660, -6.100034
1.700337, -1.609643, -5.751230
1.156498, -1.569074, -5.996585
0.775064, -0.302819, -5.825778
1.279681, -1.887554, -5.400023
-0.676071, 0.938644, -5.867174
-1.032068, 1.077958, -6.224660
-1.502725, 1.875200, -6.224564
-1.709418, 2.018332, -5.637288
0.261478, 0.959336, -5.367066
-0.006481, 1.088668, -5.525910
-0.378487, 0.213357, -5.461798
-0.664887, 0.141044, -5.478823
1.197971, -0.397379, -6.156092
1.385554, -0.696906, -6.154643
1.124355, -0.562278, -6.146874
1.054904, 0.367714, -5.874793
0.580718, -0.981843, -5.374887
0.639049, -0.771211, -5.657663
0.904748, 0.314387, -6.032328
0.593843, -0.896050, -5.465922
-1.331934, 0.560673, -5.332520
-0.261346, 1.138028, -5.877975
-1.127466, 0.184025, -5.507140
-0.831899, 0.244404, -5.460375
-1.314197, 0.611076, -5.583814
-0.425400, 0.834529, -5.789094
0.324633, 0.924815, -5.233068
0.146908, 0.348486, -5.034174
1.243679, -0.440168, -6.240040
1.536854, 0.088909, -5.978080
0.916513, -0.203903, -5.898092
0.342400, -0.669431, -4.989720
0.786960, -0.352882, -5.809583
1.537567, 0.100835, -5.971723
0.737740, -0.125891, -5.493042
0.546714, -0.742631, -5.334706
-0.599185, 0.998889, -6.014423
0.367408, 1.296451, -5.292568
0.253000, 0.306274, -5.210441
0.151454, 0.783812, -5.774127
0.136798, 1.035926, -5.710200
-0.050798, 1.194495, -6.025387
0.236296, 0.859766, -5.366034
-0.291786, 0.617837, -5.707762
0.824964, -1.359017, -6.010817
1.139896, -0.659993, -6.203032
0.530087, -0.849015, -5.334438
0.924284, -0.826081, -6.146358
0.657307, -0.408108, -5.690077
0.836799, -1.324711, -5.557645
1.339216, -0.047385, -6.150301
0.609535, -0.383097, -5.577191
0.768665, 1.998190, -5.146531
0.282907, 1.669195, -5.828301
0.383507, 1.380100, -5.086704
0.766713, 1.984836, -5.214416
-1.144534, 1.815349, -6.175754
-0.565052, 1.995098, -6.206778
0.672613, 1.628966, -5.013219
0.266164, 1.206799, -5.334896
1.486685, -0.449975, -6.199766
1.368484, -0.046690, -6.160400
1.609275, -1.468332, -5.691233
1.880556, -1.529662, -5.488958
1.818437, -1.588286, -5.291353
1.646963, -1.586438, -5.686912
1.745472, -1.969365, -5.770361
2.053074, -1.616775, -4.904612
-1.623568, 1.250126, -6.044258
-1.228361, 2.013377, -6.208234
-0.258739, -0.081868, -4.442989
-0.332912, -0.034069, -5.551084
-0.588095, 0.953423, -6.155470
-0.756145, 2.183205, -6.124312
-0.157954, 0.035058, -5.775636
-0.620415, 1.516105, -6.165478
-0.210151, -0.489584, -4.244565
0.411581, 1.178845, -5.433777
0.075240, 1.659837, -4.991096
-0.222279, -0.138453, -4.852855
0.348240, 0.238747, -5.193611
-0.044427, 0.008495, -5.611601
0.086771, 0.352791, -4.534702
-0.078697, -0.186046, -3.847523
0.536599, 1.027633, -6.027801
0.558187, 1.007463, -5.858795
0.374985, 0.363359, -5.328464
-0.014754, -0.101007, -5.513339
0.579408, 1.398996, -5.737832
1.189677, 2.205432, -6.173354
-0.166141, 0.024593, -5.746222
-0.302595, -0.314782, -4.844845
1.159412, 2.216126, -5.787008
1.855545, 2.061774, -6.186740
1.255260, 2.258425, -6.195006
1.165013, 1.174808, -5.885794
1.291309, 1.826887, -6.105195
1.095206, 0.593180, -5.329822
2.222512, 1.775891, -6.098723
1.045393, 1.207579, -6.004608
0.457027, 1.471313, -5.341859
0.581776, 0.980940, -5.422262
0.682328, 1.739559, -5.688881
0.567326, 0.281549, -5.020194
0.341698, 0.250631, -5.770714
0.633262, 0.067329, -5.190670
0.059248, 0.176693, -5.640982
0.136228, -0.103477, -5.042991
0.281013, 0.130171, -5.535112
-0.028388, 0.105984, -5.924404
0.742373, -0.014345, -5.083183
1.008698, 0.536199, -5.390587
1.851801, 2.310149, -5.937316
1.299966, 0.120550, -4.945046
0.911506, 0.006061, -4.975319
1.647016, 2.103497, -5.676208
1.158918, 1.729406, -5.783750
1.886760, 1.042353, -6.166604
1.028367, 1.621274, -5.909133
1.048477, 2.127790, -5.746846
1.283159, 1.068086, -5.923136
1.448025, 0.512618, -5.211062
1.621692, 2.277399, -6.027938
0.684084, 1.424448, -5.737312
1.385009, 0.986087, -5.949904
1.877952, 1.629522, -6.228947
1.731120, 0.498960, -5.313890
1.312482, 0.931362, -5.904994
1.803136, 0.837299, -6.097419
1.468905, 0.954807, -6.053092
1.705044, 1.396535, -6.171535
2.250772, 2.142851, -6.161616
0.868732, 0.893556, -6.088572
1.173967, 0.708707, -5.398048
0.873224, 0.738164, -5.798333
1.058141, 0.314729, -5.039328
1.217881, 1.802232, -6.024851
1.441329, 0.561869, -6.056371
1.292088, 1.996421, -6.048174
1.659438, 2.022670, -6.171388
1.103704, 0.742145, -6.125912
0.056767, 0.217376, -5.799391
-0.486347, -0.292678, -4.200980
-0.174086, -0.068618, -5.199589
1.388371, 0.770096, -5.802531
0.876294, 0.879987, -6.162517
-0.700916, -0.017954, -4.882332
0.547906, 0.398662, -5.266977
1.686593, 1.017763, -6.190515
0.929184, 0.631547, -5.910670
1.502696, 1.555590, -6.199558
1.235531, 1.482432, -6.145199
0.667228, 0.677282, -5.780140
1.331975, 2.013442, -6.220111
1.059240, 0.931096, -5.981531
1.343308, 1.613211, -6.189553
0.690585, 0.995206, -6.104677
0.760773, 0.975109, -6.012096
0.722471, 1.385873, -6.084962
0.482328, 0.342384, -4.981273
1.198851, 0.792887, -6.037515
0.891336, 0.687022, -5.877865
1.316146, 1.681154, -6.270395
0.769178, 0.998713, -6.146903
0.300288, 0.528029, -5.995511
0.194868, 0.333067, -5.597171
0.226816, 0.873123, -5.898271
0.303982, 0.966286, -5.285162
0.610631, 0.885037, -5.912886
0.288901, 0.251841, -5.494197
0.339406, 0.531957, -5.238005
0.441420, 1.147476, -6.162801
1.717409, -1.571186, -5.403050
2.028733, -1.029159, -5.656665
1.245445, -0.774278, -6.218248
1.138240, -1.571737, -5.782658
1.279699, -0.400807, -6.211690
0.751772, -0.180967, -5.964795
1.801772, -1.532568, -5.427930
1.457626, -0.039187, -6.175667
-1.263861, 0.675934, -5.469604
-1.002508, 0.674923, -5.703544
-1.587972, 1.215245, -6.207785
-1.207229, 1.333262, -6.172662
-0.924589, 0.809440, -6.210486
-1.048575, 0.594280, -6.122341
-1.334397, 1.265792, -6.179316
-1.021357, 1.074950, -6.098540
1.898399, -1.227519, -6.025071
1.898581, -1.219337, -6.049793
1.623381, -1.485221, -6.232933
0.864973, -0.612655, -6.236540
1.834600, -1.221373, -5.978566
1.890452, -0.435848, -6.088052
2.153469, -1.424332, -6.019295
1.620455, -0.594636, -6.249802
-0.694422, 0.508677, -5.571160
-0.634680, 0.091184, -5.559504
-0.371219, 0.364993, -5.282860
-0.407103, 0.410337, -5.225281
-0.431251, 0.509652, -5.150637
-1.099366, 0.682063, -5.825832
-0.840910, 0.877272, -6.230145
-0.397702, 0.494706, -5.259758
1.239918, -0.909350, -6.200958
1.061635, -1.474712, -6.204474
0.641460, -0.943018, -5.693684
1.074987, -0.819737, -6.183486
1.856773, -1.564896, -5.704223
1.232175, -1.227180, -6.249927
1.166495, -1.356252, -6.274822
1.222778, -0.822622, -6.208876
-1.491863, 0.871697, -5.536050
-1.977240, 1.222442, -6.014191
-1.906394, 1.249865, -6.238992
-0.831200, 0.986985, -6.185949
-1.891191, 0.936891, -6.264759
-0.664824, 0.740175, -5.656995
0.205186, 0.828742, -5.345651
-0.369912, 0.796499, -5.524395
1.338601, -0.894387, -6.197864
0.616295, -0.814629, -5.657079
1.775333, -1.281225, -5.910592
0.679160, -0.779212, -5.821929
1.219384, -1.042444, -6.199275
1.442489, -0.526872, -6.245371
1.658467, -1.278602, -6.252886
1.343248, 0.004922, -6.033528
-1.342771, 1.329090, -5.792458
-1.827136, 0.651344, -5.774438
-1.857086, 0.759465, -5.905988
-1.716682, 0.983313, -5.967962
-1.777056, 2.040862, -6.049385
-1.000897, 1.283546, -5.653115
-1.763493, 0.851912, -5.762321
-1.300552, 1.280653, -5.728521
2.268572, -1.585299, -6.221364
2.195571, -1.787739, -6.194961
1.602408, -1.650877, -5.998973
1.350183, -1.907116, -5.304300
1.941069, -1.798208, -6.148029
1.356359, -1.571484, -5.811491
1.493036, -1.753166, -5.859681
1.893728, -1.500242, -6.231541
-1.378507, 0.605160, -5.326303
-1.961415, 2.041072, -6.184678
-0.664858, 0.484004, -5.296512
-0.886071, 1.712383, -6.106369
-1.819938, 1.589510, -5.762973
-1.634942, 0.748099, -5.961483
-1.175960, 1.384466, -5.703457
-1.635604, 1.051648, -6.200589
0.513901, 0.098754, -6.291668
0.191417, -0.304353, -6.269004
0.050006, 0.527910, -6.224602
-0.087806, 0.607229, -6.057355
0.581010, 0.212980, -5.752842
0.531554, 0.192090, -6.056175
0.062697, 0.520914, -6.224895
0.103471, 0.558749, -6.250666
0.864511, 0.350738, -6.281181
0.510128, -0.181537, -5.283044
0.868411, 0.621876, -5.884972
0.787317, 0.305956, -5.958421
1.214772, 0.307058, -6.053867
0.899507, 0.338412, -5.941548
1.386927, 0.550325, -5.822149
0.552770, 0.167801, -5.632934
1.001487, 0.110992, -5.327141
1.020748, 0.404817, -6.212546
0.861517, 0.319561, -5.547048
0.546920, 0.585768, -4.541247
0.628220, 0.709700, -4.528328
0.512361, -0.571369, -4.561124
1.906307, 0.053091, -4.908006
0.310452, 0.129609, -5.859879
2.249218, 0.745636, -6.126559
-0.091304, -0.213840, -6.025407
0.374708, 0.237739, -5.575394
0.292158, -0.274131, -4.398708
1.225747, 0.249886, -5.527277
0.608812, 0.390060, -5.859787
0.933105, 0.600918, -5.781450
1.589480, 0.299646, -4.727563
1.033234, 0.412465, -5.328459
1.598977, 0.185762, -5.309467
1.521366, 0.740862, -6.195831
1.755438, -0.098356, -5.221424
1.682002, 0.729255, -6.172859
1.769364, 0.416196, -5.610590
2.044967, 0.144675, -5.759749
2.300682, 0.473470, -6.129828
2.204482, 0.096642, -6.001718
1.912360, -0.005242, -5.850471
2.078266, 0.966336, -6.270823
1.911208, 1.734451, -6.182756
1.916293, 0.626518, -5.594714
1.865862, 0.632516, -5.505793
2.003624, 0.921470, -6.234395
2.182853, 1.850175, -6.194582
-0.345947, -0.349213, -5.605560
-0.390704, -0.286843, -6.203056
-0.416769, -0.237563, -6.000795
-0.591677, -0.089298, -5.455694
-0.078163, -0.659093, -5.987202
-0.070581, -0.588817, -6.201275
0.045715, -0.374954, -6.285972
0.145064, -0.340305, -6.101690
-0.823917, 0.136076, -5.129339
-0.946260, 0.018327, -5.772471
-1.150578, 0.180207, -5.936692
-0.533640, 0.009871, -4.567438
-0.917043, 0.079848, -5.466819
-0.846852, -0.025181, -5.478089
-1.021891, 0.230683, -5.416879
-0.905233, -0.011390, -5.922307
-0.615675, -0.291525, -5.110703
-0.326984, -0.286676, -4.906557
-0.522100, 0.156552, -4.486066
-0.486006, -0.315411, -4.348096
-0.574742, -0.218428, -4.605132
-1.385894, 0.241964, -5.851058
-0.899045, 0.215318, -5.385438
-0.920993, 0.305265, -5.193280
-1.162124, -0.118137, -5.019025
-1.181747, -0.077579, -5.023187
-1.652851, 0.286480, -6.250021
-0.860154, 0.215574, -4.905086
-0.930911, -0.011281, -6.166861
-0.562501, -0.263056, -4.590216
-0.801718, 0.261388, -4.957204
-0.979729, 0.322385, -5.063146
-1.237248, 0.145837, -5.766117
-1.109595, 0.132118, -5.838969
-1.897605, 0.304589, -5.483007
-1.402364, 0.249740, -6.116029
-1.176711, 0.317796, -6.193993
-1.784093, -0.098966, -5.074983
-1.637505, 0.390905, -5.816297
-1.454583, 0.437352, -5.927843
-1.292853, 0.379186, -6.252518
-1.339810, 0.343859, -5.995375
-1.547523, 0.801001, -5.898964
-1.891919, -0.710175, -6.166358
-1.312568, 0.049457, -5.060708
-1.008330, 0.148743, -5.808125
-0.898517, 0.101241, -5.896258
-0.940172, 0.038143, -4.842422
-1.699427, -1.451273, -5.822237
-0.182451, -0.887096, -5.680352
-1.667158, -1.791908, -5.610204
-0.573586, -0.377352, -5.272753
-0.383475, -1.493436, -6.204118
-0.777367, -0.272536, -5.497619
0.020858, -1.887894, -6.270738
-1.943538, -0.022161, -4.901204
0.101099, -1.195723, -6.009892
-1.167213, -0.004935, -5.463948
-1.652219, -1.048474, -6.279678
-1.743741, -0.532981, -6.142983
-1.763948, -0.110939, -5.886359
-1.902531, -0.163003, -5.813891
-1.763437, 0.333567, -5.912029
-1.595204, -0.151950, -5.895765
-1.603616, -0.115784, -5.858111
-1.777511, -0.049679, -6.046480
-1.243476, -0.217891, -6.108948
-1.050828, 0.029271, -6.234097
-0.040355, -0.591166, -4.707455
-0.273293, -0.225565, -5.325414
-1.193846, -0.144523, -6.071972
-0.921277, -0.286008, -6.210504
-0.984801, -0.419171, -5.722799
-1.109214, -0.641768, -6.158885
0.091896, -0.364368, -4.102281
-0.265738, -0.519615, -4.599039
-0.748204, -0.277976, -5.675032
-1.358955, -0.525802, -6.174377
-0.128080, -0.355896, -4.888114
-0.669025, -0.093547, -4.732398
-1.309747, -0.250093, -6.129609
-1.567528, -1.035651, -6.231001
-0.765529, -0.087247, -5.685276
-0.887876, -0.041631, -5.364802
-0.456183, -0.445783, -6.096960
-0.238530, -0.517913, -5.548892
-0.440037, -0.477109, -6.193749
-0.792781, -0.194372, -6.091196
0.167527, -0.986103, -5.799376
-0.061089, -0.376583, -5.387885
0.042310, -0.760856, -5.592318
-0.121051, -0.418516, -6.187496
0.254076, -1.020502, -5.899470
-0.179177, -1.030585, -4.888269
0.262095, -1.001691, -5.837543
-0.130901, -0.544130, -5.078639
-0.074005, -0.763323, -4.597728
-0.195806, -0.701573, -4.578348
0.238345, -0.226531, -5.836009
0.011744, -0.727714, -4.435341
-0.075442, -0.422774, -4.057428
0.445471, -1.647134, -4.633484
0.209588, -1.335321, -5.060189
0.259758, -1.227944, -5.242383
-0.283129, -0.435030, -4.871530
-0.495842, -0.522739, -4.896703
-1.664708, -1.514794, -6.207274
-1.097831, -0.550634, -6.139882
-0.206279, -0.635654, -5.149832
-0.071481, -0.734534, -4.670491
-0.075344, -0.512233, -6.211476
-1.369273, -0.732916, -6.207345
-0.682362, -0.463582, -5.919294
-1.634513, -0.354870, -5.772338
-1.172581, -0.257065, -5.683637
-1.250297, -0.396430, -5.836260
-1.650127, -0.443286, -5.961545
0.000152, -0.245122, -4.235917
-0.820608, -0.283115, -5.507324
-1.410890, -0.514176, -6.144167
-1.536762, -0.420583, -5.862233
-1.420108, -0.385868, -6.000622
-0.037996, -1.413094, -5.135454
-0.371641, -0.274237, -4.338179
-1.985200, -0.600641, -5.968578
-0.384106, -0.351408, -4.459350
0.004903, -0.424626, -4.265342
-0.673300, -0.236269, -4.999594
0.000412, -0.919045, -5.429930
-1.035090, -0.792859, -6.248139
-0.339378, -0.706417, -5.491049
0.222168, -1.341758, -5.853745
0.288504, -1.941685, -5.656864
-0.447502, -0.344790, -5.245995
-0.648649, -0.793122, -5.906896
0.196296, -1.538032, -6.032345
-0.937679, -1.172314, -6.168826
-1.475021, -1.436789, -5.948173
-0.916469, -0.883900, -6.132777
-1.230125, -0.866939, -6.187353
-0.119316, -0.947500, -5.583385
-0.659016, -0.323435, -5.276698
0.097432, -1.149692, -5.481333
-1.951463, -0.969103, -5.989138
-0.978631, -0.306394, -6.070339
-0.435544, -1.353034, -5.916449
-0.835573, -0.443091, -6.133743
-0.798756, -0.578075, -6.174551
-0.765294, -0.525317, -6.111264
-1.334716, -0.272176, -5.898670
-0.232881, -0.910749, -5.876884
-0.274538, -0.774105, -5.680460
-0.942244, -0.325113, -5.976847
-0.315699, -0.767385, -5.769362
-0.614689, -0.774781, -6.002503
-1.067850, -0.714759, -6.251554
0.176158, -1.223726, -5.571057
0.162732, -1.293910, -5.406675
0.277143, -1.597894, -5.360077
-1.949391, -0.974259, -6.204485
-1.795627, -0.396287, -5.604550
-0.035163, -1.385350, -5.139563
0.289506, -1.720618, -5.704497
-0.739619, -0.265429, -5.448783
-0.376833, -0.760036, -5.692778
-1.600557, -0.411012, -5.968887
-1.914066, 0.096561, -5.719024
-1.322627, -0.399671, -6.032431
-1.974269, 0.135911, -5.885808
-1.956698, -0.157153, -5.753633
-0.315358, -1.099632, -4.948067
-1.242785, 0.111833, -5.032017
-1.987641, 0.317183, -5.336481
-1.100677, -0.010996, -5.836458
0.073794, -0.865504, -4.674144
-1.214760, -1.000305, -6.192900
-0.058364, -1.452979, -4.922185
-0.252447, -0.814515, -6.195685
-0.442930, -0.493583, -5.813385
-1.189335, -0.725583, -6.171637
-0.204301, -0.522240, -5.918856
-0.380012, -0.836255, -6.040899
-0.117836, -0.534270, -5.685480
-0.047970, -0.333847, -5.531343
0.138572, -0.682363, -5.619352
0.411849, -1.053015, -5.253987
-0.064364, -0.805597, -5.205982
-0.017557, -0.835768, -5.392865
0.557276, -1.642096, -5.695571
0.364314, -1.306614, -6.027054
0.541018, -1.733730, -5.376330
0.433242, -1.006806, -6.031038
-0.399738, -0.926648, -5.991694
0.124803, -1.324998, -5.672791
-0.322857, -1.176559, -5.955770
0.030482, -0.815428, -6.155472
0.028999, -1.210258, -5.728079
0.639904, -1.712459, -5.769637
-0.118795, -1.045519, -6.205546
0.372117, -1.294699, -5.895090
-0.546300, -0.726894, -6.061315
-1.962001, -1.571468, -6.202714
0.153329, -1.288410, -5.886812
-0.578863, -1.400410, -6.212756
-0.600505, -0.700888, -6.117157
-0.376068, -1.155649, -6.107198
-0.023695, -0.980370, -6.233269
-0.151016, -0.924941, -6.136984
-1.667281, -0.152211, -5.615159
-1.948032, 0.243560, -6.009100
-1.783959, 0.227756, -5.494349
-1.829544, 0.273902, -5.559018
-0.816332, -0.369329, -5.576652
-1.862886, 0.159153, -5.269989
-1.021835, -0.213100, -5.491159
-0.281547, -0.896214, -6.014882
-0.531613, -1.430703, -5.922523
0.004266, -1.058394, -5.575058
-1.967266, -0.923288, -5.656712
-0.414375, -0.645158, -5.502903
-0.176171, -0.876544, -5.554112
-0.640174, -0.566260, -5.880528
-1.145825, -0.253005, -5.732023
-1.597540, -0.358657, -5.573077
-0.599933, -0.978693, -6.033453
-0.890046, -0.974985, -6.006403
-1.567301, -0.656001, -6.193151
-1.216673, -0.748065, -6.270926
-1.625804, -0.222736, -5.707822
-1.085451, -0.278940, -5.694256
-0.755368, -0.371305, -5.659193
0.388994, -1.630205, -5.752907
-1.157549, -0.326137, -5.957987
-0.321177, -1.099825, -5.895021
-0.391340, -0.898490, -6.081115
-0.265705, -1.421952, -5.914208
-0.447636, -0.702239, -6.068505
-0.664565, -0.567951, -5.979145
-1.369778, -0.270426, -5.768200
-1.351400, -0.270995, -5.837634
-0.959849, 0.037932, -5.207853
-0.326815, -0.507412, -5.394678
-0.280485, -0.788378, -5.078390
-1.266709, -0.282429, -5.723655
-1.081913, -0.667759, -5.989730
-0.711834, -0.958588, -6.113558
-0.751267, -0.784037, -6.112192
-0.595182, -0.653652, -6.107345
-1.772457, -0.912595, -6.058959
-0.960151, -0.586841, -6.173735
-1.437162, -0.725655, -6.005945
-0.986279, -0.797323, -6.151124
-0.404478, -1.359089, -5.857309
-0.165244, -1.137357, -5.875001
-1.362842, -1.075995, -5.996538
-1.581348, -1.018233, -5.970436
-0.414380, -1.110424, -5.886650
-0.242634, -1.378959, -6.066668
-1.576881, -1.764953, -5.351335
-0.217958, -1.356444, -5.885375
-0.132601, -1.458864, -5.832983
0.367468, -1.976518, -5.778407
-0.471110, -0.528530, -6.067285
-0.728416, -0.408584, -5.560177
-1.442085, -1.623288, -5.379919
-1.686683, -1.954945, -5.084348
-1.424567, -0.265377, -5.751067
-1.246853, -0.262628, -5.803453
-1.741343, -1.952303, -4.737863
-0.638519, -0.535006, -5.706233
-0.642409, -0.463301, -5.785185
-0.963333, -1.142746, -6.263422
-1.598071, -1.347448, -5.927311
-1.168486, -1.204996, -6.004586
0.263791, -1.392897, -5.502893
-0.646772, -1.232275, -6.174209
-1.002651, -1.452387, -6.000564
0.383923, -1.382573, -6.216721
0.332704, -1.070846, -5.626912
0.094434, -0.777228, -6.181721
-0.257118, -1.243818, -6.137660
-0.044810, -0.971884, -5.913702
-0.127177, -1.133092, -5.757399
0.325508, -1.748949, -6.024464
0.354909, -1.354854, -5.919808
-0.040817, -1.223326, -6.197713
0.116670, -1.516634, -5.977658
0.282317, -1.305208, -5.809221
-0.966071, 0.224117, -5.688661
-0.058707, -0.047291, -3.969070
-0.942240, 0.409977, -4.935147
-0.925345, 0.471519, -4.920375
-1.142750, 0.062442, -5.736043
-0.643937, -0.240050, -4.634728
-0.811681, 0.265465, -4.646356
-0.884562, 0.459259, -5.056034
-1.102675, -0.233706, -6.228794
-0.996009, 0.135388, -6.082539
-1.189330, 0.204472, -5.742047
-1.211324, 0.329452, -6.020329
-0.522943, -0.213886, -4.669740
-0.320248, -0.417760, -4.476833
-0.476076, -0.258756, -4.575632
-0.487211, -0.056885, -4.480313
-1.272978, 0.293591, -6.236647
-1.613703, -0.045490, -5.164140
-0.712996, 0.221368, -4.622439
-0.771344, 0.377714, -4.930930
-1.034556, 0.002941, -6.126714
-1.977047, 0.198957, -4.936350
-1.077138, 0.179701, -5.087401
-0.781484, 0.107642, -5.380857
-1.984190, -1.921992, -6.102415
-1.126922, 0.195004, -6.227526
-1.779109, -0.074146, -6.192381
-1.917208, 0.547189, -5.767526
-0.978210, -0.004524, -6.223190
-1.310642, -0.148780, -5.965667
-0.886872, 0.176060, -5.183381
-1.968974, 0.290652, -5.148161
-1.364334, -0.963096, -6.160266
0.108809, -1.441052, -6.135945
-1.573603, -1.791053, -6.259830
-1.539348, -0.632978, -6.144391
-1.304401, -0.071330, -5.487642
-1.994115, 0.427617, -5.608081
-0.823194, -0.057407, -4.785438
-1.061077, -0.058208, -5.599124
-1.838714, 0.431845, -6.197130
-1.461890, -0.174505, -5.704236
-1.380023, 0.017133, -5.070724
-1.755624, -0.075273, -5.242424
-1.986966, 0.257334, -5.837314
-1.317138, -0.165089, -6.223682
-1.225160, -0.126731, -5.245865
-1.224489, -0.009259, -5.134943
-1.286508, 0.059178, -5.053802
-1.168945, -0.111450, -5.413953
-1.239653, -0.073181, -5.351249
-1.079342, -0.207562, -6.226822
-0.218321, -0.237268, -5.225392
-0.042783, -0.536530, -4.946210
-0.814192, 0.081447, -5.528872
-0.079982, 0.482713, -3.582722
-0.645900, -0.382359, -4.961258
-0.654521, -0.217516, -5.564902
-0.075185, -0.065849, -4.534479
-0.394955, -0.375714, -4.755461
-1.580326, -1.078560, -6.215507
-1.330685, -0.417901, -6.171104
0.189651, 0.419022, -3.598040
-1.132867, -0.184795, -6.135090
-0.849481, -0.166762, -5.426386
-0.990823, -0.601839, -6.139422
-0.802334, -0.121346, -4.840103
-0.745961, -0.164209, -5.951978
0.004056, -0.386328, -4.995118
-0.077534, -0.429358, -5.544379
-0.368376, -0.430529, -4.924778
0.299510, -0.199431, -4.362152
-0.179694, -0.767756, -5.202941
-0.057638, -1.087876, -4.898188
-0.315492, -0.367418, -6.213915
-0.423240, -0.349524, -5.969914
0.309350, -0.900278, -5.508184
-0.112853, -0.979239, -5.050314
-0.021826, -0.626107, -6.200300
-0.033475, -0.528383, -5.342971
0.299424, -0.684061, -4.387182
0.102658, -0.538321, -5.036004
0.648230, -1.668182, -5.619679
0.317651, -1.133941, -5.390881
0.258746, -0.384292, -4.909817
0.071395, -0.327667, -4.031045
0.451237, -1.455497, -5.583124
0.345613, -1.197470, -5.421069
-0.176805, -0.690256, -6.076549
-1.118875, -0.793047, -6.197149
-1.299929, -0.928188, -6.187385
-1.141822, -1.007221, -6.172974
0.030995, -0.756982, -4.542400
-0.284622, -0.708093, -4.642205
0.264902, -0.937492, -5.845472
-0.351080, -0.799011, -5.953729
-1.688039, -1.372072, -6.260785
-1.655346, -1.161354, -6.208437
-0.557846, -0.459591, -4.954002
-0.504358, -0.465269, -4.816651
-1.853860, -0.761464, -6.009933
-1.713476, -1.050166, -5.967756
-1.434925, -1.294887, -6.203349
-1.816585, -1.533517, -6.192711
-0.997424, -0.152710, -5.582416
-0.965567, -0.395015, -5.785331
-0.819439, -0.208002, -5.673975
-0.781802, -0.171675, -5.799171
-1.333591, -0.022879, -5.622161
-1.338272, -0.414384, -6.006132
-0.524069, -0.473518, -4.961861
-0.789094, -0.374204, -5.955201
-0.176231, -0.737854, -5.287492
-0.221366, -0.632406, -5.349716
-1.132856, -0.454149, -6.206441
-1.645497, 0.446315, -6.198006
-1.850524, -0.172162, -5.777205
-1.730618, -0.028930, -5.642181
-1.983921, 0.236911, -5.823171
-1.658821, 0.012917, -6.074744
-0.880346, -1.066757, -6.100999
0.101137, -1.609453, -6.127557
-0.696342, -0.423174, -6.070004
-0.298228, -0.825590, -5.810914
-0.395672, -1.009164, -6.032562
0.298787, -1.372824, -6.148481
-1.714510, 0.100622, -5.697726
-1.912200, 0.382073, -5.757287
-0.545536, -1.466254, -6.248722
-0.410368, -0.667761, -5.064127
-1.176583, -0.983778, -6.094829
-0.379513, -0.691012, -5.513289
-0.442364, -0.640570, -5.524579
0.305142, -1.898964, -5.829295
-0.531636, -1.577351, -5.993307
-0.327574, -0.458439, -5.307450
-1.555834, -0.449035, -5.611814
0.132892, -1.770111, -5.295712
0.143994, -1.894893, -5.170218
0.418257, -1.997199, -5.611618
-1.361131, -0.104361, -5.700960
0.214741, -1.634146, -5.305048
-1.960014, -0.075657, -5.790898
-1.818586, -0.205206, -5.735096
-1.703051, -1.187153, -6.241531
-1.984904, -1.418674, -6.011085
-0.921738, -1.266329, -6.149727
-1.140382, -1.413386, -6.220276
-1.977641, -0.650677, -5.918875
-1.898293, -0.844203, -6.191468
-1.853805, -1.129963, -6.113389
-1.229741, -1.052282, -6.249703
-0.964312, -0.192577, -5.640567
-0.160205, -0.588970, -5.561010
-0.742657, -1.323081, -6.223435
-0.997080, -1.087572, -6.185547
-0.287180, -0.571447, -5.706102
-0.697773, -0.455264, -6.284509
-0.522092, -0.706793, -5.716742
-0.285982, -0.387511, -5.285299
-0.549627, -0.659003, -5.738260
-0.339658, -0.801706, -5.008533
-0.566965, -0.650571, -5.732360
-0.393540, -0.469048, -5.689948
0.004855, -0.559835, -5.720560
0.167877, -0.938057, -6.076787
-0.038613, -0.389668, -5.395337
-0.008569, -0.510248, -5.566610
0.185012, -1.893153, -6.132280
-0.048882, -0.590491, -5.408197
0.303131, -1.045972, -5.617708
-0.075862, -0.763060, -4.472672
0.436803, -1.412626, -4.705416
0.229778, -1.705243, -5.339599
0.003136, -0.776265, -4.976286
0.104677, -0.854147, -4.905334
0.243911, -0.922677, -5.136592
0.233920, -1.017168, -4.856996
-0.009637, -0.502188, -5.523204
0.554440, -1.217940, -4.757893
0.324288, -1.188952, -4.784288
0.639713, -1.297389, -4.680707
0.672175, -1.754290, -6.014960
0.416319, -1.407619, -4.708666
-0.643065, -1.484122, -5.930276
-1.168843, -1.348172, -6.225070
-0.428667, -0.671263, -6.074302
0.038177, -1.172934, -4.976157
-0.504813, -1.587983, -5.798732
-0.421344, -0.778072, -4.889893
-0.006329, -0.851067, -5.943287
-0.025383, -0.597525, -5.759591
0.369625, -1.775221, -5.663620
-0.988765, -0.114527, -5.417836
-1.700306, 0.036365, -5.220466
-0.513915, -0.544744, -5.398757
-1.413752, -0.005850, -5.450465
-1.354498, -0.007177, -5.747544
-0.135449, -1.286101, -5.944335
-0.536590, -0.556251, -5.982258
-0.402843, -1.126392, -5.823519
-1.383909, -0.190069, -5.559253
-0.305118, -0.554340, -5.317299
-1.875152, -1.799893, -6.230527
-1.930617, 0.181579, -5.292793
-1.951239, 0.212859, -5.548386
-1.597703, -0.377072, -5.923587
-1.528196, -0.502045, -6.166266
-0.331787, -0.581213, -5.217765
-1.521597, -0.028754, -5.079949
0.331275, -2.003997, -5.824747
0.240495, -1.619399, -5.326863
-1.183337, -0.211181, -5.574521
-0.515785, -0.241357, -5.295943
-0.573175, -0.203677, -5.296493
-0.423005, -0.496051, -5.067820
-1.613288, -0.348882, -5.695509
0.138234, -1.239797, -5.504610
0.220304, -1.324495, -5.639912
-0.473595, -0.293808, -5.317605
0.225123, -1.429918, -5.373439
-0.050964, -1.132376, -5.116781
-0.000732, -0.980900, -5.203860
-0.442251, -0.710742, -5.065480
-0.834857, 0.023531, -5.213964
-0.871678, 0.039010, -5.241003
-0.373191, -0.690795, -5.514379
-0.252915, -0.696674, -5.214188
-0.389571, -0.653705, -5.507048
-0.223851, -0.607374, -5.403488
0.077246, -1.075950, -5.401987
-0.754256, -0.023000, -5.251418
-1.609688, -0.242520, -5.678263
-0.397376, -0.616702, -5.450038
-0.512790, -0.515769, -5.581113
-1.995178, 0.388288, -5.463484
-0.734059, -0.345798, -5.506548
-1.574233, 0.088896, -5.197644
-0.545501, -0.371023, -5.348804
-1.328795, 0.022562, -5.071497
-0.701193, -0.279806, -5.391915
-0.482908, -0.406154, -5.436389
-1.765406, 0.195588, -5.534032
-1.973322, 0.404654, -5.688713
-0.240434, -0.784396, -5.437618
-0.221024, -0.810955, -5.465974
-1.742404, 0.217288, -6.158475
-1.013512, 0.072207, -5.257951
-1.194772, -1.323980, -6.247533
-1.258338, -0.313530, -5.654507
-1.884903, -1.961743, -6.162402
-1.495354, -0.535910, -6.277115
-1.762110, -0.279809, -5.716857
-1.580777, -0.134926, -5.557978
-1.969376, -0.552079, -5.593540
-0.992999, -0.151448, -5.719562
-1.856113, -0.856491, -5.721550
-1.654823, -0.935114, -5.857067
-0.836280, -1.282478, -6.209640
-1.724419, -0.283768, -5.530530
-0.770477, -1.326843, -6.059041
-1.178939, -1.798974, -6.214245
-0.332334, -1.109478, -4.927403
-0.457256, -0.989955, -6.047618
0.027246, -1.541022, -6.109651
-0.272228, -1.422047, -5.929916
0.158753, -1.229993, -4.828165
0.006530, -1.497955, -4.831552
0.304757, -1.224427, -5.893484
-0.124651, -1.880175, -6.172148
0.475391, -1.080258, -5.517223
0.282260, -1.000901, -4.926700
-0.080440, -0.926007, -5.969146
-0.503073, -1.701635, -6.169760
0.094483, -1.361589, -5.716868
0.062887, -1.393950, -4.850630
-0.522187, -1.613362, -6.173911
-0.190066, -1.283522, -5.731905
0.561784, -1.326537, -5.673177
0.694048, -1.406466, -4.578586
-1.998831, -0.356722, -5.684350
-1.337322, -0.016721, -5.674520
0.334307, -1.649140, -5.904764
-0.449800, -1.446417, -6.108479
0.207742, -1.564664, -5.996354
0.216383, -1.218599, -6.266513
-0.047727, -0.938279, -6.250884
-0.068219, -0.894194, -6.058803
-1.709802, -1.977215, -4.959569
-0.741095, -1.515117, -6.263740
-0.866403, -0.102416, -5.459108
-0.198794, -1.042654, -5.996063
-1.329359, -1.036579, -6.030112
-0.048277, -0.911368, -5.263080
-1.900410, -0.022346, -5.759916
-1.331613, -0.293535, -5.530303
-0.576372, -1.595814, -5.874418
-0.234417, -0.818471, -5.449762
-0.863724, -0.143446, -5.249352
0.092204, -1.340442, -5.839140
-0.722739, -0.249227, -5.337842
-0.263298, -0.751272, -5.402981
-0.612295, -0.323091, -5.234087
-1.437418, -0.995659, -5.829979
0.021930, -1.071421, -5.564722
-1.077947, -0.321707, -5.857450
-0.950484, -0.839404, -6.079505
-1.525760, -0.219502, -5.789923
-0.238974, -1.406415, -5.944547
-1.086316, -0.639805, -6.045482
-0.269617, -1.496890, -5.921863
-0.147983, -0.885436, -5.465762
-0.254734, -0.553572, -5.376505
-0.859480, -0.082887, -5.193112
-0.693174, -0.309927, -5.326503
-0.698264, -0.354747, -5.553509
-0.732415, -0.412654, -6.034935
0.124720, -1.188043, -5.651427
0.214107, -1.380197, -5.517252
0.244523, -1.425299, -5.588116
-0.568216, -0.507760, -5.582985
0.193442, -1.509736, -5.698552
-1.081857, -0.317013, -5.862311
-0.583183, -0.485835, -5.868461
-0.771248, -0.520655, -6.148128
-1.038673, -1.087634, -6.262386
-0.289872, -0.775454, -5.871484
-1.779123, -0.279066, -5.668033
-1.282139, -1.024434, -6.262214
-0.166410, -1.123570, -5.720459
-0.644433, -0.438747, -5.714442
-0.384578, -0.647102, -5.677495
-0.732602, -0.335922, -5.499987
-0.357059, -0.688298, -5.549242
0.039288, -1.376192, -6.294289
-0.109675, -1.195810, -5.086186
-0.107947, -0.950451, -5.575267
-0.893115, -0.145436, -5.255302
-0.663329, -0.105939, -5.311003
-1.991590, -0.538388, -6.098753
-1.935508, 0.200850, -5.526577
-1.936735, 0.095704, -6.220044
0.069232, -1.222865, -5.413428
-1.850911, -0.164207, -5.816938
-1.962845, 0.060114, -6.251930
-1.887297, 0.093634, -6.211185
-1.987129, 0.297408, -5.552604
-1.473785, -0.009898, -5.433945
0.105179, -1.253033, -5.325378
-0.302063, -0.760689, -5.345015
-0.029303, -1.082962, -5.410717
0.159390, -1.358042, -5.402715
-1.624613, -1.907259, -6.238146
-0.611508, -1.077454, -6.144928
-0.528901, -1.458856, -5.908487
-0.431206, -1.553896, -6.086206
-0.518927, -1.074312, -6.118575
-0.393754, -1.153578, -6.039387
-0.132342, -0.758844, -6.217726
-0.526268, -1.106042, -6.150957
0.269721, -1.200448, -5.041943
0.499414, -1.372031, -5.744960
0.303003, -1.730188, -4.900291
0.178936, -0.797874, -6.291869
0.661655, -1.341166, -4.609148
0.537342, -1.483702, -5.594935
0.280599, -0.987307, -5.645936
0.496789, -1.520837, -5.467398
0.285375, -1.069482, -6.139858
0.010585, -1.372326, -5.046639
-0.008549, -0.744279, -5.556723
-0.050416, -0.594325, -5.441170
0.591115, -1.751891, -5.444051
0.545047, -1.384501, -4.681547
0.390955, -1.178246, -6.227728
0.443831, -0.853293, -6.147266
-0.530836, -0.520098, -5.914895
-0.372177, -0.744451, -4.915045
-0.702987, -0.475488, -5.761564
-0.714423, -0.654572, -6.162632
-0.199572, -0.822719, -5.037641
-0.103171, -0.665992, -5.896903
-0.191486, 0.383678, -3.526748
0.116690, -0.453632, -4.110927
-1.874541, -0.175822, -5.707232
-1.661011, -0.449583, -5.715860
-0.381508, -0.562844, -4.954413
-0.891265, -1.050209, -6.220320
0.236433, -1.031932, -5.418220
0.140400, -0.731735, -5.870641
0.691018, -0.031538, -3.569496
-0.463974, -0.656528, -5.667563
-1.933511, -1.158873, -5.872612
-1.762596, -0.501168, -6.190645
-1.128399, -0.286204, -5.664517
-1.226954, -1.742806, -6.140596
0.287761, -1.805920, -5.322676
-1.960602, -1.136713, -6.185513
-1.668760, -0.451450, -5.783937
-1.450920, -0.374478, -5.793938
0.320106, -1.546089, -5.466430
0.365719, -1.599436, -5.451786
-0.163691, -0.884406, -5.496408
0.076947, -1.663961, -5.167854
-0.686892, -0.288278, -5.672597
0.251863, -1.637760, -5.371686
0.166908, -1.949420, -6.038891
-1.002389, -1.440416, -6.158078
-1.156702, -0.292595, -5.889559
-0.184089, -1.368100, -5.866055
-1.114931, -0.295131, -6.067338
-0.069956, -1.066857, -5.685385
-1.722772, -0.442128, -5.604748
-0.276017, -0.730701, -5.563139
0.049877, -1.112074, -5.551661
-0.614453, -0.309309, -5.281517
-0.020435, -0.848804, -5.409824
-1.742004, -0.406173, -5.878982
-1.826692, 0.482299, -6.168899
-0.576792, -0.791667, -6.148097
-1.783165, -0.517506, -5.633620
-0.047114, -1.019090, -5.557042
-0.601912, -0.462257, -5.354227
-1.722824, 0.001670, -5.966276
0.028436, -1.102690, -5.403800
-1.240249, 0.051004, -5.230679
0.316262, -1.986569, -5.798367
0.088832, -1.292754, -5.327291
0.033408, -1.535960, -5.160170
-1.624028, -0.406536, -5.845813
-1.025234, -0.220168, -5.698584
-1.897971, -0.494071, -6.101076
-1.947137, -0.083535, -5.743117
-1.139756, -1.071522, -6.226176
-0.644097, -0.255537, -5.837070
-1.816912, 0.085570, -5.635080
-1.272838, -0.316439, -5.755206
-0.677718, -0.454630, -5.674233
-0.748425, -0.168336, -5.320355
-0.360254, -0.376313, -4.576396
-1.332603, -0.245312, -5.566775
-0.967167, -0.442568, -6.043334
-1.355730, -0.408945, -5.905169
-1.365520, -0.458242, -6.100246
-1.544983, -0.456854, -6.010462
-1.486764, -0.926952, -6.181779
-1.518283, -0.613215, -6.181466
-1.729853, -1.382283, -6.220522
-0.110833, -0.531378, -5.836825
-0.477045, -1.005849, -6.149374
-1.762206, -1.848803, -6.192754
-0.415248, -0.618305, -5.471616
-0.026747, -0.460397, -4.300744
-0.716388, -1.209157, -6.188747
-0.052922, -0.405442, -5.614310
-0.069692, -0.422147, -5.692823
0.160649, -0.294262, -5.350461
-0.034703, -0.720888, -4.448455
0.116442, -1.733605, -5.238635
0.424264, -0.944883, -4.601649
0.387139, -0.622633, -4.525766
-0.021526, -0.736669, -4.511449
-0.325241, -1.046750, -4.916541
0.297718, -1.419027, -5.867780
-0.119281, -0.409093, -5.336846
0.228901, -1.017634, -6.209358
0.017735, -0.317529, -5.647126
-0.114203, -0.689458, -6.111771
0.177734, -0.986601, -6.178820
0.017727, -0.850830, -5.593648
-0.008522, -0.538105, -5.443097
0.077742, -0.730434, -6.136155
-0.460455, -0.441047, -6.205614
-0.463078, -0.445223, -6.057918
-0.866891, -0.036230, -5.751604
-0.993560, -0.057517, -5.685998
-0.432896, -0.436063, -5.804629
-0.197233, -0.427697, -6.174507
-0.578737, -0.331219, -5.981497
-0.236498, -0.322291, -5.504996
-1.404957, -0.612468, -6.212586
-0.174593, -0.425651, -4.765285
-0.426760, 0.700194, -3.920655
-0.181853, -0.336440, -4.191872
-1.427992, -0.419471, -6.147085
-1.548670, -0.705558, -6.196262
0.179066, 0.465289, -3.588510
-1.717897, 0.003307, -5.997798
-1.973681, -0.330597, -6.193500
-1.101377, -0.020160, -5.083970
-0.796772, -0.068839, -5.630224
-1.121146, -0.072538, -5.438539
-0.573029, -0.416570, -4.994085
-0.495489, -0.113663, -5.686182
-0.424053, -0.169035, -5.376785
-0.654156, -0.101541, -4.947178
-1.661641, -0.058694, -5.795914
-1.426398, -0.076315, -5.696989
-1.609778, -0.156000, -6.183804
-0.913345, -0.391293, -6.015260
-1.992729, 0.082453, -5.894019
-1.565835, -0.028648, -6.070650
-1.641460, 0.101412, -5.615594
-1.671221, -0.039713, -5.125330
-1.405093, -1.187756, -5.959897
-2.006995, -1.032359, -5.952108
-1.694859, -1.603027, -5.971937
-1.804985, -1.973677, -6.257502
-1.892321, -0.360459, -6.047556
-1.592554, -0.167103, -6.089849
-0.964795, 0.349288, -4.800028
-1.304247, 0.000007, -5.340919
-1.951032, -1.950114, -6.081551
-2.006591, -1.374830, -6.134079
-1.825679, -0.370299, -5.936795
-1.171027, 1.273150, -5.896826
-0.851188, -0.055064, -4.969764
-0.947706, 0.102906, -5.641823
-1.412111, 0.597912, -6.226188
-1.602816, 0.459204, -5.754358
-1.920145, 0.035750, -5.743020
-1.846643, -0.205603, -5.153127
-1.495729, 0.171912, -6.243796
-0.944036, 0.338260, -6.015355
-1.813581, -0.115728, -5.043728
-0.995726, 0.052062, -5.394484
-1.042487, 0.277513, -5.035093
-1.517653, 0.222258, -6.137552
-0.997894, -0.013193, -6.225494
-1.165214, -0.102927, -5.046393
-1.212263, 0.346259, -6.036840
-0.838728, 0.394094, -5.666593
-0.761482, 0.081737, -5.524051
-0.774675, 0.060694, -5.212279
-1.897001, 0.233097, -5.014708
-0.985073, 0.248651, -6.117569
0.190598, -0.355555, -4.070388
0.319888, -0.471473, -5.381487
-0.540207, -0.227789, -4.661289
-1.070471, 0.358318, -6.066801
-0.864971, 0.259542, -5.241199
-0.443649, -0.073767, -4.379155
-0.462589, 0.200278, -4.460848
-1.448013, 0.430925, -5.997116
-0.836084, -0.002723, -4.945626
-0.706707, -0.244750, -4.766017
-0.557131, 0.287594, -4.656814
-0.872093, 0.178466, -5.042764
-0.507288, -0.344911, -6.202712
-0.734281, -0.029060, -5.243087
-0.784847, -0.027038, -5.422918
-0.760344, -0.012562, -5.354561
-0.442267, -0.230838, -5.980838
-0.521666, -0.118527, -6.013545
-0.697141, -0.156843, -6.256814
-0.392798, -0.232661, -6.174008
0.062065, -0.368810, -6.223581
0.116273, -0.546451, -6.229831
-0.008938, -0.397617, -6.272125
-0.035280, -0.386105, -6.279619
1.795717, 0.192600, -5.844004
1.071360, 0.467073, -5.823707
1.645400, 0.213857, -5.956602
2.054229, 0.411295, -5.462899
2.108058, 0.742636, -5.976977
2.119032, 0.748544, -5.990004
2.032823, 1.073666, -6.128200
2.098539, 1.743378, -6.132921
1.547071, 0.388694, -5.855987
1.124529, 0.437922, -4.754768
1.786139, -0.149310, -5.317805
1.867029, 0.657075, -6.129719
1.598790, 0.159038, -5.305472
1.208480, 0.435322, -5.959021
2.203028, 0.482537, -6.151166
2.174520, 0.437444, -5.894921
0.675776, 0.481618, -4.529041
0.542801, 0.623032, -4.485042
0.349213, -0.331503, -5.231649
0.379139, -0.327787, -4.255887
1.284305, 0.265374, -5.195868
0.852822, 0.512521, -4.591661
0.683681, 0.350924, -5.859952
0.984222, 0.497713, -5.638455
0.993722, 0.292357, -5.378350
1.303030, 0.530097, -6.177690
0.671182, 0.356300, -4.477247
1.083650, -0.021988, -4.844376
0.827991, 0.448194, -6.283983
0.182873, 0.178930, -4.246193
1.547711, -0.086930, -4.860818
0.574135, -0.238434, -5.335189
0.859310, 0.341022, -5.988996
0.547706, -0.191853, -5.145094
0.550626, 0.285961, -5.964447
0.199886, 0.164131, -5.819230
0.972963, 0.367229, -5.977868
0.973858, 0.284169, -6.157141
1.285473, 0.466328, -5.725748
1.780158, 0.196443, -4.955091
-0.163835, 0.259066, -6.248960
0.609204, 0.127562, -5.906530
0.099877, 0.649484, -6.163416
-0.108108, 0.552053, -5.993770
0.269801, 0.120575, -6.090656
0.676587, 0.270001, -6.172527
-0.089876, 0.539063, -6.061678
-0.145258, 0.540783, -5.962789
2.035823, -1.756053, -6.197479
1.853673, -1.801130, -6.032230
2.000956, -1.789335, -6.147259
1.342694, -1.583592, -5.217245
0.962774, -0.085341, -5.914968
1.538579, -1.957889, -6.279202
1.584511, -1.802406, -5.741567
1.735827, -0.563003, -6.255736
-2.055854, 1.457651, -5.756790
-1.386345, 1.084925, -5.675216
-0.631805, 1.257648, -6.253527
-1.741915, 1.264606, -5.740129
-1.336586, 0.274331, -5.296592
-1.962121, 1.456695, -5.877916
-1.036043, 1.128281, -5.536296
-1.207846, 1.145310, -5.765802
1.377784, -0.739164, -6.209309
0.513951, -1.312094, -5.324032
1.417508, -1.408466, -5.589849
0.309910, -1.208284, -5.354391
1.536598, -1.230923, -6.191315
1.662149, 0.504632, -5.625291
1.076053, 0.325873, -5.661768
1.346441, 0.391540, -5.630339
-1.773831, 0.813451, -6.214825
-1.321578, 0.469353, -5.133413
-1.775936, 1.168279, -5.888391
-1.220026, 0.260012, -5.290255
-1.669679, 1.143142, -5.791520
-1.775791, 0.968193, -5.912934
-1.491723, 0.819275, -6.168215
-1.738415, 1.066890, -5.783477
0.922109, -0.957654, -6.215117
0.981239, -0.057700, -5.962776
1.011981, -0.051869, -6.009115
1.240289, -0.093858, -6.155134
1.343501, -0.243810, -6.210387
1.414524, -0.493616, -6.161154
1.093602, -0.252579, -6.122415
1.894301, 0.490961, -5.682107
-0.966029, 0.689137, -5.835768
-1.540602, 0.699083, -5.400709
-0.722674, 0.851647, -6.222586
0.065793, 0.815294, -5.333696
-0.721067, 0.668942, -5.806599
-0.652511, 0.747560, -5.602554
-0.407448, 0.431042, -5.256742
-0.433769, 0.681602, -5.316430
1.311810, -0.850115, -6.214397
1.046379, -0.182372, -6.110551
1.246537, -0.682794, -6.201516
1.371205, 0.120908, -6.096288
1.404625, -0.219283, -6.203643
1.002950, -0.237458, -6.111322
1.307167, -0.486016, -6.233426
1.327943, 0.167473, -6.143758
-0.515424, -0.025982, -5.175597
-0.673342, 0.459695, -5.852959
-0.704120, 1.240872, -6.231292
-0.457996, 0.406760, -5.126881
-1.127841, 0.612659, -5.505799
-1.952175, 0.906050, -6.080702
-0.445366, 0.688810, -5.273101
-0.282277, 0.742963, -5.343751
1.072117, 0.065245, -5.940664
0.632157, -0.371972, -5.540816
1.457822, -0.016927, -6.162062
0.663526, -0.196378, -5.643474
1.185753, 0.440810, -5.624873
0.028266, -0.487968, -5.569974
0.638681, -0.335270, -5.356272
0.573802, -0.303701, -5.366459
-1.319220, 0.693309, -5.667345
-1.462379, 0.714184, -5.819316
-0.999750, 1.058519, -6.097281
-1.053438, 1.285257, -6.175525
-0.009882, 0.189108, -6.074819
-1.289048, 1.019985, -6.081400
-0.565594, 1.135186, -6.147530
-1.355564, 1.115526, -6.112792
0.251858, 0.451307, -5.930664
0.123132, 0.468056, -4.790273
0.287404, 1.133520, -6.192045
-0.021993, 0.830399, -4.970520
0.505277, 0.690084, -5.823124
0.255594, 0.505900, -5.957593
0.551623, 0.794708, -6.097429
0.275256, 1.097950, -5.996117
0.699248, 1.166455, -6.251227
0.661949, 0.882538, -6.096874
0.462314, 0.326738, -5.346402
0.804230, 1.398866, -6.142344
1.091595, 0.754083, -6.053648
0.912294, 0.762598, -6.213458
0.511038, 0.668796, -5.741981
1.148189, 1.420332, -6.245896
0.654790, 0.065083, -5.290848
1.046408, 0.433904, -5.567569
1.676716, 2.024650, -6.218852
1.583575, 1.884710, -6.181901
0.783605, 0.581933, -5.874338
1.381091, 0.913764, -6.129059
1.068328, 1.112040, -5.985785
0.818532, 0.854518, -5.788634
0.862617, 0.504058, -5.468925
0.303381, -0.051775, -5.531437
-0.265424, -0.168084, -5.277493
-0.573747, -0.110808, -4.948602
1.332793, 0.500150, -6.213426
2.194870, 0.570509, -6.053436
-0.075440, 0.011286, -5.450606
0.137308, 0.429241, -6.246113
0.936578, 0.732994, -6.246154
1.153971, 0.739070, -6.270955
1.025326, -0.063753, -4.924283
0.797727, 0.422508, -5.236067
1.258260, 0.645009, -5.708316
1.431674, 0.699118, -6.163571
1.616246, 2.227242, -5.955663
1.752383, 0.293173, -5.266138
1.773280, 0.312262, -5.275526
2.129118, 1.776811, -6.226542
1.709278, 1.029405, -6.074501
1.201648, 1.465964, -5.900611
1.489696, 0.724729, -5.935621
1.996928, 1.708367, -6.252223
0.942871, 1.520005, -5.848314
1.650713, 0.499485, -5.321264
1.824818, 0.181309, -5.256696
1.867332, 0.561887, -5.508265
0.811284, 1.479861, -6.052919
1.388739, -0.237529, -5.157821
1.718082, 0.195230, -5.176816
1.655338, 0.181303, -4.787100
1.812581, 0.112574, -5.156050
0.543397, 0.238103, -5.548662
1.366985, 0.587195, -5.482202
1.356832, 0.712793, -5.807487
0.042508, 0.166632, -6.068133
1.218210, 0.413530, -5.072696
1.780669, 0.052014, -4.742625
1.693120, 0.015365, -5.070426
1.378129, 0.116041, -4.920607
0.809208, 0.008910, -5.261998
1.049501, 0.605224, -5.364274
-0.455291, -0.247724, -5.019705
0.549279, 1.455165, -5.771472
0.853106, 0.463970, -5.150842
-0.025516, 0.324147, -5.958823
-0.206140, -0.281280, -5.479295
1.026085, 2.229320, -6.111218
1.074688, 0.625288, -5.716621
0.814120, 1.468606, -5.920170
1.056777, 1.448959, -6.054887
0.929173, 0.803845, -5.459563
1.828492, 2.305950, -6.158808
1.349611, 1.996437, -6.072121
0.982609, 2.230743, -5.889181
0.784480, 1.656577, -6.198828
1.002503, 1.975314, -5.963082
1.047757, 2.284102, -6.198259
0.877760, 1.401728, -6.017195
0.752407, 1.087078, -5.894393
1.007841, 1.716917, -6.199399
0.993659, 2.127993, -6.009973
1.618808, 2.268582, -6.161860
0.865811, 1.048115, -5.749095
1.069461, 1.472318, -6.149639
-0.101790, -0.064721, -4.261309
-0.004336, 1.227496, -4.736085
0.208957, 0.632243, -4.997052
0.325193, 0.873065, -6.070627
-0.169398, 0.078168, -4.988976
0.175402, 0.342144, -4.497127
-0.085082, -0.060807, -4.287934
0.519236, 1.238873, -5.945511
1.360612, -0.555031, -6.229173
0.815884, -1.303737, -5.928988
1.414032, 0.311744, -5.716195
0.546014, -0.447195, -5.559384
0.436948, -0.408924, -5.226969
0.117768, -0.612783, -5.229549
1.713645, -1.570718, -5.444936
1.175111, 0.182463, -5.419175
-1.019613, 1.701204, -6.173904
-0.909680, 1.892138, -6.181927
-0.130035, 0.829328, -5.339425
-1.561021, 1.437877, -6.209292
-0.300648, 0.731983, -5.522191
-0.945212, 1.545036, -6.149961
-0.474438, -0.034905, -5.030501
-0.427667, 0.614154, -4.989554
0.620699, -1.266637, -5.337962
0.606228, -1.383990, -5.331315
0.613638, -0.531434, -5.593777
0.757563, 0.214894, -5.517910
0.534090, -0.923051, -5.364318
1.013982, -1.285360, -5.603810
1.237610, 0.071450, -5.064646
0.387328, -0.911299, -5.949374
0.127109, 1.472908, -6.093497
0.212281, 1.392567, -5.516884
0.584060, 1.547458, -5.017745
-1.208947, 0.981773, -6.058007
-0.708068, 0.887105, -5.985049
-1.631226, 1.245698, -5.933756
0.305907, 0.878510, -5.050848
-0.504031, 1.557986, -6.229368
0.811660, -0.671333, -6.226225
0.445440, -0.477661, -5.247456
0.544055, -0.868593, -5.345370
0.301324, -0.335563, -5.239852
0.705630, -1.146911, -5.568666
1.383602, 0.244991, -5.897263
0.629289, -1.464811, -5.338018
0.493913, -0.016043, -5.491346
0.335339, 1.082767, -5.160387
0.306345, 1.230459, -5.537908
0.334570, 1.500278, -5.351537
0.249960, 2.014042, -5.754452
-0.021376, 1.053213, -5.573564
-0.178263, 0.899718, -5.468129
-0.096463, 0.166362, -4.601602
0.530521, 1.717272, -5.772124
0.801922, -1.019665, -6.226077
1.486914, -1.427981, -5.634736
1.159089, -1.410554, -5.453976
0.859216, -1.087297, -6.190958
0.582957, -0.682400, -5.624428
0.708847, -0.578088, -5.931560
0.537198, -0.770941, -5.476807
0.517449, -0.456326, -5.167042
-0.432721, 1.158847, -6.044049
0.335397, 1.343771, -5.361651
-0.477936, 0.097967, -5.406298
0.193626, 0.345598, -5.095087
-1.264690, 0.243488, -5.300274
-1.673385, 0.179433, -5.328103
0.197300, 0.470108, -4.977819
0.092419, 0.737190, -5.577999
0.971608, -1.978030, -5.273090
1.314858, -1.798840, -5.441133
1.293386, -1.727245, -5.435033
1.104998, -1.675219, -5.226587
1.123099, -1.867792, -5.212863
0.831351, -1.705754, -5.299196
1.545609, -1.379267, -6.137737
1.182130, -1.626112, -5.226384
-0.902244, 1.133882, -6.222219
-0.588580, 0.196307, -5.353037
-1.625792, 1.699695, -6.225589
-0.744434, 0.211279, -5.514771
-0.640838, 0.370638, -5.338048
-1.179841, 0.250992, -5.339991
0.228086, 1.059583, -5.571142
0.096661, 0.279007, -5.088937
1.521590, -2.017373, -5.728798
0.291231, -2.004604, -5.278661
0.776106, -1.619854, -5.531987
1.026147, -1.749994, -6.222368
0.514415, -1.972453, -5.200579
0.398623, -1.300202, -5.095472
0.310304, -0.702532, -5.195420
2.296841, -1.842608, -5.843896
-0.815801, 1.204053, -5.957591
-0.961200, 1.094972, -6.071574
-0.872768, 0.702589, -5.697486
-0.967819, 0.741024, -5.844615
0.043856, 0.569103, -5.576872
0.672344, 2.038913, -5.055501
-0.872390, 0.723566, -5.633267
-0.953898, 0.745677, -5.816801
0.787308, -1.349324, -5.594310
1.154644, -1.593098, -5.426042
0.237420, -0.480136, -4.883307
0.377860, -0.546596, -5.086538
0.668068, -0.107489, -4.698346
1.667285, -0.019290, -5.224265
0.253005, -0.619552, -4.854473
0.237085, -0.832385, -4.630840
-0.775610, 0.227352, -5.633416
0.347971, 1.036265, -4.989231
-0.554609, 0.472343, -5.360056
-0.185524, 0.326358, -5.504926
-0.116591, 0.350387, -5.304259
-0.139060, 1.376043, -6.028856
-1.277671, 0.488444, -5.394988
0.090683, 0.710755, -5.386641
0.312928, -1.158624, -5.190050
1.910339, 0.461461, -4.738056
1.190751, -1.739987, -5.298748
1.563695, -1.662110, -5.829480
0.155421, -0.936818, -5.222467
0.482873, -0.330360, -5.154749
0.340823, -0.392067, -4.863977
0.613904, -1.466745, -5.678438
0.408631, 1.280887, -5.436481
0.188809, 0.616475, -5.237587
0.244618, 0.573507, -5.594127
-1.443161, 0.595477, -5.738796
0.364056, 0.719504, -5.401126
-0.175074, 0.678230, -5.466550
0.085113, 0.624784, -5.679562
0.248773, 0.351438, -5.336776
0.213732, -0.657522, -5.169892
0.378805, -1.066575, -5.965182
-0.038497, -0.201196, -5.443206
0.118124, -0.413156, -4.815048
0.428549, -0.541698, -5.091846
0.521292, -0.451291, -5.190100
0.795455, -0.353030, -5.904835
1.350329, 0.295864, -5.242725
0.777303, 2.001043, -5.081932
-0.610416, 0.232508, -5.316148
-0.344397, -0.067734, -4.765079
-1.184328, 0.637759, -4.998202
-0.892716, 0.579288, -6.199454
0.419159, 1.334113, -5.084569
-0.626609, 0.284515, -4.831851
-0.343029, 0.101924, -4.716629
1.296706, -0.621135, -6.196307
1.468788, -0.387150, -6.156146
0.751910, -0.776236, -6.276108
0.553233, -0.516937, -5.704136
1.683923, -1.369320, -5.779091
1.008328, -0.701116, -6.280044
1.286260, -0.315375, -6.270356
0.663385, -0.270412, -5.809420
-0.477269, 0.363126, -5.111387
-0.717313, 0.257742, -6.267554
-0.579220, 0.754102, -6.107501
-0.441853, 0.760337, -5.875529
-0.195143, -0.201478, -5.827660
-0.717998, 0.243650, -5.789958
-0.574580, 0.455446, -5.894288
-0.579341, 0.962484, -6.225623
0.181898, 0.058785, -5.039488
0.246267, 0.752063, -5.770199
0.247668, 0.544388, -5.104730
0.213259, 0.882714, -5.939386
0.825451, 2.242350, -4.994647
-0.238549, 0.709259, -4.764766
0.353734, 0.208579, -5.095636
0.479581, 0.889309, -5.450638
0.486807, 0.454284, -5.214778
0.370312, 0.525403, -5.606671
0.497346, 1.203196, -6.033414
0.286562, 0.941152, -5.624559
0.629463, 0.685427, -5.414823
-0.222579, 0.340146, -5.495851
0.077314, 0.020962, -5.401861
-0.307973, 0.179389, -5.895703
0.477100, 0.665821, -5.055254
-0.134654, -0.442720, -4.510628
-0.131941, 0.025485, -5.251424
0.258123, -0.344007, -4.457670
2.084288, 2.236419, -6.182554
0.945720, 1.947573, -5.980445
0.855622, 0.151758, -4.625712
0.633315, 1.625676, -6.086904
0.804483, 1.068009, -5.727315
0.335717, -0.137986, -4.740912
0.932414, 1.047023, -5.932044
1.098604, 2.251445, -6.049288
0.141314, 2.157482, -5.892616
0.993424, -0.029828, -4.765726
0.233464, -0.164759, -4.819442
-0.036542, 1.067935, -4.765260
0.506957, 1.382314, -5.700759
0.896291, 0.303241, -5.126749
0.378590, 0.673970, -4.949910
0.641361, 0.498948, -4.893100
1.404724, 0.842103, -6.268714
1.012312, -0.093914, -5.180049
0.855271, 0.603563, -5.163082
0.529236, 0.734117, -5.164726
0.611751, 1.654238, -5.715291
0.733226, 1.807679, -6.111324
1.776849, 0.338232, -5.237813
0.987879, 1.521093, -5.859344
1.273064, 2.262753, -5.986823
1.315094, 0.509644, -5.593402
0.863118, 0.976336, -5.727874
0.830009, 1.115422, -5.597062
0.681928, 0.836467, -5.461418
1.319579, 1.220942, -6.097063
2.192472, 0.250553, -5.758602
1.852512, 0.897086, -6.105363
1.120547, 2.035344, -5.725379
0.826938, 1.740087, -5.950002
0.625418, 1.561696, -5.749342
0.743824, 1.862207, -6.028763
1.390706, 0.661438, -5.694499
1.269933, 1.280876, -5.931845
0.817029, 0.689666, -5.104480
1.143315, 1.936646, -5.800138
2.014293, 0.160603, -6.116001
2.088926, 0.101306, -5.929185
1.855205, 0.539107, -5.897962
1.403525, 1.208456, -6.148797
-0.015359, 1.001273, -4.757764
0.882943, 0.562369, -5.241640
-0.017096, 1.171847, -4.850846
0.347906, 0.599447, -4.762413
0.521814, 0.609440, -4.901524
0.644237, 0.771030, -5.157701
0.960173, 0.447101, -5.066372
0.475708, 0.889083, -5.205825
0.347096, 0.119313, -4.816356
0.393035, 0.116088, -4.733663
1.323551, 0.800572, -5.865962
1.274939, 0.767494, -5.810453
0.315954, -0.002584, -4.697968
0.035642, 1.440395, -4.983818
0.646440, 0.668594, -5.027795
0.821911, 0.553385, -5.198523
0.321129, 1.737217, -5.478508
0.790578, 1.824474, -6.171862
0.600530, 1.274121, -6.203709
0.718376, 1.349032, -6.280178
0.496682, 1.261848, -5.350363
0.340606, 0.162845, -4.741541
0.936023, 1.064069, -5.958662
0.456652, 1.118892, -5.412208
0.191177, 0.820000, -5.799862
0.433072, 1.314351, -5.130687
0.303437, 1.643868, -5.775584
0.404954, 1.297032, -6.100547
0.387085, 0.681823, -5.279257
0.050940, 1.568849, -4.951337
0.842772, 2.003323, -6.102841
0.733803, 1.889063, -6.275190
0.654061, -0.270287, -5.800236
0.682903, -0.256971, -5.554470
0.830357, -0.251420, -5.854502
1.165723, 0.171507, -5.746475
1.169265, -0.186409, -6.198684
0.908559, -0.120704, -5.823802
0.457626, -0.597882, -5.526488
1.080099, 0.101148, -5.799616
0.155888, 0.576163, -4.870370
0.408799, 2.249038, -5.961096
0.106808, 0.808938, -5.868235
0.450773, 1.367291, -5.080530
-0.096095, 0.738359, -5.566150
0.608475, 2.077282, -6.196629
-0.499235, 1.930029, -6.211152
0.661098, 1.411673, -5.778654
1.594314, -0.116071, -5.131876
0.703323, -0.232073, -4.939677
0.734613, -0.065350, -5.551699
-0.008335, -0.258899, -5.712560
0.819797, 0.150609, -4.638749
0.885319, 0.224408, -4.641906
0.232695, -0.226361, -5.290065
0.896864, -0.129625, -5.753771
-0.247418, 0.479798, -5.886690
-0.798019, 0.308470, -5.678313
0.012243, 0.393498, -5.405760
0.314918, 0.627168, -5.262619
0.157292, 0.456059, -4.948378
0.018266, 0.660938, -5.854821
-0.282274, 0.591513, -5.433279
0.142956, 0.663477, -5.362414
0.392613, -0.362035, -4.840429
0.345029, -1.984685, -4.960241
0.013797, -0.911223, -4.829036
0.264866, -1.261787, -5.061586
0.060309, -0.173433, -5.929170
0.066604, -0.806496, -4.816381
-0.245815, -0.181551, -5.053944
0.552588, -0.842785, -4.552513
-1.444515, 0.405576, -4.936456
0.224756, 0.505199, -5.633015
-0.385547, 0.207764, -5.058954
-1.736439, 0.390622, -4.857539
-0.135100, 0.350208, -4.961838
-0.200853, 0.025474, -4.596842
0.121862, 0.657731, -5.484344
0.174244, 0.560311, -5.442729
1.452706, -0.337736, -6.187923
1.137075, -1.604741, -5.332036
1.358857, -1.906912, -5.309825
1.310900, -1.649292, -5.644501
0.345658, -0.763739, -4.700449
0.855280, -1.460640, -5.585906
0.163046, -0.693484, -4.820708
1.046697, -1.644789, -5.138314
-0.651314, 0.639011, -5.382824
-0.531946, 0.092960, -5.414361
-1.376841, 0.754761, -5.379021
-1.232547, 0.122743, -5.569707
-0.298123, 0.453083, -5.332490
-0.999111, 0.560041, -5.259981
-0.920183, 0.158417, -5.528197
-0.834475, 0.149714, -5.823503
0.272221, -0.853210, -4.970629
0.274018, -0.786833, -4.759696
1.296198, -1.991943, -6.056343
0.946566, -1.733811, -5.673462
0.207968, -0.851954, -4.972651
0.905958, -1.411417, -5.459774
1.248270, -1.888360, -6.046851
1.310647, -1.993749, -6.074936
-1.200161, 0.869486, -5.919062
0.210788, 0.899858, -5.458694
0.032415, 1.300646, -5.751575
0.170192, 1.272488, -5.566273
-1.330015, 0.666662, -5.952552
-0.818129, 0.469462, -5.387193
-1.535023, 1.056652, -5.677875
-0.414788, 0.132534, -5.223470
0.959509, -1.675450, -5.361333
0.754983, -1.514884, -5.218121
0.868313, -1.203691, -6.181577
0.735199, -1.362544, -6.214140
0.594811, -1.055977, -5.444370
1.337610, -1.733197, -5.729295
0.902204, -1.334843, -6.097040
1.152057, -1.694297, -5.744690
-0.389413, 0.031079, -5.281809
0.013381, 1.184915, -4.894342
-0.035327, 0.316099, -4.911634
0.181188, 0.418725, -5.246167
-0.896388, 0.232459, -5.444474
-0.891291, 0.515150, -5.385312
-0.348037, 0.299014, -5.100870
-0.530566, 0.142414, -5.153239
1.050149, -1.595229, -5.136421
0.711818, -0.862867, -5.658315
1.130275, -1.525687, -5.678143
1.321655, -1.761508, -6.188735
1.543151, -0.693910, -6.167502
0.135344, -0.722583, -4.794405
0.334927, -0.422922, -5.708076
0.419692, -0.573189, -4.929659
-0.463782, 0.244889, -5.679925
-0.536579, 0.214836, -5.706460
0.140168, 1.235707, -5.587170
-0.167943, 0.568201, -5.449788
-0.543402, 0.651884, -5.471759
0.221652, 1.042592, -5.412546
-0.563630, 0.778377, -5.538067
0.330451, 1.292698, -5.415237
0.569692, -0.681261, -4.817196
0.741905, -1.807822, -5.496976
0.637932, -0.787470, -5.629979
0.580498, -1.098744, -6.096189
0.494714, -0.421440, -4.326143
0.527291, -1.410238, -6.241871
0.673720, -0.437395, -5.874032
-0.012030, -0.166396, -5.737867
-0.367065, 0.672059, -5.503679
0.430257, 1.255533, -5.186852
-0.056992, 1.232529, -6.087601
0.350950, 1.227594, -4.916008
0.413516, 1.860497, -5.444674
-0.448607, 0.652301, -5.462089
0.331502, 1.812171, -6.287813
0.552692, 1.612442, -5.197964
0.632240, 0.022960, -5.748048
1.087089, -0.407783, -6.109758
1.565388, -0.398911, -6.100037
0.703861, -0.196380, -5.810071
1.322081, 0.523160, -6.263299
1.725247, 0.442641, -5.335530
2.178083, -0.172588, -5.995344
1.827562, -0.222631, -6.252357
0.389652, 1.119580, -4.956527
0.391706, 1.256454, -4.917362
-0.138515, 1.053967, -5.579062
-0.337975, 1.023628, -5.625896
0.455523, 1.661839, -5.365103
0.202744, 0.796372, -5.296968
-0.395513, 0.864641, -5.516052
-0.389010, 1.005724, -5.669956
1.758328, -0.047671, -5.997033
1.785512, -0.078495, -5.829113
2.186220, -0.259463, -5.813780
2.109581, -0.150914, -5.818020
2.242925, -0.246144, -5.860338
1.324625, 0.383651, -6.122917
1.749432, 0.006823, -6.245042
2.203523, -0.643975, -6.142962
-0.454609, 1.382416, -6.038320
-1.518219, 0.464237, -5.376147
-0.480439, 1.978735, -6.038180
-0.494472, 1.559104, -5.979723
-0.113789, 1.451299, -6.077749
-0.185544, 1.607463, -6.134766
0.116232, 1.482705, -5.708071
0.121399, 1.389845, -5.662014
0.411385, 2.196758, -6.117947
0.200217, 0.371233, -5.802997
-0.086931, 1.416762, -6.155661
0.214504, 1.868199, -5.715382
0.503058, 2.246917, -6.131778
0.327728, 2.121986, -5.968134
0.418352, 2.180626, -5.980069
0.247152, 1.634711, -6.175136
1.082550, 1.929901, -5.975540
0.539141, 2.061044, -5.694889
0.619045, 1.962297, -5.392075
1.026684, 1.136469, -6.050486
0.389824, 1.237621, -5.488263
0.566199, 1.623477, -5.362988
0.360985, 2.129253, -5.336070
0.378963, 1.674774, -5.476255
1.192051, 0.537851, -5.275918
1.269508, 0.847985, -5.890823
1.207593, 1.820671, -5.808183
1.426009, 2.188243, -5.850645
2.216097, 0.450862, -5.892706
0.917010, 0.484983, -5.196491
1.858082, 1.307441, -6.242173
1.199972, 1.423587, -5.913542
1.467553, 0.396511, -5.210259
0.977200, 1.111814, -5.870302
1.701222, 0.283590, -5.157479
1.797317, 0.592073, -6.163042
0.914754, 0.568220, -5.383686
1.106002, 0.507132, -5.335170
1.157059, 1.544181, -5.915850
0.946948, 1.405841, -5.943799
1.114029, 2.230322, -5.780376
1.286508, 0.618537, -5.633342
0.795988, 1.127068, -5.790932
0.723505, 0.857345, -5.441083
1.150204, 2.095954, -5.682897
1.548544, 0.927875, -6.209460
0.908324, 1.709094, -5.950624
0.807082, 1.799621, -6.018703
1.890683, 0.154751, -5.765487
2.017748, 0.190069, -5.416916
1.573286, 1.632916, -6.145728
1.456226, -0.035853, -5.109216
0.541031, 2.015981, -5.638847
0.896922, 2.055311, -5.935518
0.883572, 2.038481, -5.813556
0.636993, 0.741548, -5.099097
2.023402, 0.500374, -5.640965
0.107596, 0.980662, -4.909738
1.187976, -0.003296, -5.048981
0.958841, -0.098996, -5.136947
0.588968, 1.687919, -5.690384
1.128853, 2.271607, -5.721313
0.880288, 0.186854, -5.169939
2.065388, 0.223142, -5.673018
1.163283, 0.573242, -5.518813
1.575097, 2.077387, -6.045753
0.761420, 0.837967, -5.441333
1.746737, 0.447727, -5.256834
1.280106, 0.750248, -5.964882
1.235412, 0.511120, -5.361408
0.968395, 0.817948, -5.708140
0.558571, 2.219873, -5.580258
2.259152, 2.087487, -6.229150
1.444722, 0.353075, -5.090374
0.938457, 2.190140, -5.995921
1.333296, 0.481835, -5.741775
0.985158, 2.182251, -5.873051
1.278899, 1.791814, -5.963240
0.806565, 0.738508, -5.671102
1.459921, 0.246957, -5.059192
1.575820, 0.646362, -5.880655
1.254233, 0.402821, -5.148567
1.163946, 1.117415, -5.879371
1.165420, 1.648416, -5.887993
0.020594, 1.428756, -4.993437
0.937808, 0.292320, -5.074829
1.041400, 1.930901, -6.258261
1.698137, 0.537216, -5.473197
0.783995, 1.665353, -6.058259
0.240752, 1.085281, -4.931961
1.070076, 2.060462, -5.531760
0.135991, 2.248989, -6.013951
1.159384, 2.124259, -5.772912
0.066449, 1.920265, -5.192677
1.113655, 1.879532, -5.621220
0.875445, 0.729602, -5.705482
0.552491, 1.293613, -5.323775
0.466677, 1.989686, -6.053356
0.312771, 1.630037, -5.876674
0.137594, 2.053083, -5.766533
0.251789, 2.339906, -5.712145
0.393193, 2.248474, -5.816510
0.326776, 2.052448, -5.873117
0.490339, 2.219368, -5.657253
2.089410, -0.356410, -6.232687
1.992486, -0.547430, -6.233661
2.115814, -0.232868, -6.001619
2.101727, -0.106548, -6.060582
1.598478, 0.461578, -5.459085
2.081535, 0.358235, -5.661486
2.242229, -0.175514, -6.145341
2.259885, -0.152462, -6.090599
-0.135835, 1.440606, -5.995763
-1.957138, 0.513771, -5.883769
-0.216434, 1.149217, -5.549160
0.055672, 1.250573, -5.781596
-0.018740, 0.829694, -5.832505
0.769776, 1.813065, -5.143788
0.114129, 1.337048, -5.710355
-0.410227, 2.124532, -6.074872
1.292308, 0.574900, -5.448730
0.614929, -0.610247, -5.828772
0.836870, -0.161579, -5.922762
0.910180, -1.175740, -6.092360
1.554627, 0.447621, -5.462024
2.010311, 0.229371, -5.295851
1.876464, -0.164671, -6.168854
1.890440, -0.059230, -6.236544
-0.195373, 0.579277, -5.445149
0.260861, 0.636722, -5.120049
-0.570268, 2.245334, -6.141995
0.363064, 1.012424, -5.133625
0.263627, 0.934543, -5.234992
0.098943, 0.740389, -5.447793
-0.403912, 1.846604, -6.112139
-0.473177, 1.598389, -5.980608
0.278066, -0.451705, -4.737004
0.495809, -0.475195, -4.868120
0.352551, -0.626034, -5.911118
-0.966132, 0.530428, -5.089347
-0.205383, -0.130236, -5.694426
0.496409, -0.734340, -4.938012
1.270617, -1.572374, -6.114745
0.993244, -0.967013, -6.102702
0.216439, 0.713559, -5.452559
-1.203006, 0.172314, -5.605875
0.386487, 1.077360, -4.968228
0.093786, 0.990006, -4.928938
-0.063137, 0.736360, -5.521880
0.082339, 0.525492, -5.447402
0.384683, 1.079446, -4.986935
0.422014, 1.219054, -4.964466
1.021251, -1.551262, -5.576714
1.283748, -1.481047, -5.443920
1.570428, -1.871117, -6.043265
0.664170, -0.730457, -5.591939
0.744072, -1.087399, -5.683842
-0.082208, -0.164568, -5.679001
1.041561, -1.535373, -6.118907
0.385733, -0.679568, -5.230546
-0.869473, 0.497861, -5.324066
-0.603144, 0.531501, -5.451940
-0.541464, 0.206724, -5.627997
0.083005, 1.126235, -4.920441
0.394814, 1.449590, -5.378066
0.364598, 1.075215, -5.106935
0.437385, 1.449691, -4.909937
0.151656, 1.224997, -4.953026
0.772100, -1.414033, -6.218067
0.741188, -1.232749, -6.032011
0.552774, -1.225168, -5.736423
0.734841, -0.819223, -6.205629
1.538947, -1.797661, -5.869262
1.244756, -1.958232, -6.250506
0.713746, -0.897394, -6.292718
0.766950, -0.914048, -6.015397
-0.606911, 0.241147, -5.078960
-0.580430, 0.157037, -5.120753
-0.019426, 0.831634, -4.934244
-0.498007, 0.190830, -4.853304
0.331563, 0.822927, -5.475800
-0.564355, 0.157625, -5.820753
-0.622079, 0.265991, -5.058232
-0.576294, 0.116801, -5.819130
1.503985, -1.870199, -6.194747
0.256502, -0.852466, -5.007031
1.017242, -1.766286, -6.218708
0.695311, -1.425489, -5.273972
0.401010, -1.149255, -5.120213
0.402149, -1.389177, -5.354166
1.271776, -2.008845, -6.135889
1.466416, -1.981245, -5.937774
0.361796, 1.193330, -5.313121
-0.106817, 0.511708, -5.473143
0.004882, 0.803828, -4.904979
-0.539019, 0.082572, -5.390558
-0.307385, 0.279729, -5.420071
0.105795, 0.930169, -5.535304
-0.523032, 0.068418, -5.246024
-0.485563, 0.086460, -5.243694
1.136605, -0.975523, -6.094263
1.384469, -1.940122, -6.015081
1.397549, -1.678878, -5.942532
1.366950, -1.982026, -5.820704
0.464907, -1.551015, -5.303512
1.860019, -1.442182, -5.738120
1.252759, -0.222008, -6.042911
0.288200, -0.978267, -5.115510
-1.661212, 0.120666, -5.555580
-0.415199, 0.205380, -5.422078
-0.006161, 0.289316, -5.244408
-0.091325, 0.308338, -5.421010
-0.448185, 0.165297, -4.964091
-0.168426, 0.716827, -5.518847
-1.327630, 0.545723, -4.936808
-0.281592, 0.272247, -4.873331
0.213928, -0.794494, -5.677399
0.104764, -1.659426, -5.368473
0.587925, -1.506593, -6.222244
0.557078, -1.433471, -5.784946
-0.213268, -0.188132, -5.239872
0.175016, -0.345738, -5.790985
0.064918, -0.418688, -4.415275
-0.173092, -0.258425, -5.099757
0.094828, 0.208610, -4.726272
0.070434, 0.588612, -4.802236
0.177759, 0.631380, -5.522865
-0.252612, 0.263963, -4.861492
0.075642, 0.257455, -4.680417
-1.873826, -0.086277, -5.173448
0.166696, 0.714305, -4.930328
-0.125108, 0.633851, -5.837236
0.030064, -0.802803, -4.980729
0.100255, -0.214107, -5.276696
0.769914, -0.009798, -6.038346
0.943588, 0.107672, -5.524570
0.774260, -0.104461, -4.784804
0.777666, -0.423674, -6.111746
1.323882, 0.498484, -5.733225
1.549840, -0.246734, -5.222214
-0.410362, 0.192575, -4.789917
-0.421852, 0.195093, -4.833464
-0.196971, 0.459142, -4.885324
0.024746, 0.468159, -5.422082
0.040907, 0.837621, -4.924884
-0.212432, 0.419833, -4.959419
0.216857, 0.610637, -4.884459
0.143072, 0.770617, -4.941881
1.668096, 0.030242, -5.221634
0.707745, -0.162657, -4.924917
0.644842, -0.837862, -5.664498
0.918130, -0.144761, -5.042791
0.677747, -0.933457, -5.674302
0.797478, -0.057533, -5.945758
1.259574, 0.270811, -5.790811
1.300889, 0.401824, -5.553040
0.633637, 1.853494, -5.123747
-0.495293, 0.518988, -6.249176
0.180894, 0.986086, -4.869925
0.211587, 0.361201, -5.079884
-0.132903, 0.935930, -6.150689
-0.607746, 2.007026, -5.840168
0.596192, 1.765143, -5.186484
0.494152, 2.311700, -5.746631
-0.191591, 0.841524, -4.850302
0.543125, 1.274565, -5.328248
0.174076, 1.756500, -5.497947
0.292663, 1.379617, -5.749264
0.519032, 1.921241, -4.990534
0.543980, 1.301949, -5.358283
0.432441, 1.288588, -6.230013
0.435988, 1.516707, -5.134310
0.093347, 1.807862, -5.136185
0.480816, 1.784844, -5.913836
0.398063, 0.932777, -5.622585
0.847752, 1.468479, -6.206158
0.724340, 1.262481, -6.284932
0.536029, 0.686437, -5.694753
0.479672, 1.332988, -5.857070
0.682095, 2.112135, -5.925886
0.435702, 0.923883, -5.319494
0.350870, 0.147640, -4.762127
1.051973, 2.286977, -5.833147
0.332678, 0.747534, -5.161922
0.664612, 1.027449, -5.626554
0.361725, 0.191941, -4.706448
0.524778, 0.687398, -5.008397
0.504720, 1.006630, -5.517519
1.055947, 2.120452, -6.114745
1.230229, 2.197443, -6.066544
-0.181843, 1.148420, -4.785655
-0.146367, 1.113033, -4.908348
1.100904, 1.589723, -6.062515
0.891209, 0.553498, -5.243378
0.318058, 0.776360, -4.859769
0.193373, 1.880123, -5.233326
0.486796, 0.894696, -5.361035
0.321256, 0.692088, -5.069561
1.318753, 0.266888, -5.048245
0.326900, 0.803886, -4.942383
0.946886, 0.452264, -5.062697
1.762283, 0.654417, -5.655985
0.770843, 1.405154, -5.752830
2.297508, 1.788622, -6.040740
0.976656, 0.985189, -6.006779
1.583266, 0.215525, -5.082491
1.376728, 1.200109, -6.124486
1.943251, 0.221592, -5.396967
1.064191, 1.831244, -5.829842
1.116143, 1.761772, -5.786699
0.880901, 0.892396, -5.688924
0.808107, 0.944087, -5.521582
0.781078, 1.013949, -5.634031
1.269371, 0.348114, -5.047636
1.669893, 0.493400, -5.411355
1.029381, -0.043301, -5.141574
1.136680, 0.303343, -5.105166
0.294216, 0.342821, -5.910575
1.848458, 0.505630, -5.441291
0.834535, -0.046260, -5.374946
1.076537, 0.355734, -5.062045
0.658227, -0.000288, -5.199187
0.391326, 0.659846, -4.924119
1.440595, 0.585938, -5.732258
0.167666, 0.133693, -5.668922
1.229112, 0.796610, -5.904748
1.181124, 0.623042, -5.269964
0.629406, 0.575989, -4.994332
0.817546, 1.058697, -5.725693
0.674935, 2.250254, -6.062515
0.921003, 0.380955, -5.149307
0.749841, 1.183411, -5.701762
0.613702, 0.863229, -5.231914
0.548309, 1.405234, -5.569631
0.704402, 0.973956, -5.565200
0.920923, 0.708395, -5.451092
-0.449160, 0.191828, -5.974950
0.521250, 0.534655, -5.385096
0.762929, 0.698871, -5.334752
0.279764, 0.466138, -4.666764
0.979389, 1.423892, -6.079187
2.071307, 2.312743, -6.217506
0.638339, 2.251174, -5.970905
0.894173, 0.869498, -5.558359
1.043732, 2.219802, -6.135985
0.083612, -0.033494, -4.656505
0.497714, 0.876838, -6.260945
0.107531, 0.747152, -4.981256
-0.335329, 0.167780, -5.788957
0.074351, -0.203530, -4.820744
0.234309, -0.196409, -4.573045
0.542736, 0.806390, -5.859279
0.174964, 1.261985, -6.035708
0.296047, 0.014721, -4.650430
-0.091955, 1.091343, -4.749364
-0.321478, 0.523788, -4.726869
-0.187630, 0.861320, -5.049013
0.441379, 0.706938, -5.247854
0.209796, 1.372649, -4.919573
0.572775, 1.342638, -6.078442
1.105957, 0.413182, -5.930583
0.662413, -0.222979, -5.537902
0.549235, -0.452356, -5.592662
0.556900, -0.154960, -5.208223
0.787694, -0.351528, -5.862450
1.125501, 0.291972, -5.495023
0.886111, -1.164335, -6.227773
0.871497, 0.083257, -5.747512
-0.811827, 0.358886, -5.728468
-0.586672, 0.366648, -5.090982
-0.416635, 0.344634, -5.677485
-0.730818, 0.255141, -6.151520
-0.450314, 0.259836, -5.424618
-0.286345, 0.319300, -5.167017
-0.144656, 0.863639, -5.994312
-0.365762, 0.408914, -5.740446
-0.067158, -0.913921, -4.957803
0.236268, -1.007139, -5.934610
0.498486, -0.983100, -4.656510
0.480444, -0.921681, -5.324789
0.345565, -0.824197, -5.898314
-0.036922, -0.748863, -5.023868
0.893575, 0.189873, -6.099924
1.059217, 0.432076, -5.564344
-0.039542, -0.053407, -4.554962
0.574798, 1.556481, -4.995306
-0.443772, 0.144116, -4.877707
-0.285215, -0.414598, -5.822070
0.288592, 1.004629, -4.950113
-0.556280, 0.566012, -5.791654
-0.360520, 0.439394, -5.367212
-0.074170, 0.995309, -5.723768
0.735885, -0.149429, -4.855816
1.357389, -0.020861, -6.186747
1.069389, -1.475539, -5.466772
0.767369, -0.136881, -5.517081
0.378684, -1.336781, -5.218715
0.704195, 0.193495, -5.682505
0.034953, -0.472737, -4.583486
-0.247949, -0.206923, -4.918159
0.538250, 1.616665, -6.250905
0.695957, 2.076466, -4.936703
-0.228142, 0.250105, -4.914875
-0.040670, 0.350987, -5.179562
-1.120729, 0.121577, -5.228723
0.295246, 1.795112, -5.475609
-1.613419, 0.003338, -5.194613
-1.540857, 0.767854, -5.540460
1.140162, 0.073629, -5.196659
0.744676, -0.923674, -5.903690
0.238868, -0.784569, -5.176778
0.837681, -0.289764, -6.223826
1.251294, 0.204837, -5.194668
1.787056, -0.275813, -5.985962
0.594787, -0.717616, -5.474086
1.267346, -1.667763, -5.938923
0.145084, 0.420808, -5.335228
-0.055989, 0.327650, -4.919150
-0.565411, 0.088575, -5.488596
-0.773546, 0.162429, -5.295421
0.271645, 0.653844, -5.104593
-0.009671, 0.340104, -4.967559
-1.612190, 1.555400, -5.734227
-0.429465, 1.142861, -5.878844
0.731167, -1.771722, -5.283644
0.466304, -1.500483, -4.808062
0.963047, -1.597613, -6.215136
0.810913, -1.346313, -5.673535
0.619840, -1.274194, -5.420326
0.546986, -0.540850, -5.201270
0.950997, -1.539461, -5.618948
0.856796, -1.509544, -5.969351
-1.735713, 2.055587, -6.297872
-1.140774, 1.049194, -6.168118
-0.841531, 0.835853, -5.810680
-1.472320, 0.297408, -5.399027
0.217551, 0.525410, -5.152956
-0.100239, 0.429318, -5.651963
-0.764737, 0.743059, -5.777969
0.130861, 0.955843, -5.537299
0.982206, -1.948321, -5.484096
0.494483, -1.516533, -5.070843
0.541952, -1.773701, -5.129713
0.352070, -1.827382, -5.025898
1.267564, -1.804774, -5.209651
1.158545, -0.559066, -6.130333
1.872478, -1.475586, -6.183999
0.338568, -1.432163, -5.049358
-0.790306, 0.864893, -5.907272
-0.644007, 2.211926, -5.916614
-0.468507, 0.860549, -5.673065
-0.904534, 0.200715, -5.531698
-0.776880, 0.727846, -6.114938
-0.397331, 0.369036, -5.527184
0.045655, 0.351376, -5.014511
0.130045, 0.497921, -5.233189
0.780232, -0.570126, -6.241577
2.079548, -0.471329, -6.074193
1.471603, -1.402912, -5.623720
0.927468, -1.376346, -5.902292
0.612508, -1.069586, -5.534969
0.674651, -0.734960, -5.669039
2.062514, -0.233110, -6.083957
2.266081, -0.323307, -6.123213
-1.169818, 0.146008, -5.241614
0.026975, 0.605523, -5.324054
0.292175, 0.596927, -4.988981
0.379318, 0.794426, -5.567964
-0.957764, 0.179463, -5.234979
-0.260352, 0.906875, -5.716374
0.350030, 1.078777, -5.366892
0.318074, 1.543620, -5.596016
0.377028, -0.617537, -5.332669
1.172940, 0.280494, -5.321186
0.485517, -0.005478, -5.505632
1.178319, 0.446387, -5.547666
0.797654, -1.329531, -5.512801
0.692042, -1.181044, -5.855041
0.908641, -0.397666, -6.253170
1.062507, 0.308264, -6.228603
0.179030, 1.221780, -5.722524
0.163844, 0.820880, -5.551897
0.335138, 1.503685, -5.449814
-0.428941, 1.510331, -6.168430
-0.722829, 1.451953, -6.276844
0.245120, 1.048622, -5.643167
0.304224, 1.168302, -5.488162
0.187871, 0.638697, -5.414468
0.434832, -0.640603, -5.368500
0.574755, -0.989794, -5.365331
0.585429, -0.383996, -5.379197
0.618963, -0.145889, -5.413908
0.454810, -0.748877, -5.279969
0.617588, -0.973115, -5.511727
0.586126, -0.446642, -5.456752
1.202845, 0.033185, -5.085580
-0.018725, 1.046278, -5.533645
0.238571, 1.066997, -5.316301
-1.675959, 1.279939, -5.892098
-0.696613, 0.884671, -5.867510
-0.863099, 1.658668, -6.237377
-1.139091, 1.842053, -5.918636
-0.864560, 0.742454, -5.530518
-0.146774, 0.693585, -5.378075
0.343265, -1.132414, -5.962939
0.417248, -0.509215, -5.227143
0.168556, -0.384934, -5.289669
1.249609, 0.059093, -5.089165
1.546153, 0.419370, -5.355460
0.781756, 0.498285, -5.635970
0.743218, -0.029726, -5.752679
0.568779, -0.133278, -5.336520
-0.832908, 1.262460, -6.244685
-1.011549, 1.939245, -6.185059
-1.117093, 1.962898, -6.200734
-0.190671, 0.713960, -5.329953
-0.236676, 0.706541, -5.383594
-0.652205, 1.798511, -6.170701
-0.231663, -0.023135, -5.165351
-0.594149, 0.682196, -5.995373
0.390334, 0.865312, -5.506470
0.290416, 0.665615, -6.218868
0.181248, 0.697084, -5.031918
-0.142343, 0.088760, -3.556778
0.444383, 0.925005, -6.014733
0.365581, 0.461885, -5.297534
0.188824, 1.370595, -4.946843
-0.189044, -0.261397, -4.617077
0.888340, 1.675745, -6.217148
0.592786, 0.880262, -5.232316
1.160757, 1.717933, -6.195492
-0.048217, -0.223789, -4.997685
1.591017, 2.286549, -6.163182
0.816678, 1.433900, -5.932907
1.334268, 2.101189, -6.206522
1.172850, 1.756269, -6.174387
1.617541, 2.234966, -6.176713
2.042128, 2.275883, -6.198586
1.257145, 2.179183, -6.255243
0.867244, 1.603312, -5.945623
0.927875, 0.920084, -5.995181
1.263699, 1.887025, -5.966786
1.194372, 1.521153, -5.938991
1.309905, 2.119836, -6.071959
1.189676, 1.148238, -6.165936
-0.135104, -0.387421, -4.449495
0.603600, 0.672308, -5.139398
0.612218, 1.562920, -5.943331
-0.235444, -0.108490, -4.022745
0.308847, -0.142214, -4.656545
-0.306414, -0.113306, -5.733801
-0.537044, 0.230802, -5.537780
1.689898, 1.236798, -6.163877
0.525610, 0.610905, -5.387705
1.032539, 0.613207, -5.739171
0.877919, 0.006130, -4.857641
1.121060, 0.760472, -6.016614
1.749065, 0.053949, -4.955729
1.175563, -0.128472, -5.166144
1.289826, 0.885537, -6.164833
1.751081, 0.075965, -4.880701
1.917929, 0.196408, -5.286025
1.959995, 0.210465, -5.715013
0.485308, 0.102881, -5.540882
1.775232, 0.136231, -5.180532
1.896401, 0.054995, -5.747139
0.925801, 0.035133, -4.686143
0.352900, 0.264284, -5.917350
1.373248, 0.752341, -5.803021
1.687323, 0.733836, -6.098596
1.893720, 0.029390, -5.184222
0.886884, 1.137068, -6.031474
1.427701, 0.686386, -5.777400
2.250001, 1.931104, -6.187594
1.726858, 0.465555, -5.390748
1.532743, 2.190251, -5.874204
0.469724, 0.329069, -5.366635
1.679955, 1.090757, -6.240368
0.563259, 0.434725, -5.346905
0.849954, 0.285101, -5.115216
1.484992, 0.152873, -4.986016
0.701623, 0.694138, -5.538374
1.870435, 0.534045, -5.494345
1.677341, 0.114686, -4.746327
-0.087011, 0.387269, -5.961258
-0.048543, -0.009651, -5.237190
0.497753, 0.481791, -5.517780
0.532683, 0.507219, -5.593087
0.960469, 0.643708, -6.217442
2.261388, 0.361309, -6.209631
0.658405, 0.331564, -5.155741
-0.257174, -0.165530, -5.267547
0.727235, 0.546168, -5.487109
1.310593, 0.802024, -5.929652
1.124538, 0.874155, -6.076864
1.708403, 1.113063, -6.146419
1.097929, 0.831139, -6.206527
0.042507, -0.166963, -4.922899
1.565156, 2.021440, -6.201557
0.997808, 0.888529, -5.885856
0.660822, 0.636325, -6.230214
0.662973, 0.847838, -6.287791
0.568104, 0.725928, -5.800295
0.189264, 0.072102, -5.397339
0.376289, 0.032189, -4.975585
0.669551, 0.638064, -6.037367
-0.006570, 0.122522, -5.698812
0.841110, 1.090444, -6.165255
0.366173, 0.694210, -6.124769
0.352841, 0.679181, -6.295907
0.242286, 0.853377, -5.912711
0.271859, 1.027925, -6.085004
0.463965, 0.783672, -6.225113
0.056902, 0.151554, -5.946504
0.395569, 0.164242, -5.076101
0.439376, 1.083374, -5.960237
0.644205, -0.332170, -5.604923
0.987132, 0.118795, -5.509747
0.747059, -0.432756, -5.753758
0.836529, -0.247147, -5.832150
0.140142, -0.294035, -5.046954
0.605349, -0.328731, -5.507692
0.401724, -0.845098, -5.272613
0.595866, -0.858606, -5.515899
-1.274039, 0.933460, -6.139678
-1.111158, 0.489463, -5.213735
-1.033186, 1.347140, -6.188112
-1.358584, 1.264944, -6.174414
-0.860758, 0.518537, -5.978459
-0.977525, 0.475699, -6.258386
-0.400622, 1.147076, -6.246432
-1.097530, 0.969220, -6.050064
1.365354, 0.005156, -6.131466
1.214411, -0.217479, -6.201736
0.969681, -0.379762, -6.219442
0.892444, -0.139111, -5.807955
0.748856, -0.050882, -5.806231
0.569738, -0.147026, -5.286102
0.682614, -0.906360, -5.709003
0.500024, -0.800768, -5.303564
-1.889550, 0.812815, -6.046973
-1.679751, 0.873678, -6.233808
-1.911657, 0.821451, -6.137978
-0.367837, 0.888665, -5.725006
-1.062620, 0.664247, -5.558293
-1.649464, 0.955992, -5.999919
-0.390808, 0.694100, -5.277909
-1.939436, 1.401327, -5.823551
1.701015, 0.141437, -5.743014
1.264244, 0.176769, -6.008530
1.658345, 0.249390, -5.706797
0.491405, -0.475883, -5.459580
1.383364, -0.006938, -6.131320
1.424308, -0.242995, -6.194574
0.740311, -0.176190, -5.835145
0.733629, -0.260941, -5.883389
-1.439439, 0.852972, -6.146270
-1.506988, 0.809347, -6.254559
-0.573473, 1.104968, -6.191326
-0.679683, 0.972338, -6.090704
-0.957138, 0.879893, -6.097119
-0.766593, 0.654053, -5.782911
-0.488081, 0.798754, -5.853800
-0.584956, 1.010350, -5.840621
2.156257, -0.253491, -6.174013
1.257663, -1.539240, -5.531726
1.437182, -0.898761, -6.153892
0.455877, -1.394664, -5.256164
0.443858, -0.470157, -5.334639
0.634804, -1.077601, -5.515877
1.027619, 0.037059, -6.011048
0.574402, -1.062321, -5.337957
-1.485993, 0.397039, -5.141029
-1.967811, 1.315488, -6.033836
-1.942749, 0.193159, -5.423572
-0.131289, 0.859203, -5.431888
-1.590217, 0.335496, -5.116288
-1.885085, 1.006595, -5.974977
-1.253923, 0.371244, -5.275874
-1.584612, 1.044729, -6.284288
2.117451, -1.894799, -6.085145
1.833624, -1.643566, -6.162133
1.083585, -1.697488, -5.219966
0.955548, -1.661638, -5.991398
1.214811, -1.601719, -5.747471
1.723329, -1.689252, -5.812684
1.172765, -1.940961, -5.520527
0.581961, -1.427671, -5.208372
-1.597179, 1.680108, -6.182926
-1.677090, 1.319773, -6.132150
-1.834579, 1.335608, -5.834709
-1.462851, 1.187978, -5.730729
-1.127454, 0.733385, -5.569097
-1.577713, 0.390706, -5.172628
-1.630731, 0.166310, -5.144047
-1.559581, 0.198094, -5.271777
0.289009, 0.175080, -5.911989
0.583961, 0.237355, -6.239699
-0.019222, 0.547773, -6.095123
-0.128322, 0.588779, -6.225094
0.627488, 0.303679, -5.937271
0.455620, 0.060762, -5.829399
-0.027131, 0.467407, -6.271462
-0.135760, -0.048896, -5.981052
0.774085, 0.347313, -6.120779
0.547456, 0.198972, -5.798634
0.444152, 0.399589, -6.020874
0.385163, 0.393783, -6.021604
0.986820, 0.279504, -6.222656
1.025122, -0.245696, -5.339274
0.801433, 0.518432, -6.076204
0.943219, 0.507759, -6.151081
1.184397, 0.350017, -5.871993
1.313992, 0.331182, -5.850529
1.272275, 0.552136, -5.860690
2.323411, 0.498337, -6.170694
0.222766, 0.256346, -4.236263
1.631812, -0.041434, -5.022625
0.448937, 0.356638, -4.361185
0.670939, 0.693675, -4.523463
0.477450, 0.352970, -4.424254
0.259468, -0.391649, -4.624539
0.187099, 0.176722, -4.233934
0.427672, -0.055912, -5.161943
0.961879, 0.387440, -6.185200
0.974595, -0.159107, -5.321363
0.982187, 0.549262, -5.983240
1.099915, 0.483400, -5.609860
1.132706, 0.369241, -5.525452
1.191674, 0.063293, -5.368151
2.145480, 0.247957, -5.699561
1.274564, 0.557808, -6.261936
2.112454, 0.313293, -5.645120
1.246698, 0.610027, -6.211640
1.815365, 0.746836, -5.592657
1.134180, 0.640569, -5.824582
2.105794, 0.256497, -5.562396
1.174722, 0.494048, -6.249152
1.740066, 0.591726, -5.688403
1.697235, 0.291244, -5.742004
1.617545, 0.300599, -5.732384
2.031188, 0.732029, -5.920341
2.134941, 0.998165, -6.203405
2.036894, 0.481427, -5.574541
-0.206894, -0.260271, -6.130814
-0.193840, -0.342790, -5.970504
-0.520093, -0.223695, -6.190066
0.106873, -0.435609, -6.024272
-0.182421, -0.690050, -5.363202
-0.109186, -0.457190, -5.854657
-0.033697, -0.397072, -6.263647
0.214209, -0.294035, -6.208147
-0.758239, 0.053941, -4.679832
-0.413980, -0.318386, -4.396139
-0.622855, 0.065157, -4.602391
-0.313006, 0.035379, -4.293716
-0.689388, -0.080640, -5.925188
-0.881045, 0.006870, -6.122478
-0.806466, -0.011463, -5.392056
-0.788302, 0.018002, -5.231008
-0.863227, -0.096361, -6.132498
-0.881073, -0.006636, -5.726094
-0.965482, 0.053974, -5.801490
-0.792256, -0.077109, -4.904811
-0.534713, 0.047325, -5.416115
-0.478068, -0.219917, -5.936865
-0.690603, -0.119242, -5.411647
-0.804088, -0.004829, -6.138332
-0.612765, -0.043541, -4.647020
0.396927, -0.348130, -3.921945
-0.027558, -0.291775, -4.452887
-0.602380, 0.110013, -4.556333
-0.941109, -0.136680, -4.921953
0.168687, -0.161670, -3.934399
-0.863805, 0.471503, -5.070426
-0.949743, 0.215987, -5.468606
-0.782112, 0.033400, -4.851680
-1.019105, 0.078969, -6.199792
-0.748122, 0.117988, -5.111300
-0.959291, 0.278522, -6.219166
-0.322379, -0.418304, -4.494508
-0.315484, -0.409680, -4.460759
-0.621228, 0.197866, -4.690723
-0.458106, -0.306802, -4.358106
-1.030743, 0.285914, -5.339331
-1.103238, 0.152783, -5.571864
-0.498480, 0.044347, -4.553587
-0.690481, 0.076107, -4.820964
-0.715678, -0.098084, -4.689241
-1.169600, -0.117511, -5.028677
-0.605612, 0.005580, -4.673390
-0.784564, 0.551525, -4.963350
-1.385287, -0.062287, -6.272379
-1.420611, -0.049507, -6.073396
-1.810227, -0.124995, -5.985647
-1.381662, -0.077595, -5.884227
-1.030220, -0.063895, -6.117645
-1.777077, -0.062208, -5.047130
-1.393121, 0.236538, -5.852119
-1.735275, -0.045542, -5.946562
-1.677459, -0.186898, -6.132972
-1.891337, -0.291485, -5.654486
-1.818607, -0.612328, -6.067133
-0.445539, -0.348745, -4.872814
-1.232817, -0.218078, -5.911588
-0.823373, -0.244312, -6.040755
0.038317, -0.321016, -4.383908
-1.407697, -0.084759, -5.249112
-1.917609, -0.091344, -5.267750
-0.992568, -0.166513, -5.501811
-0.925432, 0.002800, -5.604544
-1.092238, -0.102692, -5.510798
-1.517498, 0.041613, -5.104058
-1.658016, -0.059542, -5.763143
-0.845037, 0.032311, -4.809148
-1.143436, -0.157916, -6.219530
-1.159092, -0.006071, -5.009777
-1.461212, 0.002525, -5.024218
-0.843900, -0.069916, -4.725627
-0.964738, 0.006806, -5.711981
-0.316846, -0.274690, -5.113027
-0.437762, -0.386081, -4.689058
-0.400902, -0.319048, -4.343029
-0.245757, -0.383114, -4.403127
-0.821404, -0.253906, -5.721780
-0.968054, -0.444045, -5.738718
0.302350, 0.209143, -3.660978
-0.507096, -0.082195, -4.556217
-1.041055, -0.386979, -5.892018
-1.164438, -0.359268, -6.190312
-0.578062, -0.420953, -5.016210
-1.438981, -0.216237, -5.920000
-0.402894, -0.463865, -6.261396
-0.758917, -0.442614, -6.279548
-0.677153, -0.180234, -5.727360
-0.377625, -0.284155, -5.092847
-0.273344, -0.444138, -5.073958
-0.245570, -0.436643, -5.784800
-0.288428, -0.275935, -5.257215
-0.596692, -0.356440, -6.181071
-0.162367, -0.635621, -4.935948
0.061366, -1.043693, -5.019062
0.420265, -0.269841, -5.951552
-0.312311, -0.458351, -5.948035
0.210125, -0.816200, -4.602376
0.123330, -0.683699, -4.344732
0.094151, -0.784892, -6.143692
-0.240101, -0.662867, -5.218370
-0.037665, -0.672860, -4.407062
0.301803, -0.895307, -5.342025
-0.159909, -1.040287, -5.063001
-0.113356, -1.044046, -5.252244
0.175437, -1.606691, -4.804283
-0.313958, -0.816388, -4.847853
0.333123, -1.151491, -5.934874
0.302283, -0.924113, -4.814141
-0.873708, -0.924745, -6.156481
-1.376308, -1.402365, -6.216201
-1.477280, -0.842193, -6.192829
-0.346647, -0.503693, -5.807089
-0.217783, -0.623223, -5.890381
-0.009415, -0.774714, -4.529813
0.291505, -1.184011, -5.840335
-0.341937, -0.693199, -5.916487
-1.252489, -1.130161, -6.218235
-1.742416, -0.774370, -5.988172
-1.781661, -1.125777, -6.211915
-1.701830, -1.400145, -6.218385
-1.516812, -1.572925, -6.202684
-1.644181, -1.705407, -6.195450
-1.791354, -1.332756, -6.240652
-1.806554, -1.592425, -6.194422
-0.887994, -0.465559, -5.735819
-0.825961, -0.490693, -5.733779
-0.717742, -0.218929, -5.715224
-0.794263, -0.308400, -5.913886
-1.083279, 0.030560, -5.024289
-1.336881, -0.370225, -5.838920
-0.632798, -0.244386, -5.390472
-1.604753, -0.453943, -5.977663
-1.847260, 0.230981, -5.506958
-1.274668, -0.061515, -5.535413
-1.383419, -0.304121, -5.852839
-1.112445, -0.143538, -5.431404
-0.652503, -0.402451, -4.915966
-0.568126, -0.333964, -4.998739
-1.537678, 0.019483, -5.121228
-0.840744, -0.187022, -5.640834
-0.293577, -0.863614, -6.018003
0.271853, -1.437630, -5.575085
0.378031, -1.675722, -5.901418
-0.282233, -0.804465, -5.724823
0.429190, -1.709713, -5.961933
0.344496, -1.960559, -5.695458
-1.844437, 0.074514, -5.874684
-1.984846, 0.452625, -5.429545
-0.361393, -0.394680, -5.256880
-0.109431, -0.749126, -5.451249
-0.278657, -0.758646, -5.581179
0.290753, -1.612227, -5.596750
0.448273, -1.966665, -5.720736
-0.489690, -0.306909, -5.202943
0.130041, -1.087681, -5.157755
-0.388700, -1.591639, -6.017784
0.042029, -1.554945, -5.153230
-1.768719, -0.528277, -6.043687
0.097294, -1.761130, -5.169659
0.222730, -1.350723, -6.152099
-1.944231, -1.946375, -6.187598
-1.608440, -0.426220, -5.996356
-1.950186, -0.077639, -5.762661
-1.729085, -0.274913, -5.746890
-1.924788, -1.379286, -6.230112
-1.447965, -0.057536, -5.678457
-1.181062, -1.097286, -6.233726
-1.720175, -1.087974, -6.169746
-1.915343, -1.130622, -6.190066
-1.600306, -0.009828, -5.549060
-1.804456, -0.831865, -5.939891
-1.895377, -1.208736, -6.049578
-0.547562, -0.610373, -5.864531
-0.228512, -0.688374, -5.689327
-0.859077, -1.132403, -6.154040
-0.411611, -0.735409, -5.811790
-0.324812, -0.846136, -4.844353
-1.281748, -0.790560, -6.202458
-0.273237, -0.522966, -4.693265
-1.346854, -0.720293, -6.217210
-0.303734, -0.510317, -5.589231
-0.497385, -0.490043, -5.808393
-1.311958, -1.157609, -6.187243
-0.328607, -0.725029, -4.868012
-0.347105, -0.930066, -4.915020
-0.342752, -0.676501, -4.852740
-0.335690, -0.573472, -4.569736
0.005943, -0.752995, -6.163199
-0.114927, -0.758201, -4.773378
-0.041635, -0.752150, -4.679047
0.084125, -0.700259, -4.480994
-0.146193, -0.415929, -5.763067
0.318997, -0.820239, -6.070077
0.183019, -1.478183, -5.025000
0.283729, -0.882656, -5.554946
0.762585, -0.702515, -4.499958
-0.382592, -1.227811, -4.945988
0.170399, -1.578271, -4.853705
0.008112, -0.797122, -5.312570
0.275207, -0.943352, -4.778487
0.253959, -1.179896, -4.814270
0.731606, -1.042428, -4.638757
0.686695, -1.240319, -4.640735
0.377282, -0.986672, -4.771601
-0.499433, -1.508879, -6.004675
-0.390517, -0.642633, -6.267607
-0.466325, -0.570098, -6.168084
0.112191, -0.807288, -5.416651
0.378422, -1.580241, -6.124899
0.202707, -0.836121, -6.218573
-0.082107, -0.697540, -6.282822
-0.164321, -0.798680, -6.171108
-1.493446, 0.044514, -5.829090
0.355474, -1.934820, -5.687250
-0.949762, -0.189571, -5.684762
-1.533260, 0.026745, -5.386840
-0.637868, -0.327148, -5.911298
-0.249941, -1.249819, -4.990154
0.221060, -1.137666, -5.336077
-0.424109, -0.565080, -5.892421
0.157186, -1.107672, -5.220348
-0.523182, -0.406054, -5.255223
-1.673687, -1.749408, -6.242122
-0.357468, -0.679595, -5.337701
-0.895005, -0.141619, -5.341472
0.350638, -1.593318, -5.429490
-1.714604, -0.305567, -5.710915
-1.862218, -0.939300, -6.128380
-0.409857, -0.871471, -5.021846
-0.406751, -0.560329, -5.063467
-0.249108, -1.103395, -5.088473
0.259187, -1.372566, -5.300427
-1.100634, 0.035440, -5.262303
-1.124023, 0.047989, -5.280091
0.231230, -1.414114, -5.426641
-1.802903, -0.887193, -6.221556
-0.295858, -0.901485, -5.064955
-0.069006, -1.191991, -5.105710
-0.534584, -0.552458, -5.698519
-0.366946, -0.994382, -5.017931
0.205064, -1.110580, -5.227248
-0.457708, -0.316709, -5.392272
-0.476691, -0.556445, -5.060568
0.042300, -1.569519, -5.159694
-1.991996, -0.192553, -5.605300
0.290213, -1.295954, -5.799783
-0.452823, -0.408355, -5.131862
0.099711, -1.698854, -5.098340
-0.694922, -0.147033, -5.318600
-1.914003, -0.400590, -5.740926
-0.531629, -0.254267, -5.291071
-0.669430, -0.291431, -5.303776
-1.369577, -0.004860, -5.056210
-0.740511, -0.183954, -5.283574
-0.172206, -0.843022, -5.166997
-0.003499, -1.063811, -5.321373
-1.395239, 0.057112, -5.420713
-1.370772, 0.136955, -5.312549
-1.355488, 0.012640, -5.066707
-1.272916, 0.051620, -5.381632
-0.607973, -0.335008, -5.236592
-1.818739, 0.221211, -6.198251
-1.741124, 0.211000, -5.540684
-1.470873, 0.126395, -5.670239
-1.472887, -0.308085, -5.665445
-0.836803, -0.156283, -5.489981
-1.987421, -1.542963, -6.121106
-0.116676, -0.754507, -5.307638
-0.588001, -0.488212, -5.492347
-0.361090, -0.641828, -5.451636
-1.781573, -0.815969, -6.231906
-0.759119, -0.144370, -5.160770
-1.330982, -0.335310, -5.661695
-1.895038, -0.359901, -5.553015
-0.093623, -0.974499, -5.714015
-0.643519, -0.446149, -5.693534
-0.185947, -1.472726, -6.167406
-0.668501, -1.224797, -6.193724
-0.492657, -1.401560, -6.008039
-0.488686, -1.437131, -6.041411
-1.327332, -1.586551, -6.191833
0.107191, -1.000205, -5.904043
-0.527862, -1.308503, -6.104661
-0.169666, -0.786942, -4.528239
-0.970100, -1.951303, -6.052412
0.066270, -1.552953, -5.904626
-0.512370, -1.566409, -5.782438
-0.153985, -0.811870, -5.744049
-0.149519, -1.555064, -6.058690
-0.032097, -1.583442, -5.967199
0.384182, -1.217827, -5.749066
0.390261, -1.226469, -5.702416
0.453270, -1.223612, -4.857797
0.394602, -1.018134, -6.257668
0.263016, -0.888282, -4.644045
-0.093082, -0.432857, -4.041884
0.696068, -1.225853, -4.682571
0.280234, -1.753286, -5.267077
0.678783, -0.970428, -4.618845
-0.024585, -0.601717, -4.332766
-0.071828, -0.768705, -5.858752
0.146631, -0.811666, -6.195946
0.320095, -0.975004, -5.877685
0.039200, -0.716190, -5.765337
0.123047, -0.834672, -5.823611
-0.107349, -0.568412, -5.683156
-0.019438, -0.692641, -6.006351
0.192894, -0.364548, -5.594905
-0.638478, -0.564152, -6.188052
-0.397043, -0.524187, -5.710466
-1.281311, -1.116070, -6.220916
-0.321097, -0.509603, -4.942605
-0.111333, -0.607398, -6.088451
-0.609954, -1.065166, -6.194445
-0.291502, -0.548099, -6.225052
-0.310401, -0.689514, -4.881262
0.278889, -0.548528, -4.351617
0.151364, -0.433622, -4.277181
0.084329, -1.851619, -4.976048
-0.252646, -0.533388, -4.758145
-0.506037, -0.664012, -5.728095
0.287167, -0.388018, -3.966985
-0.785419, -0.151275, -5.628816
-0.266356, -0.463301, -4.666915
-1.787836, -0.118658, -5.062619
-0.106208, -1.448206, -5.138879
-1.355378, -0.020620, -5.426013
-0.833717, -0.293567, -5.426719
-1.521182, -0.109943, -5.565090
-1.676442, -1.114813, -6.202104
-1.317727, 0.015519, -5.197922
-0.446615, -0.427494, -4.743424
-1.985117, -0.549142, -5.895308
-0.436274, -0.719717, -5.831218
-1.443190, 0.065938, -5.496234
-0.066116, -1.017930, -5.520361
-1.972764, -0.195523, -5.892749
-0.868122, -0.441360, -5.800531
-0.639919, -0.455411, -5.493919
-1.878790, -0.173018, -5.704451
0.438460, -0.073000, -3.840425
-1.756725, 0.086286, -5.006577
-0.309069, -0.905564, -5.736083
-0.304789, -0.101841, -4.599275
-0.205681, -0.871861, -5.835848
-1.383108, -0.019422, -5.372066
-0.088102, -0.897459, -5.288315
-0.161534, -1.232813, -5.014511
-0.178804, -0.927256, -5.828224
-1.688749, -1.298562, -6.226057
-1.523519, -1.011896, -6.208124
-1.681787, -1.323163, -6.170213
-0.248169, -1.063886, -5.975935
-0.700011, -0.847794, -6.236949
-0.842897, -1.172188, -6.243478
-1.057435, -1.495277, -6.248960
-1.671552, -1.307559, -6.250339
-1.823757, -0.627599, -6.126418
-1.303963, -1.569064, -6.181984
-1.592916, -1.813979, -6.205205
-0.480140, -0.584525, -5.803217
-0.744305, -0.464020, -6.017093
-1.103074, -1.331318, -6.203557
-0.954526, -0.876162, -6.219774
-0.076436, -0.459730, -4.343548
-0.431183, -0.425929, -5.508290
-0.546290, -0.512196, -5.778809
-0.474220, -0.616092, -6.141527
-0.504977, -0.422921, -5.671368
-0.382367, -0.690045, -4.935813
-0.866148, -1.175213, -6.181741
-0.287233, -0.994058, -4.976602
0.321173, -1.816404, -4.756973
0.598947, -1.096146, -4.651324
-0.028345, -0.770909, -4.504117
-0.151308, -0.583633, -5.466696
0.254455, -0.253162, -5.620100
0.242722, -1.657117, -4.765896
0.282832, -1.644767, -4.791272
-0.033373, -0.747910, -4.513066
0.128162, -0.315206, -5.178555
0.057672, -0.206074, -6.031387
0.004947, -0.496903, -4.157544
0.032894, -0.659006, -4.373812
0.497393, -0.296008, -4.070232
0.427534, -0.580084, -4.223911
0.213099, -0.604470, -4.242636
0.324623, -0.639284, -4.509879
0.562389, -0.908539, -4.572633
0.219501, -0.810549, -4.498491
0.102148, -1.730869, -5.264154
0.289687, -0.959556, -5.186666
0.440182, -1.167633, -6.220393
0.733179, -0.729099, -4.592196
0.340355, -1.008802, -6.212714
0.127352, -1.719235, -4.967003
-0.156131, -0.710563, -5.978423
-0.059590, -0.899261, -5.283433
-0.300567, -0.544405, -6.177948
-0.303839, -0.712858, -6.058885
-0.086827, -0.725858, -4.460715
-0.069052, -0.832494, -5.044973
0.318517, -0.966939, -5.691927
0.032610, -0.979719, -5.748930
-0.681475, -0.497054, -6.158902
-1.611790, -1.746114, -6.207855
-1.469469, -1.069916, -6.207127
-1.207920, -1.052624, -6.228458
-0.237701, -0.793365, -6.165838
-0.105920, -0.573790, -5.937677
-0.567412, -0.631357, -5.947924
-1.157879, -0.755269, -6.158364
-0.626168, -0.563501, -5.947960
-1.688478, -1.371145, -6.244202
-1.266362, -0.487237, -6.151864
-1.646389, -0.853264, -6.130579
-1.859388, -1.818920, -6.221503
-1.670574, -1.539261, -6.237545
-0.926987, -0.393850, -5.589721
-1.560892, -0.822988, -6.215422
-1.339833, -0.192323, -5.644916
-0.786754, -0.121062, -4.983445
-0.299302, -0.478501, -4.537416
-0.572174, -0.440755, -4.841433
-1.010360, -0.318718, -5.625051
-0.743950, -0.493701, -5.730433
-1.587078, -0.812202, -6.195993
-1.092022, -0.374422, -6.036652
-0.610877, -0.348206, -4.846913
0.068433, -0.220807, -4.315846
-0.628714, -0.397185, -4.976278
0.380560, -0.059550, -3.754174
-1.614069, -0.854933, -6.199533
-0.717449, -0.298915, -5.878107
-1.455122, -0.795394, -6.225364
-1.594642, -0.554807, -6.062336
-1.586968, -0.497008, -6.095002
-0.593843, -0.319830, -5.690513
-1.199949, -0.398072, -6.030322
-0.524361, -0.289173, -4.720376
-0.662793, -0.294370, -6.190598
0.539815, -0.128229, -4.147182
-0.951727, -0.322828, -6.067337
-0.286833, -0.499000, -4.801877
-0.928597, -0.428915, -5.862721
1.049229, -0.558946, -5.152649
-0.069028, 0.444370, -3.636903
0.408175, 1.436241, -3.601315
-0.366206, -0.439880, -4.662824
-0.819469, -0.343730, -5.539269
0.219814, 0.301750, -3.660036
-0.176417, -0.432630, -4.716089
-1.050882, -0.372051, -6.140049
-1.733963, -0.932863, -6.048391
-1.361443, -0.441427, -6.071635
-0.551338, -0.411003, -4.997880
-1.183138, -0.232377, -5.617188
-1.605468, -0.832145, -6.184767
-1.138949, -0.371785, -6.297909
-1.572741, -0.454736, -5.968459
-1.624344, -0.885444, -6.215483
-1.211048, -0.344367, -6.041153
-1.298573, -0.256347, -6.183036
-0.985805, -0.374894, -6.093634
-0.782463, -0.743292, -6.174601
-0.961008, -0.416279, -6.073368
-1.126525, -0.419242, -6.147971
-0.747585, -0.460547, -6.217084
-0.235336, -0.535079, -5.844644
-0.379081, -0.571663, -6.291540
-0.509255, -0.428574, -6.199450
-0.461288, -0.528633, -6.149667
0.015442, -0.946290, -5.825685
-0.218612, -0.523649, -5.975280
-0.007379, -0.433348, -5.961665
-0.277880, -0.431999, -6.028600
0.319899, -1.076702, -5.595173
0.118770, -1.427710, -5.119462
-0.083886, -0.479598, -5.710485
0.030484, -0.723156, -5.880135
0.352622, -1.136047, -6.237060
0.384767, -1.163089, -5.698024
0.171519, -0.998696, -5.341892
0.167766, -0.974165, -6.129518
0.180112, -0.972488, -6.103153
-0.025576, -0.447792, -5.914214
-0.161420, -0.490305, -5.990150
-0.268195, -0.448898, -5.580241
0.146172, -0.856720, -5.975942
-0.095773, -0.569485, -5.458993
0.001001, -0.677644, -6.209012
0.220654, -0.535212, -6.184444
-0.538723, -0.447011, -6.272149
-0.310773, -0.363277, -5.033686
-0.509992, -0.328090, -6.021519
-0.633821, -0.299054, -6.057818
0.053441, -0.382632, -5.042601
-0.330845, -0.409806, -6.084017
-0.168006, -0.223097, -6.223734
-0.525934, -0.367870, -6.187530
-0.852072, -0.089780, -5.650519
-1.008713, -0.188892, -5.942465
-1.043891, -0.088644, -6.197937
-1.009937, -0.007354, -5.275550
-0.853391, -0.299562, -6.202112
-0.587676, -0.276756, -5.898205
-0.608757, -0.232441, -5.635139
-0.974603, -0.195055, -6.183828
-0.478107, -0.196909, -5.621318
-0.520114, -0.212702, -5.672943
0.010668, -0.355842, -4.182476
-0.465308, -0.076726, -4.465469
-1.044772, -0.172498, -6.202602
-1.267690, -0.214447, -6.068067
-1.286772, 0.025644, -5.495671
-1.169532, 0.035053, -5.698912
-0.000078, -0.299245, -5.875076
0.425079, -0.147307, -3.772614
0.380586, -0.311768, -3.927593
-0.221439, -0.426610, -4.327953
0.296678, -0.413485, -4.002121
-0.193623, -0.340435, -4.203412
0.438303, -0.193815, -3.795431
0.294385, -0.216676, -6.257124
-0.914879, -0.027696, -5.853429
-1.024809, 0.054158, -5.976795
-0.801950, -0.213884, -4.702012
-1.161822, 0.094409, -5.841616
-0.254782, -0.320552, -4.336185
-0.498357, -0.212383, -4.477476
-0.513761, -0.261920, -4.871054
0.629831, -0.252897, -4.256794
-0.688086, 0.226430, -4.594611
-0.728709, 0.164014, -5.049282
-0.650300, 0.207494, -4.722031
-0.650232, 0.056507, -4.841974
-1.143243, 0.282573, -5.551455
-0.292406, -0.226531, -4.223217
-0.293948, -0.055908, -4.232539
-0.300882, -0.057026, -4.179474
-0.472673, -0.123450, -4.421903
-0.207215, -0.433726, -4.366902
-0.461060, -0.147017, -4.346433
-0.447345, -0.018317, -4.346448
-0.281129, -0.551541, -5.912628
-0.262473, -0.824698, -4.509099
-0.401659, -0.365916, -4.950527
-0.205643, -0.401321, -4.219440
-0.422204, 0.002766, -4.337778
-0.285674, -0.029444, -4.304073
-1.238470, 0.357711, -5.574055
-0.616889, 0.226665, -4.653130
-1.200928, 0.193595, -5.779865
-1.239468, 0.142705, -5.743274
-1.758345, -0.120665, -5.447483
-0.839144, 0.202670, -5.044317
-0.983765, 0.265639, -5.624207
-1.159979, 0.098632, -5.581091
-0.986419, 0.213353, -6.220340
-0.979240, 0.387059, -5.553519
-0.965850, 0.060783, -5.854969
-0.865525, -0.030104, -5.007728
-0.695736, 0.017423, -5.896006
-1.096771, 0.305805, -5.517048
-0.248597, -0.179415, -4.800216
-0.742796, -0.099020, -4.926086
-0.743750, -0.034290, -5.924669
-0.717137, -0.191321, -5.031447
-0.386693, -0.254937, -5.984714
-0.537145, -0.148242, -5.536061
-0.622282, -0.115409, -5.922149
-0.600977, -0.116282, -5.674037
-0.448250, -0.150567, -5.912002
-0.404327, -0.275327, -6.247524
-0.483071, 0.142589, -6.238675
-0.569391, 0.076456, -6.109009
0.178439, -0.251277, -6.296309
0.069437, -0.556413, -5.931695
0.280769, 0.007288, -6.272004
-0.023883, -0.121560, -6.116693
0.891591, 0.434918, -6.225101
0.712580, 0.383090, -4.565477
0.771127, 0.782932, -4.652124
0.454416, -0.163909, -5.958910
0.543487, -0.428319, -4.672568
1.067289, 0.227763, -5.328486
1.195547, -0.019728, -5.032835
0.963367, 0.417433, -5.971970
1.822879, -0.077972, -5.383937
0.366865, 0.127474, -4.404151
0.286114, 0.393555, -4.338238
0.761361, 0.465605, -5.904335
0.189895, -0.072224, -4.303282
0.944238, 0.438849, -4.583700
0.775669, 0.674707, -4.585280
0.573294, 0.550991, -4.536932
1.177729, 0.355865, -5.882035
1.096909, 0.443717, -5.860396
1.359310, 0.481270, -5.912433
2.191869, 0.510262, -5.867526
1.027064, 0.290126, -5.300388
2.019791, 0.429664, -5.369963
0.757712, 0.794666, -4.714365
0.572062, 0.694541, -4.436973
1.133812, 0.298276, -6.098631
0.853772, 0.343002, -6.208358
1.030295, 0.555542, -6.281380
1.116643, 0.525415, -6.208217
1.039783, 0.331845, -5.996068
0.854269, 0.336539, -5.809514
1.385455, 0.448501, -5.964619
1.118479, 0.459323, -6.011834
0.529570, 0.098521, -5.859210
0.129142, -0.067640, -5.664907
0.479881, 0.419667, -6.146132
-0.107417, -0.073312, -5.900906
0.423108, 0.041268, -5.599061
0.335778, -0.030091, -5.541989
0.497291, 0.353773, -5.959547
0.380862, 0.228119, -5.814569
-0.108441, 0.339166, -6.295926
0.083665, 0.249441, -6.298440
0.517836, 0.195281, -5.982050
-0.072241, 0.173374, -5.962183
0.562320, 0.208533, -5.977712
0.559450, 0.317877, -6.193272
0.402275, 0.357609, -6.271304
0.065443, 0.013109, -5.876790
0.107707, 0.295565, -5.573242
0.090386, 0.208524, -5.149025
0.342934, 0.714118, -6.059895
0.265106, 0.397255, -5.664816
-0.123177, 0.418189, -5.999810
0.135332, 0.533428, -6.008680
0.273007, 0.234243, -5.229096
0.132083, 0.230465, -5.456744
-0.117030, 0.331748, -5.753547
-0.186992, -0.130942, -5.731802
0.457863, 0.754518, -6.107761
-0.075299, 0.469020, -6.119750
0.656699, 0.441166, -5.499959
0.104018, 0.064181, -5.730694
0.668417, 0.662048, -6.098382
0.149594, 0.250266, -5.594385
0.956903, 0.606274, -6.156519
0.212378, 0.091687, -6.078448
1.003796, 0.844534, -6.225816
1.060619, 0.839620, -6.169115
1.368995, 0.503862, -5.850194
1.340849, 0.478922, -6.129097
1.391144, 0.958049, -6.159286
0.865431, 0.628083, -5.972561
1.874747, 0.598487, -5.903134
2.117266, 0.550624, -5.823340
1.181192, 0.641187, -5.924216
1.976214, 0.552749, -6.001712
1.091704, 0.529929, -6.222073
1.054695, 0.420420, -5.393183
1.457990, 0.625733, -5.860609
1.665146, 0.785944, -6.006394
1.151977, 0.156360, -4.646471
1.919379, -0.015885, -5.048199
1.376495, 0.436507, -5.191934
1.017265, 0.336502, -5.011561
0.121086, -0.154873, -5.631733
1.230491, 0.142616, -4.655221
1.019101, 0.288406, -4.932826
1.872548, 0.577985, -5.962713
0.415151, -0.034480, -4.319503
1.017101, 0.534174, -5.902758
1.170368, 0.676125, -6.202796
1.178003, 0.586063, -5.980490
1.283682, 0.844289, -6.007009
0.500602, 0.360769, -4.419170
1.359833, 0.997764, -6.163871
-0.340381, -0.150841, -5.321010
-0.291145, 0.505352, -5.621009
1.257538, 0.559992, -6.297184
0.483354, 0.363168, -5.333232
0.102835, -0.022994, -5.188507
0.300793, 0.063146, -5.104410
-0.209522, 0.052075, -5.384805
0.529195, -0.015268, -5.100471
-0.333351, -0.359804, -4.731936
0.496159, -0.005201, -5.186095
0.782314, 0.694506, -5.781300
0.332167, -0.115107, -4.814264
1.281291, 0.909433, -6.132060
0.888546, 0.320226, -4.711232
0.727195, 0.364803, -5.300878
0.548806, 0.226330, -4.919102
0.492265, 0.233066, -5.303310
1.420781, 1.240933, -6.190711
1.397937, 1.157314, -6.176409
1.694007, 2.060190, -6.208032
1.858060, 2.107904, -6.184537
2.224670, 1.266567, -6.194183
1.522316, 1.248027, -6.218873
1.624266, 0.679513, -5.457372
2.012268, 1.999671, -6.176063
0.910134, 1.141768, -6.202858
0.838312, 0.611209, -5.998807
0.916288, 1.350144, -6.243326
1.086622, 1.751006, -6.267807
1.361635, 1.296294, -6.151408
1.076637, 0.865755, -6.230968
1.289171, 1.848819, -6.137150
1.214063, 1.523988, -6.237924
0.533863, 0.940958, -6.094218
0.427879, 0.535763, -5.741361
0.570015, 1.142775, -6.025808
0.355606, 0.812885, -5.886337
0.551298, 0.651345, -5.612450
0.488694, 0.539292, -5.485452
0.760840, 1.417207, -6.069113
0.857439, 1.717971, -6.170023
0.261609, 1.101016, -6.042789
0.341648, 0.696022, -6.056078
0.341756, 1.067013, -6.268342
0.138425, 1.129118, -5.002860
0.346618, 1.036519, -6.035016
0.285272, 0.916201, -6.122497
0.277374, 1.257269, -5.612050
0.333403, 1.020091, -5.515407
-0.124062, 1.178007, -5.005959
0.306479, 1.325247, -6.066521
-0.028316, 1.140528, -4.676883
0.257634, 1.470938, -5.904906
0.565026, 1.547903, -5.927276
0.479634, 1.392108, -6.169117
0.206766, 1.323867, -4.729440
0.460661, 0.978440, -5.895419
0.403238, 1.149541, -6.169426
0.405967, 1.370963, -6.235746
0.065318, 1.319609, -4.964452
0.520619, 1.475112, -5.941257
0.922332, 2.141155, -6.067900
0.414713, 1.055229, -5.888923
0.872995, 1.410948, -6.063561
0.535681, 2.258795, -6.059074
1.079723, 2.047789, -6.192634
0.808194, 1.560361, -6.039080
0.994919, 1.564027, -6.152441
1.234098, 1.967465, -6.194829
1.147400, 1.764055, -6.167370
1.325392, 1.854662, -6.160139
1.170435, 2.233691, -6.212193
1.279548, 1.865731, -6.203169
1.933946, 1.998173, -6.178713
1.751650, 2.364762, -6.234602
1.137374, 2.174737, -6.185298
1.152253, 1.957078, -6.064165
1.153242, 1.196305, -6.082782
1.291722, 1.119855, -6.277163
1.252412, 1.842644, -6.020466
1.085729, 1.808137, -6.059203
1.061949, 0.923111, -5.929723
1.345412, 1.137994, -6.159771
1.194581, 2.171992, -5.924468
1.610051, 2.151786, -6.219889
0.673337, 0.837919, -5.184893
1.187264, 1.261473, -6.168043
1.577474, 0.565677, -5.317502
1.395998, 1.953656, -6.036723
0.373516, 0.274545, -4.742337
0.305481, -0.048671, -4.833211
-0.012907, 0.091569, -5.630581
1.685368, 0.792256, -6.012897
-0.252894, -0.357642, -4.948434
0.534069, 0.120982, -5.102328
0.679378, 0.861721, -5.319486
-0.083542, -0.071732, -5.460248
2.178263, 1.207779, -6.054192
0.472315, 1.327860, -5.605673
0.803795, 2.268075, -6.144240
2.254831, 2.248088, -6.151044
0.597999, 0.503476, -5.074985
-0.136279, -0.107697, -5.021390
0.726703, 1.463672, -5.936635
1.020557, 0.300524, -4.842501
1.322826, 2.268285, -5.920437
1.257968, 1.378261, -6.189287
1.029342, 1.745678, -6.001542
1.327079, 2.064146, -6.198364
1.205561, 1.714305, -5.952939
1.403218, 1.859098, -6.082054
1.219306, 1.425030, -6.064473
1.402054, 1.976764, -6.051071
0.910602, 0.832004, -5.457394
1.013501, 1.898825, -6.193954
0.094090, -0.201539, -4.926988
0.566391, 1.510302, -5.600608
1.035051, 1.606001, -6.088070
1.642443, 2.148915, -6.203572
0.759007, 0.559318, -5.163333
1.455324, 2.209388, -6.025058
0.628667, 0.860492, -5.330192
0.747734, 1.066084, -5.807677
0.340831, 0.381864, -5.266726
0.456984, 0.643896, -5.831026
0.458498, 0.482073, -5.329031
0.706520, 0.800308, -5.832994
-0.376991, -0.170561, -4.580036
0.110693, -0.216100, -4.972485
-0.123238, 0.112024, -4.361421
0.182063, 0.049620, -4.668112
0.448943, 0.953998, -6.207244
0.369970, 0.971771, -4.939455
0.171615, 0.134817, -5.050847
-0.014681, 0.139259, -4.403213
0.381835, 0.564283, -5.732734
0.335127, 0.241518, -4.497901
0.086759, 0.677671, -4.654475
0.013773, 1.148224, -4.647887
-0.088474, 0.319251, -4.647930
-0.238118, 0.357715, -4.628307
0.313680, -0.176963, -4.630012
0.460673, 0.651243, -5.398736
-0.354988, 0.781641, -4.930845
-0.144192, 0.422188, -4.675303
0.318746, 0.838271, -6.205070
-0.233737, 0.039771, -3.676440
0.282839, 1.247075, -6.222734
0.327077, 1.235326, -5.914440
-0.325486, 0.596695, -4.766346
-0.203891, 0.577811, -4.705877
-0.179959, 0.673340, -4.690691
0.240307, 0.881392, -4.667564
0.343493, 0.159328, -4.956962
0.489800, 1.762163, -5.919066
0.325290, 0.818754, -5.433157
0.508966, 1.205408, -5.937933
0.301676, 0.241651, -5.052876
0.342478, 0.688477, -5.637566
0.881552, 2.175204, -6.143170
0.548319, 1.896865, -5.859085
-0.153782, 0.352900, -5.360884
0.062015, -0.352101, -4.516865
1.057530, 1.645967, -6.210523
-0.077433, -0.035854, -5.788754
0.195400, -0.165039, -4.928485
-0.158443, -0.399733, -4.579777
0.593602, 0.270102, -4.965868
0.414417, 0.577320, -5.693256
-0.046284, -0.247351, -4.647143
0.504726, 1.218680, -5.481097
1.077766, 2.225154, -6.185175
0.700106, 1.735378, -6.091286
0.731215, 0.546573, -5.189422
1.107138, 2.243169, -6.193803
0.563698, 1.441672, -5.531143
0.626852, 1.570111, -5.865635
0.703472, 0.827083, -5.723069
0.769052, 0.768582, -5.277647
0.642218, 2.042054, -5.987625
0.630663, 1.727416, -6.010738
1.592672, 0.655310, -5.473766
0.665531, 0.520059, -4.984049
0.451819, 1.192345, -5.383711
0.525160, 1.486765, -5.775850
0.579299, 1.134788, -5.494140
1.964374, 0.943395, -6.164167
0.569960, 0.542490, -4.981857
2.158338, 2.069572, -6.185186
0.819385, 2.314602, -6.061708
1.233680, 1.656703, -6.037631
0.910706, 0.718154, -5.390932
-0.008576, 1.100865, -4.872714
0.880253, 0.653102, -5.396061
0.929617, 0.555554, -5.160885
0.652484, 1.574404, -5.809869
0.884379, 1.950903, -6.015300
0.562599, 0.746588, -5.592403
-0.067482, 1.310518, -4.984471
0.093039, 1.088835, -5.001144
-0.032684, 1.252472, -4.849699
0.368881, -0.022539, -5.276134
1.008315, 1.599936, -6.066238
0.926908, 1.344682, -5.994007
1.196119, 1.558260, -6.140255
0.549259, 1.231497, -5.780412
1.831100, 0.968573, -6.158926
0.989028, 0.994991, -5.901907
0.883582, 1.211903, -6.006327
0.462126, -0.117486, -4.748689
0.783190, 1.876862, -6.233678
-0.228784, -0.184723, -5.987676
0.319865, -0.408507, -4.535647
0.831384, 2.248110, -6.018613
0.618676, 1.842658, -6.027251
0.502150, -0.192307, -4.580969
0.601783, 0.435430, -4.787399
0.824880, 1.300031, -6.000193
-0.175299, -0.232822, -5.313279
0.805043, 1.191228, -6.127838
0.418338, 0.319127, -4.911811
0.369881, 0.283275, -4.922883
0.260789, -0.300519, -4.445318
0.394993, 0.648426, -4.760635
-0.237188, -0.490753, -4.275930
0.549428, 1.228270, -5.699416
0.768029, 1.387224, -6.088318
0.514262, 0.887264, -5.676687
-0.023764, 0.868477, -4.610423
0.887814, 2.138127, -6.133557
0.885295, 1.859848, -6.160887
0.952738, 1.552378, -6.159822
0.141147, 0.206553, -4.834563
0.078526, 0.663356, -4.558759
-0.295810, 0.392187, -4.507731
0.240254, 1.099162, -6.258102
-0.095965, 0.649060, -4.672129
0.462341, 1.009079, -5.446749
-0.033724, -0.085425, -5.144610
0.175035, 0.034690, -4.781758
0.359970, 0.401116, -4.590321
-0.314798, 0.610052, -4.762487
-0.135244, 0.575768, -4.678873
-0.147939, 0.098347, -3.738213
0.220853, 0.778299, -5.796777
-0.261991, 0.771558, -4.859951
0.022509, 1.035484, -4.687327
-0.310757, 0.716835, -4.791371
0.438069, 0.580225, -5.392897
0.259516, 0.015389, -4.808252
0.297839, 0.413893, -4.529577
0.472946, 0.784480, -5.986223
0.161960, 0.289866, -4.766554
0.597090, 0.618102, -5.097992
-0.008347, 0.120816, -4.427941
0.301607, 0.360106, -5.503913
-0.156885, -0.136580, -5.584505
0.517008, 0.543815, -5.179262
-0.247528, -0.551099, -4.467575
-0.442551, 0.133364, -5.582500
-0.132077, 0.459309, -6.103913
0.096002, -0.237150, -4.908505
0.134083, -0.031231, -5.324831
-0.139119, 0.538769, -6.185587
0.302005, 0.072657, -4.570846
1.107389, 1.044940, -5.833727
-0.274691, -0.257924, -4.933006
0.711503, 1.218649, -5.829969
1.104890, 0.849529, -5.891333
1.069833, 2.253369, -6.035113
1.098131, 1.973645, -5.983902
0.656501, 2.243487, -6.035916
0.713438, 0.703129, -5.927303
2.194858, 2.046869, -5.980870
1.391748, 2.095520, -6.115501
2.115930, 1.123991, -6.150264
0.956225, 0.950116, -5.709258
1.012545, 2.265624, -5.861311
1.057968, 1.211839, -5.949384
2.221277, 1.835502, -6.055296
0.638597, 1.788732, -6.199853
0.395858, 0.169170, -4.853857
0.653241, 0.727396, -5.250596
0.554693, 0.916521, -5.244703
0.438079, 0.842613, -5.074498
0.566288, 0.332203, -4.973032
0.953510, 0.052320, -4.627141
0.878063, 1.647139, -6.205475
0.614111, 0.740853, -5.240603
-0.409536, 0.069583, -4.921002
0.173835, -0.088425, -5.056961
-0.372043, -0.009168, -6.225382
1.039750, 0.649300, -5.468089
-0.081991, -0.004632, -5.612168
0.453208, -0.034414, -5.425666
0.499682, 1.133846, -5.591636
0.437663, 0.079135, -4.881141
1.235931, 0.697270, -5.667647
0.592418, 1.469519, -5.743747
1.167788, 1.237023, -5.948167
1.258389, 1.454475, -6.142823
-0.345880, -0.203088, -4.888371
1.206849, 0.674583, -5.672958
1.229231, 1.210562, -6.214975
1.029877, 0.721680, -5.698566
1.179986, 1.448889, -6.114671
1.352998, 1.810781, -6.128859
1.048477, 1.614889, -5.963074
0.928911, 1.365508, -6.011822
1.629858, 2.346836, -6.224707
1.269206, 0.799268, -5.801897
1.414387, 2.262095, -5.888559
1.896711, 2.013162, -6.203052
1.045606, 2.119307, -6.158463
1.223562, 2.161688, -6.171449
0.614015, 0.891190, -5.648124
0.720326, 1.087561, -5.887438
1.410820, 2.196075, -6.209842
1.911469, 2.338547, -6.217706
0.977271, 1.440378, -6.062857
1.212894, 1.911906, -6.220677
0.421736, 1.020514, -5.881040
0.362065, 1.076035, -5.853587
0.138260, 0.525851, -4.508915
0.138730, 0.659478, -4.640599
1.197721, 2.209232, -6.150793
0.869661, 1.883959, -6.147944
0.615049, 0.893407, -5.679532
0.969556, 2.178451, -6.188251
-0.120753, 2.050184, -6.001009
0.402581, 1.610719, -6.022983
0.244759, 1.320663, -5.945553
0.068595, 1.024774, -5.019922
0.216319, 2.311891, -5.941817
0.565384, 1.660019, -5.922365
-0.045281, 0.570183, -4.594570
-0.169351, 0.824142, -4.718542
0.252648, 0.988460, -5.926798
0.092167, 0.523276, -4.831770
0.346365, 1.179136, -5.717508
0.323981, 1.172523, -5.969107
0.413981, 0.536252, -5.848124
0.296609, 0.771592, -4.811629
0.337043, 1.103260, -6.012965
0.367771, 1.012948, -5.588844
0.596390, 0.866528, -6.103817
0.422586, 0.299954, -5.322586
0.405147, 0.890873, -5.881144
0.622908, 1.128447, -5.980235
0.709056, 1.205787, -6.073462
0.550556, 0.656151, -5.792406
0.867370, 1.651549, -6.185398
0.857149, 1.432764, -6.133029
1.410728, 1.628997, -6.196934
1.034554, 1.318265, -6.224339
1.264166, 2.133876, -6.174744
0.871169, 1.129025, -6.205292
1.424866, 1.453633, -6.171976
1.087495, 1.259559, -6.244239
1.428392, 1.781367, -6.193034
1.357039, 1.884176, -6.176625
1.386347, 1.439675, -6.160309
1.511787, 1.547232, -6.206928
2.145217, 1.828494, -6.177032
1.681282, 1.847080, -6.199189
1.212307, 1.195284, -6.160431
1.292127, 0.944539, -6.107269
1.142689, 1.107536, -6.178825
1.463800, 1.686404, -6.239439
-0.082976, -0.009201, -5.383140
0.346062, 0.117487, -5.168502
0.871880, 0.708374, -5.440642
0.681648, 0.922359, -5.457581
-0.113371, 0.136535, -5.851775
0.895242, 0.590859, -5.664888
-0.377062, -0.113618, -4.705925
0.331469, 0.083161, -5.214349
0.570543, 0.338844, -5.281750
-0.340956, -0.072677, -5.671160
0.177226, 0.229211, -5.862617
-0.273278, -0.198684, -5.124116
0.429671, 0.463374, -4.924096
0.858732, 0.697193, -5.651312
-0.250415, -0.126006, -5.937515
-0.556125, -0.280354, -4.231073
0.600076, 0.371303, -5.503647
0.865489, 0.745722, -5.981543
1.305145, 0.963533, -6.131005
0.592153, 0.306751, -5.528708
0.824867, 0.356036, -4.501805
1.272580, 0.478613, -5.970149
1.290275, 0.584278, -6.022317
0.827727, 0.692216, -5.834321
0.658661, 0.446355, -4.455639
0.939946, 0.230912, -5.262245
0.600027, 0.331727, -5.847448
0.806846, 0.339780, -5.452321
0.430077, 0.299911, -4.408961
0.291608, -0.085488, -3.679034
0.197796, 0.118592, -5.302039
0.508827, 0.516580, -6.043804
2.185015, 0.247442, -5.705352
2.257766, 0.534532, -5.974557
1.336844, 0.503095, -5.910937
1.454765, 0.580150, -5.928604
1.274260, 0.335994, -4.924753
0.736980, 0.738176, -4.640950
1.369111, 0.982339, -6.133657
1.879849, 0.570124, -6.045117
0.983007, 0.591595, -6.179856
0.872705, 0.531682, -5.748380
0.969175, 0.820706, -6.175903
0.880471, 0.701170, -5.974021
1.072401, 0.725759, -6.295130
1.011144, 0.591784, -5.985887
1.230464, 1.042756, -6.047911
1.030726, 0.793777, -6.129987
0.350923, 0.569598, -6.252132
0.042238, 0.321778, -6.103105
0.431711, 0.449478, -5.507496
0.616524, 0.865906, -5.964549
0.924262, 0.691787, -6.245135
0.624700, 0.441654, -5.620264
0.685481, 0.822294, -6.185188
0.642844, 0.847074, -6.272922
0.186912, 0.462871, -5.949427
0.213419, 0.646539, -6.203538
0.320695, 0.704770, -6.177624
0.343975, 0.695481, -6.185847
0.094273, 0.318718, -6.295110
-0.076677, 0.372931, -5.827920
0.499116, 0.417847, -5.300957
0.321753, 0.926875, -6.180446
0.580836, 0.202880, -6.136019
-0.218299, 0.444372, -6.297099
0.349236, -0.045120, -6.216162
-0.076511, 0.564502, -5.795239
0.460141, 0.150554, -5.912251
0.552069, 0.198806, -6.225000
0.447251, 0.212489, -5.997928
0.184704, 0.194507, -5.946781
0.726226, 0.377712, -6.206769
0.196869, 0.104846, -5.821054
0.276723, 0.379357, -6.296654
0.302488, 0.018657, -6.071115
0.588905, -0.270637, -5.109811
0.252447, 0.413899, -4.229508
0.748954, 0.473229, -5.727830
0.289349, -0.546150, -4.636066
0.936799, 0.349505, -6.099436
0.876726, 0.278929, -5.652982
0.875112, 0.358069, -5.796299
0.900421, 0.493249, -6.061788
1.217596, 0.268535, -6.224356
1.214677, 0.237683, -6.119183
1.335619, 0.471201, -6.069846
1.347705, 0.522600, -6.225776
1.050509, 0.470238, -5.560399
1.069058, 0.381276, -6.043640
1.013125, 0.476053, -5.700880
1.345141, 0.538159, -5.684888
0.700973, 0.100340, -4.718646
0.567454, 0.458575, -4.517061
0.562955, 0.261012, -4.494486
1.662168, -0.160544, -5.131699
0.257072, -0.055657, -4.378117
1.362652, 0.089573, -4.758602
0.208499, 0.249022, -4.302750
1.019381, 0.258901, -4.609883
0.364077, 0.392114, -4.367129
0.084660, 0.126723, -4.082034
1.490467, -0.026760, -4.804612
0.664452, 0.282175, -5.610758
1.897243, 0.359855, -5.838865
0.962707, -0.031837, -4.808252
1.013724, 0.495336, -6.098438
0.558208, 0.459153, -4.508748
0.639432, 0.405270, -4.462699
-0.287807, -0.136413, -5.103024
0.718509, 0.176161, -5.265539
1.194066, 0.384829, -5.864229
-0.837115, 0.649531, -6.226434
-0.036341, 0.786698, -5.722650
-1.560601, 0.410368, -5.687538
-0.308595, 0.083182, -5.912612
-0.453541, 0.006271, -5.501544
-0.260813, 0.470202, -4.928708
-0.563551, 0.786149, -5.961255
-1.317615, 1.226816, -6.165527
1.395476, 0.203226, -6.031213
1.620858, -0.879178, -6.182395
1.063699, 0.175551, -5.969154
1.207436, 0.274877, -6.155367
1.533675, 0.256858, -6.207602
1.544031, 0.274271, -6.183461
0.636926, 0.295646, -4.597087
0.884360, 0.137205, -6.059875
-1.274478, 0.038323, -5.655113
-0.192032, -0.528439, -4.526049
-0.798720, 0.035617, -5.283886
-0.468616, -0.279354, -4.499678
-0.570200, -0.267535, -4.774209
0.969255, -0.854684, -5.463446
0.996834, -0.765290, -5.338273
0.207065, -0.182668, -5.985376
-0.497052, -0.268582, -5.692782
-0.373425, -0.277812, -4.352141
-0.291848, -0.153575, -4.204746
-0.887251, 0.020565, -6.111632
-0.761609, -0.136502, -5.519211
-0.470234, -0.185467, -5.584719
-0.438942, -0.307422, -4.374824
-0.441444, -0.286205, -4.349807
-1.608588, -0.327276, -6.163910
-1.040065, -0.180672, -5.823220
-1.182085, -0.085128, -5.987174
-1.204657, 0.005174, -5.866848
-0.661981, -0.200823, -5.869611
-0.781066, -0.175272, -6.028645
-0.935327, -0.085862, -6.149938
-0.901904, -0.196729, -6.235201
-0.478927, -0.367973, -5.926742
-0.444127, -0.463924, -5.960886
-0.656373, -0.207138, -5.208619
-0.812655, -0.142316, -6.247098
-0.271338, -0.410584, -5.972585
-0.317864, -0.481398, -5.022123
-0.270019, -0.360317, -5.210014
-0.519713, -0.376901, -6.140823
-0.068351, -0.411686, -5.623480
-0.075523, -0.485952, -6.157714
-0.076605, -0.592092, -6.225145
-0.116015, -0.545136, -6.047028
0.160396, -0.876043, -6.226588
0.112686, -0.790590, -5.993083
-0.084382, -0.624519, -5.837709
0.082289, -0.615109, -6.074632
0.643851, 2.187989, -6.113163
-0.069386, 1.537412, -6.037577
0.228519, 2.141826, -5.483297
0.137416, 0.761606, -5.076922
-0.023724, 0.978561, -5.497334
-0.079248, 0.920896, -5.569370
0.177554, 1.256195, -5.011135
0.221180, 0.767547, -5.601631
0.451751, -0.791619, -6.103010
0.283608, -0.697008, -6.234602
0.322648, -0.043388, -5.929237
0.396379, -0.202979, -5.668135
0.443247, -0.601662, -6.165382
0.639450, -0.770202, -6.197809
0.417131, -0.508418, -5.742439
0.372646, -0.222869, -5.601933
-0.136899, 0.237586, -4.791770
-1.553068, 0.112528, -5.285773
0.245070, 0.809813, -5.703181
0.450451, 1.276444, -5.921876
-0.007028, 0.569406, -5.454383
0.433200, 1.484653, -5.450008
-0.059208, 0.387236, -5.327399
0.201563, 0.909545, -5.318662
0.534074, -0.867880, -5.615805
0.538841, -0.941908, -6.184868
0.379711, -0.495024, -5.521003
0.444231, -0.644944, -5.635446
0.739401, -1.193776, -5.978123
0.791625, -0.876017, -6.074807
0.708191, -0.881674, -6.272923
0.591911, -0.477862, -5.109841
-1.491997, 0.953152, -5.557524
0.186330, 0.647083, -5.297484
-0.384034, -0.007993, -4.737327
-0.028373, 0.085737, -4.817490
-0.981433, 0.173753, -5.652295
0.598924, 1.663152, -5.265651
-1.254656, 0.557194, -5.654939
0.065342, -0.591740, -6.031843
0.731170, -1.050106, -6.053747
0.398117, -0.724363, -5.462527
0.750488, -0.881236, -6.025316
0.606561, -0.548619, -5.216758
1.091211, -1.500777, -6.110236
1.195076, -1.517468, -6.199930
1.289850, -1.239056, -6.139337
0.948630, -0.484400, -6.028767
0.051000, -0.748524, -4.986007
0.970829, 2.049846, -5.130018
-0.278890, 0.070636, -4.348119
0.103701, 1.272973, -6.185327
-0.458926, 0.009485, -5.002614
-0.185319, 0.105932, -4.577490
0.459670, -0.476495, -4.947981
-0.625010, -0.142565, -6.058130
1.282334, -1.546541, -5.591343
1.573690, -1.690949, -6.148044
1.119553, -1.518239, -5.804010
1.264152, -1.519040, -6.182212
2.040477, -1.716423, -6.077490
1.165528, -1.613166, -5.777681
0.521414, -0.784989, -4.883489
1.088283, -1.486885, -6.082580
-0.524887, 0.976443, -5.987525
-0.039796, -0.038003, -4.656662
-0.543242, 0.281432, -5.757727
-0.314967, 0.217485, -5.263672
-0.256627, -0.026591, -5.902858
-0.324730, 0.017146, -5.558924
-0.354247, -0.086029, -4.947570
-0.304056, 0.191136, -4.871391
0.829270, -1.288367, -5.780518
1.318641, -1.735377, -6.202912
0.616473, -0.146766, -5.773983
0.375358, -0.437826, -5.394973
0.845019, -1.080470, -6.115031
0.778493, -0.502073, -6.089209
0.562522, -0.588283, -5.379156
0.704499, -0.466235, -5.916929
-0.605350, 0.710683, -6.224768
-0.089290, 0.200970, -5.802122
0.009759, -0.577563, -5.545565
-0.267965, 0.055666, -5.263274
-0.354781, 0.465284, -5.881312
-0.361864, 0.829579, -5.812571
-0.010777, 0.171317, -4.505270
-0.025150, 0.549901, -5.624606
0.477004, -0.514198, -5.967361
-0.314027, -0.108298, -5.996156
1.002817, -1.377946, -5.822769
0.240562, -0.534652, -5.474197
0.719242, -0.432037, -5.266097
0.330647, -0.458280, -6.090644
0.539164, -0.449873, -4.928444
1.324194, -1.813105, -5.948954
0.306548, 1.867497, -6.174032
-1.189631, 2.058921, -6.264723
0.077932, 1.505668, -6.053711
-0.037072, 1.413282, -5.962133
-0.078485, 1.384317, -6.133700
-0.405996, 1.271487, -5.993421
0.117572, 1.272967, -6.122413
0.439717, 1.553598, -5.408838
1.332810, -1.661600, -5.731375
1.849012, -1.501863, -6.210835
2.099393, -1.712265, -6.049762
1.181522, -1.786074, -6.121039
1.903081, -0.900399, -6.196234
1.853179, -0.659039, -6.147372
0.641210, -0.606882, -5.568768
0.675718, -0.891542, -6.052219
0.368421, 1.322759, -5.222349
-0.127726, 1.224523, -5.633562
-0.431346, 0.597451, -5.312495
0.435195, 1.405113, -5.990293
-0.200989, 1.348382, -6.223206
-0.567150, 1.801917, -6.228448
-0.931743, 0.640759, -5.357694
0.268975, 1.519055, -5.658403
1.183738, -1.753985, -6.165400
1.196998, -1.719645, -5.569294
1.094535, -1.666576, -6.224792
1.204919, -1.644358, -6.192428
1.341868, -1.838930, -5.868279
1.748333, -1.851557, -6.166897
1.614655, -1.953686, -6.120261
0.825361, -1.234142, -6.269960
0.284384, 0.717373, -5.503805
-0.403028, 0.559944, -5.472395
-0.047695, 0.078809, -4.673930
0.079388, 0.534009, -5.142286
-0.457551, 0.614366, -5.654952
0.306505, 1.400463, -5.419568
-0.639242, 0.893280, -5.767559
-0.148690, 0.123088, -4.633770
0.798543, -1.799044, -6.255617
0.573334, -1.357241, -5.721687
0.808532, -1.487337, -6.248350
0.743817, -1.454216, -5.786578
0.988691, -1.686057, -6.165476
0.909803, -1.657315, -5.933464
0.956847, -1.577926, -6.154978
0.684886, -1.391685, -5.922639
0.308837, 0.647614, -5.291435
0.458785, 1.294732, -5.207727
-0.192556, 1.155695, -6.081748
0.548258, 1.507022, -6.241870
0.620227, 2.089741, -5.029957
0.010429, 0.297092, -5.193025
-0.017998, 0.795191, -5.432122
0.170265, 0.997794, -5.822894
0.319769, -0.789006, -5.948474
0.375219, -1.041975, -6.234238
0.402076, -1.185606, -5.645755
0.288064, -0.916965, -5.499732
0.660832, -1.718926, -5.723948
0.553465, -1.219370, -5.921745
0.651836, -0.991215, -4.578315
0.470495, -0.614159, -5.872492
0.113745, -1.531921, -5.054943
0.320418, -1.167131, -5.657175
-0.169178, -0.947648, -5.105964
-0.115248, -0.658594, -5.360280
0.199090, -1.187622, -4.903334
0.310131, -1.037020, -6.246981
0.283297, -1.035192, -6.169937
0.273038, -1.019221, -6.100279
-1.497494, -0.672000, -6.211496
-0.986070, -0.248095, -5.513871
-0.028105, -0.082540, -4.528167
0.203745, 0.344084, -3.608050
-0.429154, -0.362974, -4.701161
-0.792737, -0.345565, -5.522304
-1.416047, -0.527742, -6.160292
-1.613444, -0.943973, -6.236401
-1.139619, -0.590030, -6.147780
-1.617537, -1.651524, -6.201993
-1.240468, -0.350845, -5.765506
-1.534003, -1.618232, -6.243237
-1.477705, -0.892530, -6.165187
-1.141703, -0.915169, -6.235970
-1.821385, -1.344901, -6.114364
-1.732165, -0.731422, -6.024378
-0.662132, -0.568888, -5.763873
-1.540349, -1.255826, -6.229574
-1.373171, -1.685324, -6.240581
-1.412991, -1.146786, -6.199473
-0.226949, -0.704525, -6.071303
-0.096645, -0.800501, -5.906050
-1.811383, -1.906105, -6.189728
-0.632551, -0.553231, -6.033914
0.087594, -0.682085, -4.358069
0.080518, -0.316392, -5.278294
0.263051, -0.874956, -5.539395
0.139918, -0.940497, -5.126523
0.325256, -0.674780, -4.383319
0.283617, -1.038327, -5.197997
0.505435, -1.317862, -6.197593
0.415632, -1.740058, -4.851214
-0.267853, 1.395765, -6.227867
-0.565504, 0.958761, -5.775208
0.356024, 0.692937, -5.312736
0.340130, 1.068009, -5.186497
-0.230734, 0.769369, -5.529765
-0.366493, 0.552720, -5.170338
0.146013, 0.579749, -5.023468
0.124345, 0.761800, -5.480622
0.841955, -0.960786, -4.845582
0.406255, -0.779918, -5.924885
0.350412, -1.750652, -4.653784
0.542823, -0.675237, -4.377860
0.303608, -0.204037, -5.075308
-0.591378, 0.138802, -5.564843
0.844655, -0.975604, -4.784576
0.341438, -1.881596, -5.162554
-1.506731, 0.138238, -5.450716
0.034196, 0.600629, -5.281235
0.143397, 0.661067, -5.835953
-0.804424, 0.338306, -5.234070
-0.369808, 0.386683, -5.017899
0.494429, 1.600423, -5.196723
0.152769, 0.684310, -5.251049
0.262954, 0.724288, -5.391800
0.809898, -0.941454, -4.966100
0.684743, -1.936090, -5.758101
0.585382, -1.941181, -5.675632
0.761353, -1.842604, -5.668682
1.018770, -1.552280, -5.590876
0.943593, -1.676673, -5.928528
0.958951, -1.812830, -5.787789
1.026374, -1.954667, -5.879327
-0.075103, 1.160299, -5.673255
0.240104, 1.224146, -5.423131
0.376869, 1.373531, -5.076968
0.215846, 1.562657, -6.105682
-1.170906, 1.297951, -6.203718
-1.261493, 2.204738, -6.145226
0.531618, 1.582779, -5.183709
-1.534434, 1.359432, -6.170479
0.235328, -0.797547, -4.907454
0.388488, -0.978860, -5.039353
1.083153, -1.719483, -5.628911
0.986250, -1.535178, -5.558453
0.376336, -0.750842, -4.887449
1.184160, -1.801871, -6.043171
1.748630, -1.912209, -5.953391
0.947286, -1.674607, -5.315303
-1.714384, 1.601618, -6.190188
-1.949616, 2.281414, -6.135036
-0.738594, 1.243747, -6.214975
-1.785447, 1.380518, -6.152504
-1.563753, 1.254875, -6.118042
-1.177789, 2.065779, -6.179809
-0.869252, 1.832604, -6.237463
-1.371364, 1.383888, -5.730209
0.916471, -0.431117, -6.126966
1.308306, -1.855722, -5.927742
1.028576, -1.507753, -5.887850
1.251278, -1.712115, -5.639237
1.303308, -1.859840, -5.927728
1.493444, 0.125664, -5.807080
1.624410, -0.118481, -5.984540
1.794999, -0.672138, -6.161867
-0.442350, 1.728194, -6.090690
-0.538401, 0.900022, -6.035575
-0.558816, 1.396225, -6.213852
-0.540510, 1.261123, -6.200201
-0.519712, 1.570673, -6.153549
-0.429045, 0.936998, -5.931862
-0.353004, 1.169577, -6.128068
-0.610142, 1.724832, -6.142952
0.390879, -0.821317, -4.447258
-0.053862, -0.449745, -4.189499
0.503353, -0.870283, -5.308307
0.509838, -0.350299, -4.294928
0.377934, -1.168418, -5.558950
0.539646, -1.589649, -5.475688
0.656203, -0.943763, -5.754975
0.798138, -0.251806, -5.436166
-1.145462, 0.892734, -6.183981
-0.758914, 0.707481, -6.089903
-1.081029, 0.982391, -6.207360
-0.813648, 0.978135, -6.099092
-1.549583, 0.935393, -6.126828
-1.744148, 1.004891, -6.190629
-1.971159, 1.324800, -5.878909
-1.800926, 1.243022, -6.046027
0.452286, -0.586118, -4.830369
0.637352, -0.210141, -4.930091
0.642252, -0.386345, -5.312302
0.611523, -0.828390, -5.325194
1.739842, -1.559967, -6.189112
2.101887, -0.484657, -6.153321
1.400330, -1.949190, -5.665725
1.268562, -1.457188, -5.478146
-0.808402, 0.438073, -5.812263
0.172892, -0.403528, -5.795824
-1.258072, 2.029629, -6.190911
-0.432049, 0.353644, -5.282140
-0.414464, 0.499402, -5.016271
-0.619686, 0.750723, -5.678967
-0.201349, 0.348851, -5.310971
-0.252282, 0.608222, -5.229152
0.471838, -1.022581, -5.123797
0.426561, -0.949022, -5.119433
0.576729, -1.117274, -5.255112
0.258486, -0.778584, -5.111892
-0.154951, -1.409586, -5.082368
0.447389, -0.598238, -4.938151
0.435779, -0.670336, -4.935537
0.852453, -1.314422, -5.619989
-0.448994, 0.842525, -5.916919
-1.597611, 1.050873, -6.180773
-0.275617, 1.192611, -5.770025
-1.837377, 1.430657, -5.727736
-1.928195, 1.068287, -6.191575
-0.671518, 0.692588, -5.754252
0.055769, 0.582388, -5.105095
-1.664385, 0.881635, -5.673588
0.856426, -1.614127, -5.584955
0.719742, -1.863873, -5.747601
-0.067369, -0.677306, -4.545555
0.168447, -1.427677, -4.842261
0.755394, -1.253312, -5.411255
0.361643, -0.935776, -5.011410
0.878210, -1.504837, -5.918822
0.928118, -1.937268, -6.164309
-1.657093, 0.315975, -4.996234
-1.667374, 0.410568, -5.098034
-1.614222, 0.170499, -5.476122
-1.311602, 1.628235, -6.177751
-1.509958, 0.792703, -5.558515
-1.082024, 1.040813, -6.199148
-0.168161, 1.328854, -6.240416
-1.823612, 1.522612, -6.222489
0.654562, -1.546301, -5.888944
0.015721, -0.226982, -5.968216
0.826683, -0.689167, -4.798788
-0.146817, -0.022767, -6.179603
0.613420, -1.694305, -6.017238
0.647549, -1.862393, -5.614291
0.716097, -0.566116, -4.395808
0.309065, -0.107273, -6.014688
0.180412, -0.225821, -5.656317
0.270156, -0.243251, -5.577068
0.152809, -0.098873, -5.824116
-0.255190, -0.752561, -4.589950
0.455711, -0.996154, -6.028665
0.129945, -0.240831, -5.986069
0.143055, -0.197362, -5.309874
0.353486, -1.157300, -5.564415
-1.119046, -1.031208, -6.160614
-0.267786, -0.401340, -4.903556
-0.426141, -0.511133, -4.880951
-0.626109, -0.602273, -5.627274
0.485361, -0.001814, -3.843157
-0.663391, -0.464612, -5.961839
-0.284965, -0.643022, -6.277493
-0.348143, -0.663272, -5.028004
-0.281341, -0.917297, -4.985031
-1.616840, -1.667614, -6.197920
-0.345858, -1.179334, -6.128651
-0.706605, -0.950314, -6.215904
-0.295857, -0.560467, -4.702540
-0.308021, -0.515638, -4.836920
-0.347534, -0.655686, -5.787500
-1.615945, -1.720132, -6.192655
-0.481568, -0.659911, -5.654024
-0.177755, -0.944496, -5.816529
-0.326723, -0.714832, -5.643704
-0.889777, -1.068395, -6.217614
-0.799159, -0.459581, -5.819715
-1.049037, -0.176425, -5.317817
-0.633675, -0.491374, -5.545265
-0.862708, -0.340778, -5.623411
-1.527100, 0.031487, -5.307038
-1.747998, -0.051733, -5.074387
-1.122635, -0.088587, -5.642488
-0.964462, -0.220856, -5.424451
-1.347574, -0.403626, -6.011230
-1.122249, -0.015687, -5.168781
-1.827055, -0.023010, -5.027649
0.158441, -0.923666, -4.689263
-0.460691, -0.271723, -5.884622
-0.046427, -1.396141, -5.019861
0.410746, -1.045815, -4.686928
-1.394370, -0.008005, -5.430907
-0.279678, -0.537162, -5.758518
-1.431641, -1.334379, -6.200232
-0.487879, -0.582674, -5.067951
-0.220237, -0.649155, -5.358645
0.155207, -0.759869, -5.764007
-0.382885, -0.685244, -5.969993
-1.031795, -0.632416, -6.156060
-0.323655, -0.579107, -5.473860
-0.229849, -0.946777, -6.243676
-0.354140, -1.114357, -6.218335
-0.878376, -0.857568, -6.163184
-0.434394, -0.884048, -4.906767
0.175667, -1.708151, -5.016171
0.393625, -0.983715, -4.710188
0.326835, -1.062280, -4.807995
0.594791, -0.791069, -4.603881
0.793942, -0.997992, -4.684751
0.576223, -1.588412, -4.561280
0.761309, -0.989057, -4.667729
0.319487, -0.912380, -4.687618
-1.564796, 0.593287, -5.357805
-1.439044, 0.491570, -5.215869
-1.462091, 0.883287, -5.665445
-1.693856, 0.979682, -5.786855
-1.672569, 0.214090, -5.769421
-0.795910, 0.459486, -5.674419
-1.578324, 0.457150, -5.453919
-0.978246, 0.687136, -6.034740
0.791444, -0.925310, -4.942414
0.664211, -1.523477, -4.592309
0.697225, -1.371622, -4.594680
0.517781, -1.622097, -5.530040
0.455752, -1.834260, -5.446694
0.587344, -1.799495, -4.612722
0.377675, -1.623901, -5.091087
-0.096653, -1.780597, -4.621799
-1.167229, 0.667902, -5.037899
-1.099110, 0.617557, -5.668551
-1.172366, 0.563677, -5.265800
-1.181804, 0.684145, -5.952730
-0.835109, 0.555601, -6.039766
-1.229038, 0.582844, -6.155677
-1.411488, 0.663667, -5.868369
-1.855457, 0.619524, -5.917085
0.397257, -1.593422, -4.927117
0.809861, -1.899980, -5.885496
0.849875, -1.825451, -5.780014
0.773525, -1.614624, -5.692543
0.599165, -1.770207, -5.198022
0.563675, -1.896988, -5.238965
0.173640, -1.264003, -4.943926
0.187259, -1.450302, -5.285882
-0.584479, 0.454636, -5.014329
-0.414828, 0.248060, -4.610596
-0.661823, 0.519216, -5.651249
0.155594, 0.217196, -4.268373
-1.064164, 0.632022, -4.943726
-1.353680, 0.653656, -6.005075
-0.594600, 0.258447, -5.080150
-0.572258, 0.459685, -4.875625
0.389027, -1.219090, -5.086886
0.377267, -1.510986, -5.163758
0.999265, -1.523798, -5.308797
0.968341, -1.813200, -5.355591
1.034574, -1.563009, -5.295097
0.282665, -0.722480, -5.118161
0.889062, -1.841108, -5.376672
0.419820, -0.582886, -5.059262
-0.368758, 0.212980, -4.572513
-1.410612, 0.734053, -6.238253
-0.773667, 0.430876, -6.010817
-1.636035, 0.880843, -6.204427
-1.054971, 0.514835, -5.531791
-1.383996, 0.619260, -6.076783
-1.575626, 0.840297, -6.193708
-1.473100, 0.814886, -6.088528
0.207732, -1.503514, -4.916764
-0.015877, -1.015161, -4.973228
0.539171, -0.549465, -5.077698
0.276940, -0.494612, -4.667028
0.849889, -0.225023, -6.244000
0.163984, -1.140774, -5.047528
0.295235, -0.733455, -5.118719
-0.043838, -0.813040, -5.010251
-1.192695, 0.619609, -5.664178
-1.471480, 0.695353, -5.804743
-1.863529, 0.683757, -5.882623
-1.835274, 0.667215, -5.880802
-1.319728, 0.612664, -5.831963
-1.225953, 0.613345, -6.278783
-1.403100, 0.736910, -5.874539
-1.137355, 0.621454, -6.098931
0.713558, -0.012664, -4.668867
0.991560, 0.234914, -4.847775
0.587223, -0.492193, -4.289997
0.550400, -0.159156, -4.596823
0.328163, -0.513646, -4.541431
0.449826, -0.496040, -4.607043
0.205784, -1.335686, -5.012965
0.700802, -1.521014, -5.604208
-0.866438, 0.400051, -6.179191
-0.749019, 0.168136, -5.820929
-0.977931, 0.544801, -5.897808
-0.856537, 0.668137, -5.999032
-0.181537, -0.170522, -4.876480
-0.533916, 0.015813, -5.736972
-0.451055, 0.446519, -6.111359
-0.487845, 0.390658, -6.221638
0.950197, 0.273262, -4.667260
1.328968, 0.175850, -6.201846
1.021264, -1.592109, -5.174647
0.430062, -1.195016, -5.243940
0.489591, -0.779416, -4.424126
0.426208, -0.301025, -4.982296
0.588047, -0.687090, -4.396835
0.499535, -0.755098, -4.399693
0.330965, -1.721058, -5.662934
-0.278173, -0.580534, -4.943601
-1.153604, -0.020439, -5.910645
-0.484264, -0.512879, -4.950904
0.024570, -1.170413, -5.326813
-0.582913, -0.526400, -5.530822
-0.544136, -0.209296, -5.906969
-0.520497, -0.422114, -4.988043
-1.256833, -0.084761, -5.779725
-1.910614, 0.404464, -6.140783
-1.836646, -0.156188, -5.832028
-1.613387, -0.211620, -5.892461
0.372133, -1.781005, -5.697611
0.149750, -1.868679, -4.829736
-1.928364, -0.156890, -5.889038
-0.783250, -0.267624, -5.912888
-1.911759, -0.159793, -5.190501
-0.685145, -0.174153, -4.954808
-1.301760, -0.557441, -6.238265
-0.935972, -0.355176, -5.902112
-1.045556, -0.197250, -6.029415
-0.953884, -0.178903, -5.729702
-1.207295, -0.336835, -5.790184
-1.746601, -0.797634, -6.134443
0.066903, -1.699013, -4.930951
0.293984, -1.017568, -5.520557
-0.290220, -1.495507, -6.040680
-1.443344, -0.875785, -6.261323
-1.117513, -0.751850, -6.234445
-0.038728, -0.795211, -5.686434
-0.215256, -0.802049, -5.753626
-0.981658, -0.154395, -5.730374
-1.945801, -1.116931, -6.219021
-1.713057, -0.082761, -5.562635
-0.450523, -0.929463, -5.922823
-1.875186, -1.692764, -6.198658
0.059270, -0.650270, -5.353271
0.157570, -1.067100, -4.805406
-1.609056, -0.198629, -5.922349
-1.175436, -0.872439, -6.250200
0.036054, -1.540046, -4.937570
0.257421, -1.334199, -4.899929
-0.574120, -0.876134, -6.244577
-0.400179, -1.307083, -6.062358
-0.187830, -0.781801, -5.513888
0.532567, -0.109858, -4.232757
-0.019654, -1.019863, -5.136233
-0.772900, -1.030189, -6.169579
-0.499364, -1.453390, -6.115202
-0.361549, -0.726167, -5.910978
-1.570142, -0.433215, -5.841295
-1.494020, -0.452108, -5.968390
-1.251273, -1.711031, -6.167989
-1.377549, -1.941658, -6.205423
-1.154331, -0.450736, -6.022233
-1.811663, -1.223663, -6.211197
-1.719774, 0.084189, -4.924775
-0.390367, -0.380615, -4.505315
-1.977905, 0.463753, -4.984500
-0.460669, -0.267727, -4.365798
-1.543420, -0.448203, -5.721581
-0.967271, -0.366310, -5.808866
-0.565693, -0.080872, -4.769941
-0.158024, -0.388967, -4.281204
0.174269, -1.847342, -5.337144
-1.904561, 0.232346, -5.470350
0.366391, -1.703783, -5.528794
0.059621, -1.033759, -5.354438
-2.015387, 0.418635, -5.018511
-1.997817, 0.323582, -4.952779
-1.182898, -0.097504, -5.434503
-1.220414, 0.052116, -5.649312
0.034639, -0.198008, -4.418453
-0.499433, -0.225952, -5.107075
-0.563860, -0.294075, -4.776878
0.078300, -0.345284, -4.143419
-0.986146, -0.380010, -6.202381
-0.805035, 0.062944, -5.406398
-0.999613, -0.130924, -5.874460
-0.631702, -0.239558, -4.617810
-1.508438, -0.004686, -5.054458
-0.951391, -0.285580, -6.157927
-0.841754, -0.217659, -4.729186
-0.813565, 0.000402, -5.065211
-0.427251, -0.192575, -5.374403
-0.570737, -0.262397, -4.780982
-0.408671, -0.381396, -4.831882
0.591866, -0.289038, -4.300216
-1.831558, 0.006405, -5.369617
-0.896652, -0.032004, -5.780056
-1.345852, -0.131535, -6.119631
-1.092232, -0.167895, -5.036091
-0.925976, -0.229277, -5.840431
-0.938726, -0.056566, -5.672356
-0.851447, 0.040085, -4.836724
-0.918202, 0.100966, -4.817393
0.852063, -1.351003, -5.859165
0.767473, -0.890373, -6.234570
0.610724, -0.652256, -5.659257
0.509640, -1.020706, -5.337584
0.894565, -0.131050, -5.820454
0.968141, -0.055864, -5.880142
0.060055, -0.661479, -5.158216
0.295479, -0.646018, -5.312423
-0.111071, 0.132228, -4.037047
-0.484368, -0.187205, -4.287724
-0.615470, 0.643289, -4.849491
-0.531508, 0.482247, -4.750076
0.428350, -0.003748, -3.752804
-0.497866, 0.184202, -4.555740
-0.736547, 0.444625, -4.812760
-0.654041, 0.448426, -4.797477
1.769181, -1.826610, -6.124243
1.244319, -1.810647, -5.551369
1.338118, -1.488129, -6.260919
1.870730, -1.208650, -6.190393
1.386796, -0.714505, -6.194510
1.287890, -1.663384, -5.581142
1.560781, -0.166049, -6.166485
1.106890, -0.257026, -6.167366
-0.948739, 0.449877, -5.735205
-0.966176, 0.443376, -4.722733
-0.867218, 0.474641, -5.660926
-1.403068, 0.422266, -6.231230
-1.343024, 0.058668, -6.049495
-0.790976, 0.373750, -4.641668
-0.750033, 0.758337, -4.943163
-0.998726, 0.528024, -6.079432
1.257717, -1.657786, -6.090300
1.040587, -1.548921, -5.402143
1.253366, -1.814470, -6.164216
1.657571, -1.834086, -5.635180
2.320773, -1.672610, -5.741717
1.792466, -1.828339, -6.124510
1.238960, -1.888440, -6.005871
2.061866, -1.951693, -5.935545
-1.547103, 0.382376, -5.412726
-1.331799, 0.365858, -5.495231
-1.939661, 0.560059, -5.834081
-1.948388, 0.669406, -6.125063
-0.835613, 0.709429, -5.143125
-1.481866, 0.267671, -5.414261
-0.975638, 0.727051, -4.992838
-1.052464, 0.781413, -4.989394
0.698492, -1.849862, -5.278732
1.038972, -1.881164, -5.241046
0.778525, -1.964463, -5.237600
0.979046, -1.674095, -5.155710
1.460150, -1.927562, -5.496965
0.880152, -1.815417, -5.490303
0.517532, -1.696805, -5.118931
0.712791, -1.838132, -5.180728
-1.650259, 0.611927, -5.543911
-1.439281, 0.435277, -5.342978
-1.528677, 0.689035, -5.414902
-1.695049, 0.399344, -5.120198
-1.678287, 0.419334, -5.053430
-1.064561, 0.591914, -6.002967
-1.552758, 0.563216, -5.181596
-1.243612, 0.426536, -5.337591
1.264080, -0.916990, -6.078008
0.859717, -1.928755, -5.236337
0.314465, -1.162487, -5.144597
0.689856, -1.268211, -5.231418
0.675085, -0.893432, -5.992658
0.776192, -0.321295, -6.284404
0.295915, -1.040820, -5.117496
0.156334, -1.173604, -5.014091
-0.976131, 0.582210, -6.162607
-1.111075, 0.673897, -6.210916
-1.079181, 0.848902, -6.158980
-0.800374, 0.647869, -5.894052
-1.802499, 0.588196, -5.621342
-0.747772, 0.413027, -5.920481
-0.708373, 0.671825, -5.754581
-0.706229, 0.598977, -6.173804
1.235784, 0.290843, -5.198752
0.565073, -1.593525, -5.144295
0.189943, -1.344341, -4.759634
0.641159, -0.450503, -5.477615
1.401829, -0.085515, -5.229256
0.609097, -0.174574, -4.739567
1.218259, -0.044978, -5.305056
0.565248, -0.265083, -4.770329
-0.791449, 0.497833, -6.001933
-0.792006, 0.498021, -5.827624
-1.125267, 0.605857, -5.671887
-0.407540, 0.592433, -5.284256
-0.669261, 0.208239, -5.628152
-0.741981, 0.428685, -5.363168
-1.121493, 0.681438, -5.721700
-0.629216, 0.731003, -5.618821
0.065218, -0.832201, -5.243460
0.567050, -0.162505, -4.914838
0.144228, -0.388718, -4.906677
0.396628, -0.413177, -4.815939
-0.039632, -0.195671, -5.387205
2.091307, -0.217846, -5.558529
0.421722, -0.327019, -4.890072
0.529414, -0.395479, -4.594304
-1.814099, 0.610395, -5.735387
-1.160809, 0.548726, -6.222893
-1.587755, 0.760569, -5.865150
-1.697195, 0.880623, -6.273179
-1.226088, 0.587903, -5.974395
-1.011142, 0.598497, -6.221025
-1.704105, 0.866363, -6.106930
-1.703990, 0.920848, -6.242554
0.544266, -0.231342, -4.547951
0.620515, 0.222337, -4.496543
0.655410, -0.121093, -4.987496
1.002054, 0.151652, -4.905015
0.257569, -1.041324, -5.415307
0.520387, -0.405000, -4.584479
0.193489, -0.200027, -5.165356
0.490119, -0.403988, -4.525329
-1.327239, 0.580615, -5.711486
-1.091409, 0.539555, -5.803732
-1.487460, 0.834785, -6.136967
-0.818602, 0.654439, -5.607400
-0.741680, 0.186183, -6.118898
-0.831625, 0.209303, -6.102322
-0.450481, 0.388016, -6.222531
-0.536293, 0.470032, -6.290846
1.187463, 0.300857, -5.319793
0.006931, -0.853630, -5.050805
0.423303, -1.755098, -5.491677
0.767834, -1.588876, -6.223341
-0.084377, -0.888451, -4.864902
0.123692, -0.766105, -4.602412
0.781747, -1.519906, -6.214386
0.392172, -0.970710, -5.908056
-0.311127, 0.541111, -6.188682
0.145499, 0.608659, -5.756374
-0.439739, 0.493788, -5.919750
0.090049, 0.388750, -5.186413
0.045561, 0.821957, -6.225621
-0.078002, 0.142643, -5.116929
-0.265857, 0.284471, -4.331574
0.176701, 0.813450, -6.125637
0.307249, 0.605630, -5.928062
0.148412, 0.782222, -6.184046
0.276574, 0.910552, -6.002607
0.300992, 0.917940, -6.169279
0.060072, 0.226320, -5.443780
-0.306974, 0.211659, -5.979733
0.326646, 0.787998, -6.296435
0.507222, 0.786073, -6.190406
0.289665, 0.537728, -6.229008
0.457706, 0.604584, -5.911949
0.466732, 0.266266, -4.844134
0.597770, 0.670899, -6.010328
0.591706, 0.537682, -5.914621
0.810873, 0.629163, -6.199620
0.662209, 0.631027, -5.733183
0.670343, 0.766454, -6.226907
1.474285, 0.699387, -5.917806
2.103233, 0.621284, -6.106323
1.235977, 0.808333, -6.158912
1.314388, 0.808814, -6.093071
0.547510, 0.467688, -5.848390
0.841068, 0.231797, -5.251215
1.133384, 0.642617, -6.014586
0.556344, 0.377069, -5.599345
1.237366, 0.650906, -5.946796
0.619948, 0.505720, -5.456520
1.117760, 0.963954, -5.982168
0.812163, 0.691392, -5.719787
1.087373, 0.669694, -5.321002
1.487460, 0.646995, -6.041969
0.705840, 0.860219, -5.760213
0.119385, 0.105547, -5.409289
0.518857, 0.208159, -5.215067
0.102101, 0.199704, -5.857167
1.065667, 0.447170, -5.130778
-0.364102, 0.004462, -6.051961
1.377166, 0.801461, -5.838665
0.229046, -0.072529, -5.084553
-0.033137, -0.219353, -5.337696
0.426370, 0.088340, -5.107433
1.776499, 1.695905, -6.208966
1.481268, 0.885637, -6.061852
1.974302, 2.268992, -6.174027
1.545088, 1.824214, -6.214564
-0.148772, -0.274097, -4.791625
-0.219935, 0.072723, -5.125521
1.140529, 1.063094, -5.956779
0.743176, 0.819095, -6.058881
0.547237, 0.968671, -5.802884
0.564592, 1.021089, -6.265964
0.809758, 1.589154, -6.080317
0.367257, 0.805686, -5.849552
1.086293, 1.494292, -6.224549
0.783038, 1.383958, -6.159534
0.869512, 1.866003, -6.154600
0.880766, 1.799282, -6.176959
0.159836, 0.674411, -4.584476
0.319458, 1.076183, -6.199294
0.409597, 1.371227, -6.043541
0.176198, 1.210412, -5.916116
0.434009, 0.617862, -6.127651
0.566872, 0.801373, -6.242997
0.446481, 1.244925, -6.224592
0.418711, 1.315399, -6.024469
0.339458, -0.933111, -5.451409
0.628576, -1.209955, -6.292910
0.469511, -0.893675, -5.618836
-0.103399, -0.252025, -6.037374
0.779775, -1.954622, -5.784912
0.552496, -1.309100, -5.867744
0.611122, -1.534905, -6.029955
0.736414, -1.989597, -5.707554
0.099583, 0.668217, -5.193988
-0.091095, 1.073071, -6.145857
-0.257669, 1.001463, -6.064528
0.063787, 1.309828, -6.087708
0.310109, 0.254152, -5.338420
0.286688, 0.983415, -6.198589
0.297282, 1.476032, -5.859452
0.312846, 1.668478, -5.976949
-0.099062, -0.354552, -5.094226
0.559586, -0.562738, -4.321650
0.240544, -0.215677, -5.243143
0.489558, -0.453278, -4.492693
0.296804, -0.454571, -4.459887
0.275103, -0.667863, -5.959046
0.528405, -0.638825, -6.257261
0.518929, -1.696412, -6.095963
-1.028676, 1.028072, -6.099573
-1.138231, 1.664948, -6.171328
-0.822338, 1.880037, -6.163949
-0.647171, 1.655973, -6.220743
-0.575390, 0.610340, -5.889733
-0.167606, 0.778271, -5.853241
-0.460173, 1.225210, -6.055426
-0.616217, 1.763395, -6.141000
0.814871, -1.550903, -5.166326
0.970048, 0.343793, -5.594610
0.787545, -0.006554, -5.478368
2.252410, -0.361398, -6.133631
0.652413, 0.082447, -5.140970
0.339990, -1.462339, -5.116240
0.444358, -0.595406, -4.389240
0.743602, -0.009041, -5.081455
-0.957268, 1.330682, -6.176542
-1.467237, 1.771364, -6.195838
-1.460579, 2.132404, -6.225111
-1.747347, 1.630014, -6.222726
-1.343571, 1.015702, -6.170442
-1.647115, 1.375509, -6.153415
-1.393695, 1.589639, -6.216463
-0.444416, 1.579385, -6.193635
1.116831, 0.145940, -4.853720
0.441464, -0.330744, -5.041647
0.945467, -0.482363, -6.189126
1.036505, 0.016133, -6.032587
1.047195, 0.297290, -5.935396
0.913029, -0.065882, -4.986689
0.835199, -0.670653, -6.179746
2.097933, -0.395152, -5.906191
-1.080505, 1.062888, -6.108030
-1.072509, 1.172490, -6.130176
-1.535255, 1.907518, -6.199592
-0.544016, 1.142542, -6.078811
-0.634185, 0.968434, -5.932443
-0.638426, 0.746463, -5.582026
-1.092346, 1.940679, -6.242510
-1.620779, 1.699639, -6.172295
0.883225, -1.422845, -5.312672
1.025708, -1.707411, -5.652876
0.809871, -1.368967, -5.444738
0.930766, -1.590756, -5.361635
0.993307, -0.286443, -6.021085
0.805721, -1.380130, -5.234177
0.722378, -1.313621, -5.236600
1.347942, -1.825585, -5.219019
-1.434331, 0.937009, -6.265287
-0.051473, 0.706705, -5.062704
-1.859780, 1.766250, -5.764369
-0.480998, 0.061052, -5.725899
-0.195213, 0.478871, -5.063300
-0.435849, 0.730087, -5.592158
-0.564507, 1.003179, -5.800289
-0.450341, 1.219105, -5.961533
0.845879, -1.995275, -6.132610
0.415215, -1.665768, -5.148950
0.366650, -1.533893, -5.139380
0.922501, -1.785048, -6.224312
0.827808, -1.659735, -5.340399
0.570841, -1.938842, -5.266482
0.443466, -1.532172, -5.204250
0.272621, -1.189979, -4.951835
-1.558035, 0.550139, -5.236474
-0.828821, 0.696573, -6.068586
-1.009985, 0.787021, -6.255584
-0.596093, 0.667509, -5.717856
-1.297958, 0.838277, -6.224890
-1.451535, 1.591331, -6.186872
-1.387791, 0.885558, -5.712700
-0.773804, 0.276511, -5.007155
0.773196, -1.638387, -5.781025
0.629698, -1.888789, -5.708184
0.468132, -1.254133, -5.213959
0.758998, -1.631023, -6.020499
0.748561, -1.139967, -5.894542
0.307692, -0.762159, -4.910012
0.685393, -1.242015, -5.576158
0.445821, -1.024587, -5.114836
0.207290, 0.582547, -5.161798
0.176695, 0.633964, -5.307664
0.304742, 0.638635, -5.320007
0.384994, 0.968325, -5.463346
0.312926, 0.739604, -5.580919
0.356670, 0.703976, -5.325236
0.358285, 1.227050, -5.402050
0.066346, 0.353134, -5.461405
1.340763, -1.722924, -5.828963
1.134633, -1.665226, -5.878088
0.229942, -0.749500, -5.056467
0.937366, -1.473563, -5.560683
1.210405, -1.897817, -6.056787
1.436621, -1.909745, -6.137481
1.412050, -0.232144, -6.204648
1.303487, -1.770110, -5.346846
0.159104, 0.989292, -5.863734
-0.246953, 0.626056, -5.780097
-0.062794, 0.420273, -4.930912
0.294023, 0.897863, -5.392572
-0.055802, 0.148731, -4.709006
-0.363074, 0.994982, -5.701131
-0.128735, 1.008973, -5.458009
-0.137749, 0.688953, -5.626584
0.332308, -0.724539, -4.533778
0.934698, -1.340709, -5.780280
0.772619, -1.231106, -6.013913
1.454295, 0.148113, -5.903063
1.142904, -1.387645, -5.538328
1.032548, 0.213930, -5.760821
0.684973, -0.801104, -5.770230
1.032266, 0.317590, -5.646601
0.461401, 1.368167, -5.197812
-1.448626, 1.315316, -6.212488
0.086869, 0.861420, -5.393837
0.176889, 1.004367, -5.459571
-1.044031, 2.228497, -5.912196
-0.733474, 1.338141, -6.256327
-1.122855, 2.044551, -6.223547
-0.804163, 1.492396, -6.240777
0.774524, -1.357226, -5.961247
0.742815, -0.069678, -5.875247
0.125852, -0.412989, -4.809706
0.575430, -0.259204, -5.096817
0.777575, -1.162150, -4.683892
-0.084947, -0.725169, -5.026121
0.030526, -0.623817, -4.977317
0.106361, -0.993382, -4.843889
-0.949312, 1.756233, -6.256362
-1.717466, 1.387658, -5.657289
0.007552, 1.100805, -6.086205
-0.195674, 1.370654, -5.900485
-1.424105, 1.534400, -6.213522
-0.578534, 2.064363, -6.144565
-0.469108, 0.119613, -5.049961
0.032026, 1.231390, -6.053373
-0.003186, -0.663595, -4.952501
0.640757, -1.248558, -4.682666
0.364759, -1.022409, -4.736263
-0.063764, -0.838680, -4.899944
0.509146, -1.178796, -5.759325
0.019518, -1.783274, -4.648737
0.579413, -1.442176, -5.866023
0.593120, -1.235306, -5.728265
-0.539960, 1.282032, -6.232459
-0.661276, 1.600134, -6.215025
-0.534326, -0.320737, -5.666104
-0.203763, 0.153502, -5.387184
-0.409734, 0.670225, -5.595219
-0.550814, 1.295050, -6.210477
0.133706, 0.435075, -5.966358
0.105994, 0.462057, -5.971290
0.447839, -1.981744, -5.562721
1.256671, -1.990220, -6.027554
0.495562, -1.729755, -6.147583
0.362156, -0.431427, -6.029870
-0.689290, 0.144350, -4.882332
0.489582, -0.582988, -6.107885
0.261206, -0.531375, -6.176950
0.071155, -1.982150, -5.213250
-0.115822, 1.108712, -5.972381
-0.400924, 1.473838, -6.130088
-0.104529, -0.220656, -4.590267
-0.030638, -0.101207, -4.949246
0.235321, 0.564072, -4.831985
-0.128974, 0.720200, -4.677948
0.214139, 1.328872, -5.404974
-0.299700, 0.435511, -4.582554
0.035055, -0.232581, -4.660185
-0.083954, 0.099136, -4.424669
0.029167, 0.548303, -4.666973
0.015096, 1.263228, -4.781417
0.460380, 1.139808, -6.019255
0.155681, 0.947088, -4.697749
0.331762, 0.678791, -5.778569
0.144379, 1.312520, -4.938630
0.438222, 0.894475, -5.897254
0.991798, 2.086604, -6.151626
0.643944, 1.237126, -6.183876
0.069284, 0.071968, -4.447279
1.154780, 1.924182, -6.164333
1.130238, 1.898690, -6.134603
0.586427, 0.891796, -5.807720
0.586264, 1.071098, -6.275038
1.113106, 1.348538, -6.029500
1.468938, 2.254157, -6.184896
1.885219, 2.285745, -6.182378
1.337318, 2.214336, -5.946126
1.643094, 2.243379, -6.197717
1.343930, 2.031119, -6.055382
1.947073, 1.621843, -6.166772
1.863638, 2.301058, -6.159679
1.578551, 0.615034, -5.405658
-0.232843, -0.345499, -5.306847
0.912577, -0.055189, -5.249136
0.838141, 0.292119, -5.156979
0.928747, -0.157315, -4.794814
0.267918, -0.267080, -4.841477
-0.099046, 0.175866, -6.022895
0.640283, 0.847883, -5.196159
0.568924, 0.071949, -4.439993
-0.236431, -0.182233, -5.471556
2.182109, 1.644652, -6.157879
0.611256, 0.661890, -5.015196
0.443475, -0.329659, -4.239157
0.478552, 0.473421, -4.799926
-0.246084, 0.145364, -5.999329
-0.468437, 0.433130, -5.004069
1.109170, 1.040918, -6.075571
1.557972, 0.955891, -6.241814
-0.096399, -0.372824, -5.682712
0.724962, 2.133161, -6.163782
1.097489, 0.657446, -5.617148
1.676390, 0.594318, -5.446678
0.309081, 0.181749, -4.602459
0.711855, 2.138007, -6.120170
0.385346, 0.363636, -5.334868
0.067383, -0.028051, -5.164096
0.436235, 0.835700, -6.001097
0.633834, 1.084914, -6.008845
0.300702, 0.113094, -5.303865
0.293560, 0.535785, -5.713174
0.561540, 0.958277, -5.774477
0.648348, 1.151921, -6.186326
0.227063, 0.837257, -5.932271
-0.271501, 0.364868, -4.522465
0.038198, 1.300498, -4.839768
0.095231, 0.641951, -5.367078
0.403619, 0.617297, -5.430246
0.158845, 1.517181, -5.078544
0.134254, 0.596590, -4.938629
0.418282, 1.054478, -5.572353
0.438928, -1.290499, -5.939225
0.697716, -0.137695, -4.791417
0.697464, -0.089317, -4.700269
1.675887, -0.078127, -5.112530
0.796986, -1.695936, -5.336236
0.760938, -1.311182, -5.779388
0.556727, -0.573465, -5.544418
0.504711, 0.082020, -5.654406
0.063602, 0.504737, -5.581293
-0.161449, 0.713115, -6.237560
-0.331554, 0.923464, -5.768507
-0.400837, 0.299584, -4.908192
-0.066339, 0.879243, -6.109281
-0.207199, 0.184738, -5.751518
-0.104238, 0.926943, -4.753183
-0.507017, 0.630590, -4.822420
1.180773, 0.098698, -5.209594
0.046371, -1.305662, -5.088558
0.537562, -0.363600, -4.974108
0.659490, -0.528205, -6.260700
0.092573, -1.171479, -4.962664
0.336847, -1.054634, -4.788555
0.124743, -1.329053, -5.416674
0.803115, -0.426171, -6.222510
-0.061584, -0.058618, -4.689742
0.145981, -0.421684, -5.546751
-0.672603, 0.502225, -6.271409
-0.709574, 0.620799, -6.189074
0.158048, 0.044239, -4.911820
0.107370, -0.025925, -4.825545
-0.598879, 0.474398, -5.815784
-0.375425, 0.723096, -5.875041
0.297969, -0.491768, -5.105944
0.187063, -0.431117, -5.397501
0.497154, -0.627695, -4.799019
0.912188, -0.257618, -6.143291
0.792066, -0.501558, -6.227217
0.517250, -0.487815, -4.917461
-0.023945, -0.177421, -5.566289
0.531864, -0.277971, -5.024473
0.219146, 1.477629, -5.553473
0.299720, 1.541732, -5.644163
-0.439668, -0.014119, -5.105599
-0.785125, 0.263874, -5.939106
-0.158138, 0.625689, -5.306260
-0.571063, 0.469426, -5.566847
-0.588995, 0.451322, -5.701881
-0.292902, 0.495148, -5.806566
0.879900, -1.771644, -5.133727
0.866517, -1.535560, -5.286304
1.116668, -0.616622, -6.194860
1.105731, -1.710579, -6.004982
1.074448, 0.277841, -5.518200
0.955349, -0.031229, -5.440899
0.989065, -0.115609, -6.175726
1.019376, -0.347360, -6.063230
0.555689, 1.589509, -4.986677
0.696854, 1.716272, -5.174767
-0.242783, 0.070157, -4.683415
-0.732821, 0.169853, -5.251175
0.403207, 1.217510, -5.153520
0.145448, 1.105012, -5.736641
-0.423330, 0.074616, -4.997837
-0.011946, 1.538260, -6.083417
1.829873, -2.003209, -6.144676
1.828129, -2.021011, -6.167590
2.144100, -1.710828, -6.012119
1.319502, -1.826139, -5.814154
1.293836, -1.815922, -5.703602
1.293274, -1.813701, -5.309940
1.109503, -1.654372, -5.124459
1.497399, -2.010235, -5.867411
0.276133, 0.697538, -5.638676
-0.311981, 0.398103, -5.398924
0.367405, 0.995032, -5.421143
0.204298, 0.599086, -5.607249
-0.612278, 0.551357, -5.309867
0.007000, 0.527891, -5.373035
0.109164, 0.811009, -5.505665
-0.424420, 0.239019, -5.149200
1.112055, -1.999345, -6.079952
0.965259, -1.778034, -5.559925
0.724562, -1.429415, -5.397902
0.763306, -1.555999, -5.789277
1.186821, -1.999166, -6.298619
0.976967, -1.947160, -5.893647
0.962869, -1.630056, -5.899220
0.679069, -1.304439, -5.326774
0.152183, 2.033294, -5.816692
0.049943, 0.432420, -4.870715
0.141786, 1.236544, -4.860899
0.363361, 1.980573, -5.455704
-0.021196, 0.185323, -4.775299
0.156887, 0.963674, -5.759633
0.364688, 0.969487, -5.724948
0.666732, 2.132705, -5.023448
0.561855, 0.018954, -4.827816
0.330932, 0.211886, -4.579708
1.602100, -0.352663, -5.314259
1.194149, 2.104917, -6.020418
0.304217, 0.162781, -4.606251
0.418412, 0.613013, -4.912754
0.511853, -0.004406, -4.832106
1.371357, 1.695502, -6.214611
0.152594, 1.102865, -4.942376
0.595008, 0.557910, -5.043157
0.353485, 1.382734, -5.259717
0.489071, 0.664459, -4.966376
-0.127684, 0.948849, -4.736994
0.614148, 2.141076, -5.833496
0.039501, 1.266832, -4.934843
0.759446, 1.372068, -6.029040
1.789764, 0.269446, -6.016196
0.287119, -0.285964, -4.868083
0.478544, -0.036491, -4.818720
0.570806, -0.112867, -5.156985
0.553846, 0.339354, -4.847281
0.650371, -0.018276, -4.820507
0.572152, 0.290135, -4.775587
0.294220, -0.065423, -5.251568
-0.014832, 1.166875, -4.818986
0.524350, 1.187148, -6.204000
0.426993, 1.064212, -5.811324
0.596256, 2.202863, -4.991758
0.601801, 0.856872, -5.954140
0.863673, 1.454845, -6.260524
0.598406, 1.695056, -5.244472
0.383276, 0.464327, -4.788047
-0.126154, 0.909227, -4.785682
-0.137273, 0.374986, -4.594553
0.401823, 1.728626, -5.109515
0.246666, 1.118472, -6.049386
0.586164, 1.943127, -4.948676
0.011356, 1.745574, -5.276798
0.408747, 2.255793, -5.932789
0.505290, 1.284407, -6.090702
1.729486, -0.299499, -6.209981
1.501283, 0.485222, -5.653262
1.792972, 0.035733, -5.682172
2.014856, -0.130821, -5.980539
1.645276, -0.110973, -6.143368
1.450338, 0.116382, -6.128109
1.582183, 0.005056, -6.292231
1.994470, -0.172172, -5.884222
0.106164, 0.568482, -4.694116
-0.426797, 0.766560, -5.741663
-0.071329, 1.924583, -5.625192
-0.474984, 0.786745, -6.150518
0.288079, 1.215807, -5.712877
0.106388, 0.550601, -4.862702
0.531467, 1.361703, -6.106004
0.329991, 1.687895, -6.015780
0.761641, -1.464393, -5.721284
0.904262, -1.679705, -5.704069
0.712160, -1.504101, -5.300207
0.879806, -1.696642, -5.599056
1.245782, -1.975459, -6.002992
0.480854, -1.235404, -5.158539
0.885005, -1.580269, -5.533732
0.946910, -1.629218, -5.899612
0.583816, 2.012672, -5.039420
0.278731, 0.542636, -5.040531
0.151966, 2.093740, -5.537471
0.465983, 1.921152, -5.234745
-1.671619, 0.151279, -5.862704
0.307802, 0.734835, -5.249758
-1.439629, 0.120599, -5.465101
-0.546586, 0.182400, -5.417286
1.179946, -1.627509, -5.292586
1.611739, -1.977553, -6.185234
1.599724, -1.996557, -6.172561
1.133100, -1.703594, -5.783231
1.089060, -0.683896, -6.154763
1.387428, -1.918814, -5.337196
1.383539, -1.985106, -6.094148
1.289944, -1.982918, -5.904558
0.100421, 0.842078, -5.683357
0.405878, 1.519821, -6.149957
0.325253, 0.741250, -5.276210
0.352797, 0.922713, -5.154662
0.280633, 0.539478, -5.506992
0.162580, 0.832303, -5.348950
-0.172479, -0.617447, -4.505591
0.279656, 0.848312, -5.686098
1.009991, 0.319461, -5.769001
1.139176, -0.124019, -6.206783
0.605271, -0.423482, -5.098231
0.977766, 0.174240, -5.815195
0.132666, -0.920351, -5.414714
0.663222, -0.250705, -5.734535
0.141221, -0.705531, -5.262701
0.156393, -0.911442, -5.188375
-1.827832, 0.088239, -5.355020
0.368328, 0.795085, -5.202933
-1.791609, -0.228782, -5.250381
0.659350, 2.029605, -5.025855
0.260109, 1.554929, -5.977325
0.186829, 1.424445, -5.757909
-0.070050, 0.748516, -5.790550
0.277732, 1.376555, -5.469392
-0.039404, -0.869194, -4.941912
0.142096, -0.862570, -5.271745
-0.048796, -1.728281, -5.240296
1.011262, -0.000823, -6.203203
1.845991, 0.470465, -4.686709
1.332176, 0.140743, -4.889569
1.963218, 0.332657, -4.722019
1.241477, 0.067672, -5.254206
0.209483, 1.054151, -5.680863
-0.403447, 0.642580, -5.674089
-0.060467, 0.666191, -5.826627
-0.433960, 0.521574, -5.510404
-0.247488, 0.010998, -5.480855
-0.403533, 0.120916, -4.748767
-0.326492, 0.767902, -5.628393
-0.463451, 0.550613, -5.597552
0.133665, -0.461335, -4.634209
0.264556, -1.071581, -4.812728
1.012721, 0.106589, -5.437910
-0.060758, -0.883309, -5.043825
0.053479, -0.789780, -4.894214
0.369657, -1.414320, -5.997596
0.897797, -0.132401, -5.090235
1.733294, -0.128881, -5.105068
-0.399153, 0.626536, -5.549042
-0.591787, 0.487704, -6.045815
-0.468917, 0.573258, -5.901522
-0.561049, 0.450858, -5.904113
-0.545727, 0.673186, -6.154681
0.055513, 0.639506, -5.928728
-0.427581, 0.860259, -6.125498
-0.532030, 0.640295, -5.756657
0.248995, -0.999679, -5.459691
0.112665, -0.078138, -5.680048
0.779774, -0.096918, -5.009137
1.994153, 0.449976, -5.596059
1.651575, -0.012955, -5.228652
0.649496, -1.790802, -6.098099
1.851003, 0.080763, -5.274481
0.529360, -0.018156, -5.444360
-0.211199, 0.883791, -6.196579
-0.008176, 0.678400, -5.913824
-0.349839, 1.444240, -6.123416
-0.384175, 0.823430, -5.903477
0.133330, -0.001396, -4.869030
0.206900, 0.748853, -5.312166
0.065940, 0.881952, -5.988120
0.285393, 0.836011, -5.403448
0.325869, 1.443776, -5.079072
0.130667, 0.809516, -4.636934
0.159645, 1.591283, -5.042119
0.074525, 1.153337, -4.658360
0.141481, 1.004527, -4.615860
0.130366, 0.668730, -4.557556
0.346625, 0.602637, -5.755134
-0.213461, 1.051233, -4.743285
0.969881, 1.789087, -6.183779
0.434300, 0.645019, -5.772711
0.408447, 1.018558, -5.926567
0.666320, 1.940680, -5.255831
0.917895, 1.680701, -6.207020
-0.238658, -0.293929, -4.734083
0.821991, 1.193774, -6.236002
0.836943, 1.083243, -6.081621
0.725311, 1.514749, -6.064463
0.615687, 1.240658, -5.674177
0.312266, -0.228018, -4.893902
-0.046200, 1.428255, -4.972695
0.660338, 2.222868, -6.001183
0.644433, 0.505263, -5.267009
0.579999, 0.147463, -4.703155
0.308206, 0.154123, -4.611509
1.212263, 1.556978, -6.003139
1.499912, 2.146618, -6.025589
0.746259, 0.788111, -5.575122
1.157508, 1.934118, -6.042891
1.418684, 1.803557, -6.147595
1.159445, 2.078218, -5.784745
1.707741, 2.303227, -6.122027
0.920941, 1.512777, -5.978019
0.650534, 0.979906, -5.997458
0.587472, 1.067329, -6.065987
0.304656, 0.049487, -5.004569
0.320976, 0.339790, -5.462373
0.888216, 1.675228, -6.198130
0.303397, -0.047628, -4.946163
0.196136, -0.230682, -4.786747
0.608809, 1.111431, -6.254515
-0.107633, 0.239998, -5.450664
-0.211063, 0.615522, -4.710151
0.197678, 0.060958, -5.118937
0.216380, 0.859351, -5.941747
-0.049193, -0.198001, -4.197974
-0.380486, 0.068235, -5.769489
0.523830, 2.190792, -6.058845
0.227567, 1.213833, -4.938632
0.300820, -1.913616, -4.858047
0.403520, -1.496521, -5.855506
0.390546, -1.304021, -5.827709
0.425567, -1.598926, -6.078599
0.645244, -1.625480, -6.291502
0.684299, -1.778397, -6.029134
0.572875, -1.266396, -5.718833
0.971123, -1.835026, -5.974773
0.116113, 0.065770, -4.672664
-0.266385, -0.322557, -6.139892
-0.355388, -0.156101, -6.117492
-0.144529, 0.038897, -4.200760
0.107523, -0.032289, -4.396576
0.289518, 0.652912, -5.823934
0.061838, 0.559617, -4.744666
-0.017361, 0.928297, -5.957457
0.090377, -0.360711, -4.995215
0.154090, -0.561930, -4.887799
0.221980, -0.483264, -4.832692
0.108801, -0.856011, -4.633534
0.375447, -1.129850, -5.803452
0.437248, -1.811180, -5.397633
0.548713, -1.642901, -5.873079
0.429453, -1.270398, -5.846832
-0.651247, 0.849540, -6.141501
-0.418999, 0.961800, -5.893997
-0.325768, -0.166860, -4.436452
-0.747293, 0.099009, -5.823139
-0.372228, 0.269433, -4.894305
-0.513246, 0.920251, -6.012976
0.267913, -0.490377, -5.645341
0.331118, -0.205618, -3.729224
0.676305, -0.645994, -5.922276
0.064178, -0.092956, -5.331959
0.190635, -0.475075, -4.614956
0.484624, -1.283869, -5.605567
-0.300387, -0.061896, -5.120722
0.243462, -0.638616, -5.994629
0.239407, -0.580188, -4.887392
0.054196, -0.762620, -5.447468
-0.526471, 1.013990, -5.995890
-0.849233, 1.580114, -6.181013
0.235527, 0.897008, -5.401655
-0.038695, 1.332305, -6.175172
-1.078396, 2.047170, -6.194936
0.207525, 1.549795, -5.893437
0.194412, 0.903679, -5.563078
-0.656207, 0.864986, -5.643689
0.759290, -0.019222, -4.893838
0.887704, -0.612456, -6.193328
1.046190, -0.891104, -6.158160
1.031127, -1.906601, -5.169094
1.053716, -1.705798, -5.283804
1.877577, -0.302888, -6.093558
0.550330, -1.447792, -5.162081
0.385580, -0.358732, -5.486152
0.288094, 1.436569, -5.594254
0.173721, 1.182249, -5.770310
0.166276, 1.592602, -5.626460
-0.069572, 0.858595, -5.429937
0.361993, 1.156682, -5.214303
-0.558922, 1.482125, -6.259781
-0.299036, 1.296479, -5.967618
0.383562, 1.119022, -5.015075
1.138291, -1.743703, -5.998551
1.138623, -1.952952, -5.868308
0.830868, -1.278853, -5.841669
1.359271, -1.862274, -5.943477
1.387748, -1.704174, -6.260970
0.039427, -0.904357, -4.984074
1.175227, -1.394182, -5.504470
0.610561, -0.534788, -4.824425
0.298431, 0.714320, -5.616071
0.208322, 0.802459, -5.502004
-0.138557, 1.204720, -5.805381
0.185484, 0.350527, -5.030221
-0.006148, 1.462879, -6.172545
-0.603998, 2.108603, -5.914178
0.176892, 1.070751, -5.672019
0.432968, 1.530659, -5.439860
0.272568, -1.185242, -6.225071
1.036885, -1.677395, -6.191817
0.265431, -0.871050, -4.909060
0.542773, -0.876484, -5.920926
0.541103, -1.565260, -5.222275
0.308206, -1.610793, -5.074806
0.605166, -1.149444, -5.356650
0.716748, -1.045621, -5.901547
-0.029133, 0.360018, -4.950497
0.199845, 0.880740, -5.518743
0.369790, 0.889400, -5.364258
-0.300873, 0.319217, -4.972013
0.359673, 1.403786, -6.248512
0.273065, 0.667827, -5.159849
0.361370, 1.049079, -5.640140
-0.081576, 0.282193, -5.079659
0.343433, -1.571988, -4.846266
0.263294, -1.982502, -4.971354
0.500107, -2.018420, -5.424899
0.436730, -1.185462, -5.162913
0.261048, -1.049383, -4.935530
0.378387, -1.585588, -5.184613
0.459332, -1.550916, -5.214725
0.442442, -1.634039, -5.198348
-0.472914, 1.500655, -5.979690
-1.319743, 0.308320, -5.285510
-0.803801, 0.251933, -5.365006
-0.199366, 0.791748, -5.459762
-1.188982, 0.772537, -5.476949
-0.507941, 1.981573, -5.938515
-1.299957, 1.252378, -6.192880
-0.592867, 0.983301, -5.850992
0.734374, -1.327934, -5.265399
0.649487, -0.973635, -5.790616
0.475251, -1.141780, -5.259377
0.994191, -1.477794, -5.430591
0.225547, -1.458061, -4.914334
0.395677, -1.089828, -5.327095
0.880497, 0.027767, -5.496345
0.707292, -1.171383, -5.868011
-1.685049, 0.998038, -6.033945
-1.124607, 0.640355, -6.026340
-0.128018, 0.878397, -5.456184
-0.605093, 0.880031, -5.726610
-0.027650, 1.060881, -5.708692
-0.751859, 1.058054, -6.170657
-0.086333, 0.986841, -5.640694
-0.261888, 1.063221, -5.838599
0.792287, -0.056501, -4.748297
0.586569, -0.274458, -5.067021
1.900782, -0.386234, -6.166203
1.117415, -0.528445, -6.170117
1.185567, 0.078078, -4.964544
1.188240, 0.439354, -5.459134
1.427258, -0.208275, -6.034091
0.792546, -1.404129, -5.200733
-1.523785, 1.151150, -6.167261
-1.231323, 1.067260, -6.189643
-1.189547, 1.097794, -6.188235
-0.413976, 1.074076, -5.807765
-0.127731, 0.551548, -5.222653
-0.622819, 0.368342, -5.222145
-1.152260, 1.729042, -6.153433
-0.501962, 1.755789, -6.199205
1.193375, 0.024052, -5.307903
0.794828, 0.361843, -4.587358
0.710190, 0.165366, -5.863401
0.190497, -1.351300, -5.076613
0.503216, -1.025801, -5.817997
0.644210, -0.030602, -5.046493
0.521254, -0.265722, -5.008433
0.780898, -0.094604, -4.925043
-1.628937, 1.263665, -6.129833
-0.647761, 0.742186, -5.901545
-1.254948, 2.047044, -6.211612
-1.166491, 1.949741, -6.209817
-0.984826, 1.686337, -6.207388
-1.439151, 1.955903, -6.209553
-1.168737, 1.837936, -6.192257
-1.059140, 2.095487, -6.204529
0.096571, -0.422414, -4.484846
0.518687, -0.288027, -4.801481
1.603969, 0.207698, -5.337163
0.087931, -0.431871, -4.619868
0.437677, -1.803787, -5.370317
0.352533, -0.795035, -4.620515
-0.146666, -0.753261, -4.983064
0.549821, -1.666103, -5.986396
-0.825416, 1.099811, -6.194511
-0.922614, 1.840069, -6.169504
-0.413946, 1.926922, -6.117670
-0.941905, 1.732515, -6.150628
-0.609945, 0.937586, -6.138575
-0.444305, 0.979271, -5.943336
-0.278672, 1.278469, -6.174190
-0.531246, 1.480011, -6.169915
0.354866, -1.894874, -4.865991
0.753923, -1.440633, -6.114964
0.536612, -1.039289, -5.598401
0.459665, -0.728826, -6.120418
0.097329, -0.550148, -5.475387
0.849209, -2.011584, -6.200946
0.534477, -1.963506, -6.256385
0.642607, -1.200261, -5.947652
-0.214399, 0.732633, -6.197883
-0.143087, 0.588858, -5.697752
-0.265974, 0.916919, -5.990327
-0.282994, 0.985302, -6.050056
0.311714, 1.324610, -5.875105
0.165116, 0.237983, -5.580933
-0.074433, 0.742290, -4.824498
0.256608, 0.992334, -5.049330
0.360886, 1.491810, -5.094037
-0.045783, 0.478362, -4.666413
0.345694, 1.301948, -5.923880
0.330470, 1.285224, -6.069407
0.025649, -0.097588, -5.557784
0.614655, 1.567471, -5.963745
-0.030007, -0.105551, -4.144463
0.435520, 1.165149, -6.132996
0.855054, 1.308632, -6.160048
0.376133, 0.485821, -5.502764
0.398257, 1.187007, -5.739824
0.949730, 1.844346, -6.182496
0.726445, 0.916004, -5.999474
0.859097, 1.378348, -6.234179
0.847536, 1.228705, -5.973387
1.315962, 2.083415, -6.194212
1.314946, 1.354957, -6.183464
1.285454, 1.355314, -6.218703
1.281705, 1.891613, -6.001580
1.999529, 1.861008, -6.203524
0.935467, 0.881782, -5.754696
0.643831, 1.088737, -5.724233
1.151891, 1.869423, -6.073063
1.593428, 2.288121, -6.054109
1.367788, 0.545292, -5.801421
1.452125, 0.663005, -5.896255
1.209237, 0.635817, -6.093408
1.336411, 0.857521, -6.120446
0.853579, 0.256781, -5.039254
0.846788, 0.099098, -5.226921
-0.134875, -0.093095, -5.469781
-0.107547, -0.056776, -5.206527
0.532722, 0.403997, -5.721330
0.623373, 0.617856, -6.247681
0.553560, 0.621120, -6.099788
0.506348, 0.894775, -5.887970
0.973678, 0.751186, -6.106601
0.759683, 0.576154, -5.680071
1.052757, 0.881129, -6.195200
0.654347, 0.302480, -5.320630
0.371658, 0.697432, -5.991780
-0.070928, 0.593849, -6.249132
0.303443, -0.155697, -4.576727
0.286244, 0.004709, -4.617912
0.259164, 0.487447, -5.937100
0.426627, 0.740470, -6.175750
0.197196, 0.096804, -4.582062
0.542243, 0.855584, -6.126438
0.814800, -0.179790, -6.251673
-0.021255, -0.929636, -5.027674
0.674973, -1.354625, -4.620256
0.731440, -1.317526, -5.828452
0.842035, -0.147489, -5.999875
0.532474, -1.489451, -6.072291
0.251545, -0.999572, -5.455003
0.263081, -1.231194, -5.593429
-0.215315, -0.098635, -5.736276
-0.170709, 0.113475, -5.902778
-0.081197, 0.050002, -4.871541
0.022822, 0.486678, -4.784845
0.109465, 0.696376, -5.712777
0.025327, 0.827677, -6.057135
0.191668, 0.311865, -4.904391
0.201900, 0.624528, -5.715359
0.655742, -0.177239, -4.767205
0.498909, -0.076554, -4.505808
0.284147, -0.661955, -5.044546
0.156337, -0.391213, -4.929063
0.516226, 0.062073, -4.479635
0.117084, -0.626281, -4.889241
0.275608, -1.145335, -4.875816
0.303520, -0.372887, -5.003754
-0.729070, 0.770498, -5.038965
-0.822140, 0.516967, -5.818623
-1.675045, 0.874577, -6.141870
-1.227069, 0.813385, -6.210267
-0.784826, 0.097385, -6.011526
-0.790300, 0.308643, -5.828432
-0.336742, 0.345850, -4.903320
-0.668035, 0.576142, -5.810317
0.418235, -0.943173, -5.224343
0.719552, -0.183698, -5.543466
0.367245, -0.058487, -5.441957
0.314483, -0.440713, -5.023661
0.935333, -0.118909, -5.108912
0.308119, -0.646284, -4.958245
1.099151, 0.171804, -5.694614
0.232990, -1.372703, -5.381877
-1.131368, 0.594399, -5.384305
-1.617755, 0.848759, -6.061912
-1.159492, 1.010335, -6.159616
-1.588237, 0.863389, -6.119955
-1.622850, 0.815355, -6.049472
-1.967589, 0.925659, -6.035770
-1.996638, 1.257699, -6.015388
-1.191179, 0.602473, -5.344300
1.008553, -0.003108, -5.858656
1.780728, -0.145630, -6.035075
1.301118, -0.059422, -5.127757
0.859676, -0.220091, -6.253795
0.662421, -0.299665, -5.377147
0.384738, -0.566509, -5.073183
0.598708, -0.176802, -4.951281
0.601067, -0.206765, -4.801593
-0.750652, 0.686800, -4.916022
-0.985074, 0.750092, -5.109740
-1.114252, 0.687332, -5.999758
-1.449992, 1.043128, -6.129829
-0.772462, 0.451120, -6.141041
-0.645439, 0.501882, -4.985602
-0.710044, 0.880318, -6.236800
-0.756307, 0.626766, -5.536890
1.507673, -1.637326, -6.249256
1.854631, -0.948866, -6.157259
0.330106, -1.149693, -5.184103
0.292411, -1.566512, -4.770984
0.930389, -0.431870, -6.195159
0.402560, -1.438076, -5.182752
1.226153, 0.027549, -5.196469
0.712608, -0.224638, -5.375705
-1.059245, 0.592631, -6.118155
-1.225487, 0.683910, -5.568978
-1.053811, 0.895705, -6.247213
-1.317027, 0.696986, -6.064157
-1.212204, 0.639587, -5.830184
-0.953307, 0.675340, -5.928671
-1.428650, 0.794159, -5.837076
-1.999749, 1.212516, -6.025377
1.511289, -1.937687, -5.319358
1.252315, -1.760598, -5.267277
0.562399, -2.025712, -5.464273
0.576638, -1.954446, -5.295413
1.635597, -1.598570, -5.730695
1.438299, -1.939317, -5.477084
0.690598, -1.851215, -5.339705
0.868877, -1.388317, -5.192888
-1.161387, 0.566636, -5.370228
-1.738098, 0.743821, -5.709599
-1.387022, 1.203745, -5.694357
-1.610240, 0.878176, -5.642952
-1.467981, 0.596100, -5.281681
-1.288192, 0.533164, -5.165296
-1.548937, 1.193962, -5.745669
-1.581652, 0.858306, -5.620638
0.594875, -1.835181, -6.077076
1.653632, -1.853197, -5.701999
1.699118, -1.991548, -5.678868
1.333073, -1.743448, -5.679396
1.820871, -1.888753, -5.783393
1.482190, -2.015280, -5.986873
1.153711, -1.989667, -5.816240
1.529173, -1.920493, -5.745780
-1.548269, 0.402754, -5.515814
-1.479338, 0.865224, -5.980196
-1.614833, 0.288781, -5.271720
-1.721982, 0.521640, -5.501832
-1.341317, 0.349719, -5.459776
-0.983107, 0.725751, -4.912964
-1.714443, 0.587539, -5.559638
-1.461919, 0.602822, -4.964496
2.085116, -0.978263, -6.179969
2.101926, -1.076437, -6.179499
1.419089, -2.007722, -5.452138
1.494361, -0.750138, -6.271607
1.428114, -1.530127, -5.654772
1.691568, -1.529676, -6.161188
1.264850, -1.579448, -5.792395
0.744688, -1.221609, -5.907995
-0.767265, 0.431387, -5.365366
-1.522361, 0.499171, -5.728946
-1.090976, 0.624011, -6.227861
-1.132024, 0.497126, -5.424985
-0.995709, 0.230394, -4.733920
-0.929999, 0.379344, -4.689592
-0.775241, 0.490214, -5.074822
-1.265228, 0.697738, -6.198266
0.655334, -0.872805, -5.978196
1.029786, -1.409132, -5.463799
1.092452, 0.091534, -5.861913
1.093110, -1.469618, -5.543949
1.259595, 0.192936, -5.918804
1.731918, 0.200941, -5.690990
1.210992, 0.172026, -5.856622
1.835279, 0.284989, -5.681449
-0.246039, -0.031297, -4.148812
-0.946865, 0.472418, -4.705495
-0.555098, 0.775210, -5.047113
-0.476228, 0.592375, -4.833815
-0.325063, 0.180112, -4.385407
-1.086174, 0.449993, -4.776785
-0.774569, 0.454952, -5.572939
-1.357708, 0.712345, -6.052615
-0.888121, 0.210796, -6.038202
-0.775746, 0.383924, -6.226964
-0.066049, -0.655480, -4.874068
-1.474624, 0.176133, -4.831671
-1.656129, 0.240397, -4.952350
-0.058387, -0.147730, -3.765564
-1.907964, 0.204928, -5.061140
-1.571277, 0.183152, -5.448189
0.557529, -0.657767, -4.332362
0.789083, 0.228844, -5.692751
0.820668, 0.052193, -6.211597
1.090809, -0.065150, -5.184338
0.486997, -0.132885, -5.457277
0.912588, -0.274716, -5.104175
0.178012, -0.067709, -4.277307
0.448577, -0.396362, -4.601909
-1.951176, 0.351411, -6.159626
-1.317669, 0.003904, -5.279569
-1.243263, 0.110611, -5.631909
-1.107315, -0.101457, -5.885428
-1.291385, -0.089868, -5.585598
-1.262214, -0.422731, -6.212655
-1.712790, -0.055962, -5.076203
-0.824907, 0.036689, -5.075089
-1.141483, -0.292849, -5.920577
-1.262052, -0.283928, -5.997392
-1.253876, -0.048420, -4.998444
-1.966908, 0.367178, -5.034673
-1.036830, -0.179218, -5.786901
-1.107290, -0.327027, -5.926072
-0.821849, 0.091277, -5.228438
-0.700185, -0.224436, -4.707030
-0.918944, -0.276379, -6.174393
-0.415778, -0.418442, -4.642262
-0.408860, -0.391265, -4.742930
-0.839675, -0.176109, -4.866533
-0.446975, -0.176359, -5.312114
-0.235585, -0.500144, -4.466965
0.105615, -0.326399, -4.122062
-0.636177, -0.147394, -5.248927
-0.889234, -0.327507, -5.763934
-0.867232, -0.337190, -5.883574
-0.523499, -0.234181, -4.904769
-0.531341, -0.209445, -5.595687
-0.189509, -0.428012, -5.343310
-0.249796, -0.517168, -6.196850
-0.187467, -0.339044, -5.414400
0.048422, -0.528672, -4.877789
0.457980, -0.312165, -5.672433
-0.058332, -0.433238, -5.909577
-0.168639, -0.380000, -6.207978
-0.330375, -0.411051, -5.379862
-0.503332, -0.890334, -4.904146
0.009274, -1.048713, -4.887268
-0.049072, -0.724407, -4.445098
-0.256053, -0.801625, -5.141366
0.253806, 2.267974, -5.746714
0.405014, 1.616006, -5.132038
0.585743, 1.822096, -5.201263
0.114607, -0.696475, -4.688319
0.225388, 1.003626, -5.025387
0.469879, 1.461243, -5.379488
-0.829327, 0.371777, -5.864789
0.164273, 0.353495, -4.925424
-0.145439, -0.673907, -4.540903
0.483089, -0.820570, -5.836162
0.469331, -0.675414, -5.820374
0.276970, -0.666559, -5.862321
0.443228, -1.186439, -5.670966
0.490995, -0.859831, -5.592380
0.433835, -0.573857, -6.217864
0.559661, -0.686072, -5.839498
0.309566, 0.870967, -5.608165
0.282878, 0.920981, -5.659149
0.217211, 0.503031, -5.140589
0.009890, 0.339035, -5.475358
-0.082175, 0.525731, -4.722486
-1.529577, 0.157523, -4.943731
-0.039334, -0.112030, -4.545119
-1.023645, 0.291620, -5.231166
0.207090, -1.039668, -5.160528
0.327813, -0.750091, -5.693018
0.582690, -0.743313, -5.927996
0.060686, -0.280059, -5.595233
0.827545, -1.485054, -6.072862
0.604433, -0.923554, -5.686822
0.389498, -0.600762, -5.480975
0.696840, -0.647982, -5.995799
-0.116810, 0.255003, -4.725105
-1.821190, 0.329958, -5.983359
-0.388477, -0.124285, -4.893175
-0.552307, 0.012270, -5.898288
-0.702962, 0.754062, -4.953499
-1.336856, 0.497925, -4.949913
-0.412676, 0.015581, -5.781076
-0.617884, 0.663246, -4.872515
1.260535, -1.514727, -5.554446
0.859101, -1.285071, -6.086207
0.634363, -0.513929, -5.280975
0.866230, -0.664682, -6.099628
1.676068, -1.943863, -6.051002
1.813400, -1.582303, -6.200211
1.773272, -1.211463, -6.189266
2.145702, -0.496737, -6.138474
-0.269507, 0.009612, -4.608605
-0.546162, 0.104448, -4.993871
-0.582066, -0.113362, -5.527213
-1.136501, 0.496749, -5.613833
-0.378975, 0.363589, -5.561516
-0.124440, -0.377435, -5.791409
-1.413086, 0.391468, -5.010026
-0.352229, 0.673208, -5.379882
0.611504, -0.485801, -5.166770
1.384871, -1.731841, -6.224791
0.137781, -0.553990, -5.486852
0.521461, -0.714582, -5.280439
0.500739, -0.749682, -4.948489
0.457840, -0.639277, -5.044290
0.285182, -0.439934, -5.629531
0.347756, -0.632899, -5.688743
0.685682, 1.994148, -5.102959
0.267152, 1.576897, -5.047235
0.643005, 2.169182, -5.101501
-0.526403, 0.502244, -5.819853
0.371769, 1.355309, -4.950147
0.427225, 1.881874, -5.254369
-0.014484, 1.916460, -5.798962
-0.080846, 1.860553, -5.833682
0.331671, -1.881560, -5.005044
0.499050, -1.173983, -4.732894
0.206779, -0.521876, -4.716358
0.570205, -1.020269, -4.718354
0.849331, -1.792957, -5.214679
0.051336, -1.014570, -4.843711
0.723073, -1.262148, -5.536403
0.558217, -1.143796, -5.634112
0.480167, -1.299407, -6.024915
0.351144, -1.126333, -5.584457
0.192187, -1.349122, -5.150414
-0.224048, -0.597854, -5.246077
0.187685, -1.926359, -6.124055
0.271670, -1.348042, -5.292130
0.414694, -1.394366, -5.640995
0.486243, -1.694797, -4.592927
0.223990, -1.644139, -5.897419
0.168862, -1.304174, -6.000257
0.377022, -1.583486, -5.508960
0.296063, -1.934880, -5.695252
0.220249, -1.957662, -5.666305
0.183549, -1.852184, -5.360607
0.209247, -1.866244, -5.381341
0.162869, -1.974769, -5.778255
-0.696499, -0.374714, -5.860955
-1.388579, 0.010004, -5.458979
-1.787606, 0.516348, -6.164392
-0.910666, 0.063301, -4.968272
-1.900550, -1.683661, -6.152331
-1.719591, 0.093681, -5.554770
-1.425267, -0.486683, -6.095952
-0.649023, -0.342822, -4.924628
-1.233828, -1.174862, -6.240453
-1.258117, -0.080224, -5.641728
-1.328946, -0.215901, -5.753007
-1.683132, -0.487521, -5.963939
-0.381888, -0.928340, -6.105687
-0.513645, -0.998084, -6.223762
-0.664535, -0.714034, -6.180954
-1.630881, -0.430860, -6.078280
0.787845, -0.992770, -4.700861
-0.243935, -0.719689, -4.442539
-0.039810, -0.465044, -4.187747
-0.288254, -0.825980, -4.721001
0.471529, -0.903060, -4.640209
0.271715, -0.900063, -4.711011
0.465909, -0.824849, -4.640003
-0.076125, -0.594075, -4.378517
-1.061278, 0.520303, -5.903252
0.496933, 1.550086, -5.296388
-0.698165, 0.444418, -5.384951
0.083440, 0.403310, -4.874953
0.225910, 0.440218, -5.029093
-0.643521, 0.212972, -5.378074
0.269991, 0.670387, -5.096214
-0.038417, 0.352501, -4.967665
0.806423, -0.723270, -4.788537
0.170466, -1.765593, -4.641666
0.609731, -1.673286, -6.095233
0.269589, -0.685518, -6.202510
0.513657, -0.816084, -5.199031
0.874182, -0.665739, -4.697362
0.498738, -0.350294, -4.166618
0.359689, 0.018818, -3.798643
-1.467649, 0.962302, -6.222222
-1.883372, 0.974872, -6.067839
-0.874666, 2.001653, -6.218709
-0.459514, 1.129705, -6.119494
-1.204260, 1.556843, -6.168811
-1.789210, 0.271690, -5.311241
-0.059126, 1.080027, -5.609531
-0.685884, 0.324353, -5.537413
0.379407, -1.872008, -4.967036
0.359875, -1.829706, -4.584453
0.560728, -1.528988, -4.650427
0.804680, -0.661538, -4.861618
0.386319, -1.619437, -4.601698
0.656297, -1.623739, -4.552256
0.771747, -1.503551, -5.131847
0.625392, -1.737685, -5.840770
-0.054712, -0.595724, -5.588623
-0.108236, -0.782944, -5.094397
-0.244755, -0.860205, -4.950790
0.246253, -1.742001, -5.607472
0.729424, -1.046309, -4.642908
0.297249, -0.804127, -6.201522
0.613896, -1.720664, -5.538673
0.289752, -0.914266, -5.387486
0.337958, -1.784086, -5.707348
-0.077194, -0.968069, -4.867844
-0.922604, -0.616353, -6.244327
-0.547978, -0.638725, -6.218949
-1.786892, 0.134215, -5.574951
-0.529035, -0.393740, -4.897635
-0.464313, -0.644296, -6.088254
0.320538, -1.284110, -4.843244
-1.732577, -0.469003, -5.828394
-1.586730, -0.274351, -5.620633
-1.665681, -0.418821, -5.786607
-0.691692, -1.384732, -6.171771
0.279891, -1.548773, -5.346931
-1.136600, -0.101601, -5.693677
-1.621052, -0.333450, -5.899777
-1.622259, -0.303114, -5.744419
0.040944, -1.499032, -5.104943
-1.965989, -0.183709, -5.826172
0.225996, -1.218031, -5.283231
0.406530, -1.664317, -6.193766
-0.000165, -1.431262, -5.095801
0.241452, -1.417851, -5.311429
0.355756, -1.811329, -5.922559
-0.905029, -0.966237, -6.226777
-1.455672, 0.047082, -5.688221
-1.928114, 0.033372, -5.835307
-0.095559, -0.980265, -5.331187
-1.638945, 0.193881, -5.006368
0.269314, -1.115497, -5.365066
0.099045, -1.157835, -5.524251
0.369819, -1.494938, -5.515628
0.337704, -1.936617, -5.547638
-0.331817, -0.797004, -5.048493
-0.524009, -0.238759, -5.705268
-0.008348, -0.963235, -5.229337
0.310686, -1.852227, -5.450568
-1.909365, 0.262579, -6.140559
-1.995659, 0.127598, -5.535558
0.269819, -1.281816, -5.433290
-1.168115, -0.090390, -5.824800
-1.913923, 0.206200, -5.274155
-0.215106, -0.882821, -5.320821
0.395594, -1.820589, -5.745747
0.306821, -1.508271, -5.699530
0.018672, -0.931908, -5.255091
0.383461, -1.749322, -5.452162
0.364392, -1.925101, -5.688831
-1.430371, 0.045266, -5.839630
0.016223, -1.592045, -5.947013
0.088874, -0.961572, -5.987767
0.030918, -0.716650, -6.058973
0.164174, -1.306082, -4.846718
-0.044382, -1.813720, -6.175010
0.335213, -1.122679, -6.136782
0.394214, -1.163787, -5.920519
-0.180647, -1.457579, -4.885617
-1.730495, 1.195863, -6.173152
-0.974070, 1.211501, -5.649008
-0.914116, 1.161303, -5.674390
-1.859424, 0.872609, -5.972671
-0.907990, 1.116529, -5.659873
-1.702411, 0.529408, -5.475706
-0.736816, 1.212914, -5.637597
-1.847684, 0.997086, -5.944757
0.378871, -1.810587, -6.091250
-0.052433, -1.044085, -6.188183
0.671867, -1.797280, -5.579126
0.513261, -1.808645, -4.752662
0.550437, -1.475789, -6.090906
0.477310, -1.552427, -5.976369
0.966641, -1.837323, -5.969699
0.544633, -1.563065, -4.761502
-1.564170, 1.316623, -6.245157
-1.690517, 1.539837, -6.173092
-1.414274, 1.347778, -5.750885
-1.598007, 2.180103, -6.207112
-1.575629, 1.387675, -5.731157
-1.938087, 1.916816, -5.915304
-1.064596, 2.212850, -6.223477
-1.205987, 1.146417, -5.659111
-0.019522, -1.093021, -6.231019
0.154542, -1.143512, -6.144693
0.536408, -1.679103, -4.607393
0.425377, -1.698094, -4.645274
-0.220423, -1.250619, -6.043941
1.070392, -1.787339, -5.456877
0.633005, -1.444990, -4.613809
0.697386, -1.872233, -6.141909
-0.170822, -1.650144, -6.007648
-0.147088, -1.007451, -5.962482
0.316955, -0.907859, -5.718773
0.038164, -1.965249, -4.862639
0.198902, -1.169929, -6.118989
0.235031, -1.910895, -6.106529
0.013646, -1.999488, -6.163510
0.227173, -1.406375, -4.884715
0.329271, -1.325673, -5.966480
0.298931, -1.013554, -6.152128
0.333218, -0.936122, -4.679683
0.255646, -0.762206, -4.438152
0.808906, -0.925640, -4.711823
0.554042, -1.438456, -5.767353
0.692839, -1.063671, -4.616415
0.447045, -1.201399, -6.240575
-0.751026, 1.437892, -6.215701
-1.301725, 1.576734, -6.182382
-0.789421, 0.670747, -5.626332
-1.207968, 0.807848, -5.743247
-0.199473, 0.979804, -5.703132
-0.426847, 1.407500, -6.250611
-0.867624, 0.648956, -5.385159
-0.310997, 0.706666, -5.427239
0.787108, -1.289056, -4.634690
0.747679, -1.353315, -4.605297
0.660828, -1.753534, -4.561562
0.843905, -0.941776, -4.756034
0.971987, -1.812069, -6.070455
0.798998, -1.911914, -5.394973
0.725281, -1.799342, -5.183277
0.682182, -1.684340, -4.655219
-1.468506, 0.863213, -5.401826
-0.939068, 0.356978, -5.338991
-1.384596, 0.906858, -5.494967
-0.956926, 0.705339, -5.875534
-0.288474, 0.523586, -5.457308
-1.602371, 0.850661, -6.103007
0.059958, 1.130453, -4.932186
-1.781110, 0.370657, -5.355033
0.026176, -0.820271, -5.097684
0.740594, -0.849456, -4.715149
0.457081, -0.705271, -4.404001
0.201556, -1.376426, -5.279600
0.512012, -1.447377, -6.141362
0.782236, -0.692079, -4.856769
0.663795, -0.757873, -4.624030
0.801360, -1.064994, -4.669825
0.402573, -0.831876, -6.103770
0.382366, -1.032955, -6.098196
-0.077130, -0.451705, -4.096086
0.046067, -0.490303, -4.161168
0.127404, -0.732489, -4.965764
0.226455, -0.991402, -5.157097
0.182525, -0.848412, -5.104075
0.171979, -1.825255, -5.378777
0.209607, -1.544500, -4.841375
0.439514, -1.553323, -5.460834
0.255112, -1.095438, -5.098248
0.179147, -0.998709, -5.960397
0.123778, -1.127139, -5.018203
0.413145, -1.399996, -5.627512
0.336527, -1.246927, -5.996297
0.253611, -1.087188, -5.084792
-0.000986, 0.395119, -5.169714
0.233786, 0.352753, -5.237751
0.024396, 0.330722, -5.205180
0.226579, 2.134850, -5.590754
-1.393274, 0.203062, -5.550027
0.377701, 1.989901, -5.414241
0.896613, 2.112771, -4.999120
-0.268752, 1.170843, -5.979241
0.218054, -1.830509, -4.678134
0.897830, -0.707300, -4.594343
0.388011, -1.102436, -5.796112
0.672140, -0.885309, -4.650753
-0.512756, 0.265967, -5.378662
0.516021, -1.844038, -5.538918
0.679862, -1.283702, -6.008449
0.798749, -1.495884, -5.624300
-0.219308, 0.681499, -5.856734
-0.440139, 1.449050, -6.174539
-0.468510, 2.027489, -6.236349
0.209673, 2.135151, -5.645637
-0.282699, 0.700011, -5.875976
-0.473087, 0.994885, -6.100511
-0.099297, 1.547788, -5.990451
0.893407, 1.914195, -5.414050
1.664797, -0.076967, -5.244293
0.709499, -0.085889, -4.650127
0.956523, -0.318182, -5.877479
0.973141, 0.021944, -6.037881
1.869828, 0.139289, -4.984875
1.190634, -0.008755, -4.965804
1.911943, -0.193346, -6.155471
1.912239, 0.323599, -5.645335
-0.446557, 0.223570, -4.894368
-0.202643, 0.735443, -5.890855
0.038345, 0.437938, -5.540956
0.078778, 0.537234, -5.741656
-0.013500, 0.635684, -5.396726
-0.025455, 0.648881, -5.299050
0.086342, 0.700089, -4.812109
-0.511415, 0.389575, -5.393364
1.153151, -1.089558, -6.123310
0.380244, -0.599739, -5.347369
0.999934, -1.289298, -6.105936
0.955834, -1.333096, -6.002826
0.867961, -0.328790, -6.063933
0.636023, -0.118481, -5.473821
1.490556, 0.465883, -6.283886
0.713269, -0.580343, -6.253332
0.156674, 0.967062, -5.605320
-1.562004, 0.260172, -5.411355
-0.023830, 0.383096, -5.484257
-0.579113, -0.104120, -5.525993
-0.198473, -0.034688, -4.550282
-0.845626, 0.366449, -5.259130
-0.001879, 1.048350, -4.931535
-0.877933, 0.379108, -5.562819
0.837279, -1.458065, -5.344970
1.422186, -1.813425, -6.114261
0.006492, -0.742745, -5.488262
0.259691, -0.503358, -5.593186
0.979638, 0.295474, -5.805713
1.249772, -1.671869, -5.784337
0.594918, -0.678375, -4.940279
0.569116, -0.724288, -4.852262
-0.528609, -0.327608, -5.056690
0.311206, 0.590847, -5.180471
-0.472475, -0.155262, -5.915455
-0.828180, 0.434885, -5.181666
0.133163, -0.072053, -4.546564
-0.096696, -0.029851, -4.516451
-0.467331, -0.063237, -4.694355
0.155980, -0.643308, -5.028447
2.137991, -1.705680, -5.975862
1.828490, -1.565881, -6.206241
1.190837, -1.547026, -6.013016
0.837465, -1.097828, -6.093612
1.661884, -1.895756, -6.128137
1.695713, -1.858856, -6.131110
0.916528, -1.331708, -5.881968
0.531339, -0.685562, -5.314099
-0.064071, 0.599803, -4.809023
-0.608685, 0.356742, -4.990494
-0.445554, 0.217388, -5.045528
0.249360, 0.648121, -5.052800
0.105564, 0.772250, -5.774295
-0.069658, -0.112613, -4.445581
-1.796884, 0.236297, -4.892408
-1.266175, 0.270883, -5.304904
0.789577, -1.419443, -6.105530
0.582191, -1.081343, -5.252889
0.389811, -0.475262, -5.616899
0.566806, -0.653449, -6.177144
1.038491, -1.626740, -6.224261
0.724987, -1.361571, -5.661804
0.631119, -0.852522, -5.829293
0.469711, -0.714847, -5.530797
0.615430, 2.028318, -5.193679
-0.009964, 0.802604, -5.561584
-0.224020, 0.597581, -5.822416
-0.158251, 0.490793, -5.739398
0.115566, 0.457267, -5.872775
0.183256, 0.380929, -5.032151
-0.006106, 0.479186, -4.870251
-0.395608, -0.040969, -5.070742
-0.122951, -0.689186, -4.782520
0.432968, -0.772601, -6.115265
0.167260, -0.802531, -6.095615
0.443943, -0.749711, -6.190619
0.397678, -0.702189, -4.358521
0.571114, -0.839565, -5.486397
0.579272, -0.930182, -6.222454
0.511380, -0.712945, -5.704957
0.016469, -0.008588, -4.419906
0.032834, -0.458436, -5.045922
-0.320064, -0.415668, -6.014874
-0.089419, -0.428722, -5.614075
-0.068631, -0.376640, -5.038821
-0.055647, -0.478146, -4.976669
-0.099134, -0.642774, -5.643289
-0.070115, -0.600116, -6.268028
-0.375226, -0.281766, -5.882904
-0.726589, -0.504280, -6.093712
-0.385132, -0.239954, -5.480187
-0.618723, -0.210684, -5.470038
-0.217003, -0.450247, -6.155791
-0.255729, -0.523152, -4.628518
-0.400410, -0.288781, -6.226753
-0.019550, -0.462648, -4.790132
-1.246310, 0.070757, -5.028602
-0.389707, -0.265051, -5.067818
-0.842527, -0.112357, -4.896085
-0.749977, -0.190510, -4.685966
-0.564590, -0.244216, -5.815650
-0.530330, -0.303709, -4.748559
-0.565870, -0.294232, -4.619346
0.462838, -0.283123, -3.874013
-1.824153, -0.006293, -5.351746
-1.980900, 0.587141, -5.049159
-1.623291, -0.165546, -5.847394
-0.840207, 0.002593, -4.775680
-0.985979, -0.198987, -5.820586
-1.888474, -0.253647, -6.054168
-0.677545, 0.024622, -5.096708
-0.802598, -0.089038, -4.745785
-1.970874, -0.226033, -5.856849
-1.881190, 0.358260, -5.927856
-1.868797, -0.280492, -6.095062
-1.523394, -0.133459, -6.023879
-1.752040, -0.027838, -5.738808
-1.012324, -0.161883, -5.762314
-1.427693, 0.001211, -5.345380
-1.314939, -0.081187, -5.591422
-0.679763, 0.058597, -4.968203
-0.726490, 0.025367, -6.040458
0.611800, -0.698682, -4.519996
0.129395, -0.645766, -4.757744
-1.383987, 0.359897, -4.955004
-0.747850, 0.689198, -4.932615
-0.639236, 1.961042, -6.133911
-1.915968, -0.220792, -5.166995
-0.072373, -0.157755, -5.561072
0.448316, 0.123852, -6.077178
-0.628594, 0.530820, -3.108296
0.486069, -0.545922, -4.526361
-0.356190, -0.012243, -4.147151
-0.211339, -0.071555, -4.763273
0.861711, 0.286818, -4.539672
0.764022, 0.067345, -6.058161
-1.709776, 0.198085, -5.790088
0.060420, 0.413200, -5.346796
-0.914347, 0.179524, -5.351494
-1.625209, 0.409032, -6.195945
-1.120596, 0.010579, -5.156458
0.262412, 0.924080, -5.265293
-0.319633, 1.363294, -5.942040
-1.925712, 0.559642, -5.852772
0.734601, 0.093822, -5.877511
1.760432, -0.221935, -6.102538
0.778361, 0.226793, -5.766014
1.917036, 0.301431, -5.593506
1.033022, 0.227022, -5.291842
1.709601, -0.037594, -4.916069
1.697816, 0.628009, -5.756878
1.711452, 0.358951, -5.507193
0.411031, 1.510090, -5.357589
0.696886, 1.631107, -5.057227
0.113653, 1.437786, -5.711067
-0.449280, 2.020433, -6.148456
-0.228677, 1.777347, -6.192777
-0.425597, 2.082343, -6.116327
-0.192710, 1.360072, -5.930283
-0.036010, 1.420730, -5.715044
1.489394, -0.380865, -6.196265
1.579446, 0.747188, -6.036108
1.982876, -0.214012, -6.102379
1.811200, 0.410462, -6.058371
2.228634, -0.090781, -6.169868
1.647165, -1.161211, -6.219467
1.641272, 0.340453, -6.123993
2.045135, 0.276754, -6.027537
0.621121, -0.804722, -6.015627
0.654593, -0.892936, -5.928060
0.738636, -0.452166, -5.761067
0.836910, -0.282500, -5.885164
1.285539, 0.082496, -6.170848
1.298534, -0.125121, -6.182782
1.024660, -0.298547, -6.213976
1.022641, 0.058870, -5.826995
-0.974157, 0.417957, -4.736448
-1.412149, 0.420548, -6.019280
-1.787623, 0.625230, -5.676340
-0.866412, 0.821499, -5.037288
-0.141917, 0.204649, -4.046005
0.479009, -0.073632, -3.708725
-0.752889, 0.428915, -5.643454
-0.774269, 0.489950, -5.747456
1.864259, -0.886115, -6.254367
1.914847, -0.702990, -6.263510
2.068184, -1.127220, -6.199648
2.035300, -0.738232, -6.138993
2.103035, -1.044621, -6.208376
1.975097, -0.401535, -6.261872
0.649647, -0.961569, -5.684286
0.755365, -1.110274, -5.603390
-1.397969, 0.367748, -5.877681
-1.066949, 0.257654, -4.777970
-1.331138, 0.635956, -6.015779
-0.960155, 0.570915, -5.707565
-1.050507, 0.380243, -4.764437
-1.087547, 0.355592, -5.900316
-0.908326, 0.449804, -6.284531
-0.847991, 0.472211, -5.529207
2.035095, -1.826490, -6.202901
2.233225, -1.874667, -6.167520
1.569286, -1.620545, -6.112992
1.171892, -1.848056, -6.000173
1.667106, -1.693998, -6.090390
1.508730, -1.847682, -6.257204
1.427022, -1.879312, -5.957058
1.352403, -1.868889, -5.871505
-1.679764, 0.728242, -6.124798
-1.953205, 0.637535, -6.216284
-1.903347, 0.831374, -6.082657
-1.736746, 0.858248, -5.857504
-1.946784, 0.923050, -6.210505
-1.559886, 0.480724, -5.684092
-1.308158, 0.672263, -5.481128
-1.546160, 0.607691, -5.662582
1.952847, -1.770316, -6.138422
1.110716, -1.988429, -6.120398
1.272593, -1.584879, -5.534923
0.563328, -1.987712, -5.296087
1.492573, -1.883061, -5.773564
1.342265, -1.854182, -5.651621
0.524517, -1.317197, -5.203755
0.039794, -1.681256, -5.077022
-1.487278, 1.516733, -5.820126
-0.977075, 1.339369, -5.555882
-1.527002, 1.564330, -5.748126
-1.794244, 1.671120, -6.249561
-1.564211, 0.456607, -5.219733
-1.560536, 0.536846, -5.213552
-1.695527, 0.924446, -5.729423
-1.974365, 1.104349, -6.125790
1.932628, -1.293497, -6.226551
1.646124, -0.716640, -6.258544
1.070378, -0.568088, -6.242050
1.896449, -0.818617, -6.167031
1.477940, -0.068581, -6.081250
1.058894, -0.652751, -6.187871
2.281075, -0.502101, -6.061743
1.018007, -0.085532, -5.084915
-1.119314, 0.774104, -6.154826
-1.802537, 0.818812, -5.940303
-1.626000, 0.921644, -5.659217
-1.646645, 0.990435, -6.261054
-1.457856, 0.864895, -6.037721
-1.725431, 0.966875, -6.222886
-1.799445, 1.069904, -6.181020
-1.765000, 1.007272, -6.230018
1.195445, 0.184740, -5.869676
0.636308, -1.049164, -5.530682
0.646804, -0.252579, -5.450770
0.761019, -1.374449, -6.007001
0.694957, -0.372916, -5.810141
0.653910, -0.283501, -5.363508
0.182278, -0.552597, -5.220151
0.420435, -0.509609, -5.186893
-1.278555, 0.685035, -5.726450
-0.876297, 0.519216, -5.870439
-0.786836, 0.643284, -5.960981
-0.695073, 0.927678, -6.122788
-1.039497, 0.482627, -5.550742
-0.859644, 0.540860, -5.755911
-0.725300, 0.954095, -5.960601
-0.682103, 0.682344, -5.674147
0.759762, 0.070979, -5.829521
0.555655, -0.303444, -5.311845
0.583572, -0.352891, -5.450866
0.562263, -0.358227, -5.289040
0.717018, -0.198689, -5.290633
0.684813, -0.187147, -5.290618
0.438016, -0.542205, -5.081537
0.234084, -0.623134, -5.189913
-0.843151, 0.499408, -5.208359
-1.106095, 0.565940, -5.766557
-0.611373, 0.646018, -5.511391
-0.664039, 0.942133, -5.618512
-1.884687, 0.771667, -5.985658
-1.476794, 0.830958, -5.970983
-1.549324, 1.316459, -6.132504
-1.823759, 1.163900, -6.117289
1.414720, -0.267111, -5.364889
1.483549, -0.291680, -5.351668
0.327530, -0.556541, -5.106754
0.208634, -0.308710, -5.041009
0.183994, -0.804371, -5.984170
-0.028013, -0.862884, -4.900348
0.039782, -0.759737, -5.473812
0.229024, -0.837346, -5.878794
-1.188943, 0.611072, -5.438872
-0.864854, 0.359452, -5.904691
-1.117909, 0.892520, -6.245761
-1.573404, 1.069904, -6.132566
-0.791185, 0.405723, -5.742730
-0.506816, -0.058120, -5.068897
-0.438393, 0.401903, -5.659036
-0.618015, 0.841340, -6.034246
-0.023671, -0.748333, -4.917967
0.272289, -0.844599, -5.768989
0.539268, -1.570114, -5.964478
0.769171, -1.512328, -6.280152
0.591882, 0.066176, -5.283154
0.054326, -0.783385, -5.625861
0.242432, -0.471526, -5.182259
0.158713, -1.028145, -5.603643
-0.068695, -0.639954, -5.222853
-0.176667, 0.715458, -5.975364
0.109829, 0.929416, -5.952793
-0.118726, 0.021290, -5.325791
0.022058, 0.831694, -6.275877
0.029642, 0.639693, -4.896784
-0.067528, 0.388317, -4.661927
-0.131557, 0.435716, -4.661354
0.249511, 0.145358, -5.157443
-0.020713, 0.475843, -5.917910
-0.045182, 0.496999, -4.607802
0.266639, 0.336792, -4.942383
0.503489, 0.734479, -6.143134
0.090960, 0.335164, -5.841672
0.523564, 0.735998, -5.935566
0.391819, 0.058095, -5.112991
0.593632, 0.541278, -5.947907
0.595265, 0.656810, -6.086709
0.747580, 1.150741, -6.120707
0.707460, 0.973798, -6.123447
0.670326, 0.538725, -5.475150
0.621388, 0.353551, -5.240896
0.153364, -0.069298, -4.968924
0.787148, 0.832249, -5.913135
0.910229, 0.559323, -5.956150
1.116197, 0.665787, -6.056917
0.525266, 0.301851, -5.134135
1.104666, 1.095316, -6.038698
0.606945, 0.512478, -6.100954
0.471757, 0.457859, -5.869282
-0.359312, 0.235580, -6.054149
-0.159259, 0.108112, -5.490489
1.142606, 0.705849, -6.279724
1.246375, 0.815755, -6.100944
0.337927, 0.168872, -5.413648
-0.453482, 0.067374, -4.918939
0.692692, 0.628590, -5.587332
0.848372, 0.226656, -5.045591
0.923769, 0.731570, -5.682887
0.761344, 0.143239, -5.198475
1.349293, 0.561424, -5.718279
1.103632, 0.369154, -4.920526
0.762744, 0.857752, -5.498143
0.736004, 0.440540, -5.171644
1.826732, 0.361234, -5.309713
2.026978, 0.057288, -5.398515
1.986139, 0.066811, -5.166103
1.591710, 0.135731, -5.051052
1.358969, 1.247948, -6.264016
1.752577, 0.497345, -5.345874
0.921563, -0.056054, -5.277207
0.734388, 0.138765, -5.045861
1.225753, 1.049702, -6.225593
1.879800, 0.016712, -5.475976
0.771062, -0.004153, -5.373427
1.452172, 0.280069, -4.826933
0.245735, -0.374818, -3.729166
0.694403, 0.907440, -6.020417
0.642024, 0.600081, -5.255134
0.316934, 0.049128, -4.858524
0.818359, 0.479441, -5.297614
0.911857, -0.045944, -4.847681
0.901974, -0.000103, -4.753277
1.158947, 1.319499, -6.021795
1.216187, 1.582495, -6.046631
0.695481, 0.820812, -5.724247
1.894901, 2.313720, -6.228607
1.193775, 1.530890, -5.976209
0.927638, 0.813935, -5.482125
0.285258, 0.340761, -5.829938
0.518705, 0.164471, -5.059707
0.968374, 0.677373, -5.432887
0.661072, 0.917732, -6.015021
0.591574, 1.179323, -6.140211
0.267554, 1.847188, -5.597075
0.442611, 0.910463, -5.909309
0.903022, 0.988065, -6.270278
1.293114, 2.040239, -6.265172
0.699760, 0.776104, -5.561378
0.766262, 1.093208, -5.923980
0.120728, 1.310475, -4.764121
0.245167, 1.326307, -4.741377
-0.087190, 1.144112, -4.714728
-0.124995, 0.883089, -4.719584
0.087760, 1.430943, -4.873559
0.399311, 0.816551, -5.559649
-0.025767, -0.016928, -4.277047
-0.112541, -0.172838, -3.980940
0.562866, -1.851835, -5.604290
0.611109, -1.441328, -5.808838
0.523348, -1.828205, -5.611201
0.614228, -1.151540, -6.215834
0.071708, -0.673985, -5.062860
0.668721, -1.831889, -5.347683
0.847820, -0.108425, -4.875289
0.720635, -1.630342, -6.101667
-0.387565, 0.895650, -6.047586
0.064877, 0.946878, -5.575042
-0.093114, 0.591229, -4.731783
-0.401897, 0.966835, -6.093809
0.369307, 1.014297, -5.743040
0.266106, 0.182377, -5.201054
-0.182127, 1.036505, -4.951716
-0.121913, 1.160679, -6.221378
0.169752, -0.486354, -4.944109
-0.098023, -0.735007, -4.983817
0.272775, -0.432413, -5.174870
0.044968, -0.940737, -4.785789
0.563836, -1.818506, -5.811373
0.381599, -0.932562, -4.539489
0.349644, -1.115750, -5.988758
0.414614, -1.738667, -5.616083
-0.085872, 1.720717, -6.119544
-1.164350, 1.791946, -6.175300
-0.879157, 1.400413, -6.182163
-0.591444, 2.110775, -6.134683
-0.563075, 0.694354, -5.998024
-1.052608, 2.114874, -6.201938
-0.323375, 0.768180, -6.247105
-0.524000, 1.341385, -6.144565
0.876640, -0.325889, -5.935742
0.710498, -0.563943, -5.835765
1.056241, 0.295541, -5.514946
1.051463, -0.276704, -5.938183
0.528491, -0.486667, -5.114223
0.192785, -0.449239, -4.927475
0.328890, -0.258434, -5.049279
0.038580, -0.257731, -5.247254
-1.148482, 2.142463, -6.190455
-1.149139, 2.129114, -6.195931
-1.381261, 1.215035, -6.278987
-0.928011, 1.951747, -6.297581
-1.604872, 1.750671, -6.209894
-1.752187, 1.280717, -6.039681
-0.576572, 1.973863, -6.099208
-1.819328, 1.410981, -5.735565
0.831664, -0.104595, -4.872991
0.751708, -0.115940, -4.840321
1.287396, -0.071170, -5.328053
1.145506, 0.318965, -5.522881
0.647643, -0.200947, -5.225740
0.500583, -0.002747, -5.538413
0.563879, -0.275870, -4.821762
0.448681, -0.356274, -4.865130
-0.736746, 0.949937, -6.076374
-1.138382, 1.199385, -6.183951
0.360596, 1.541896, -5.401530
-0.034139, 1.208397, -5.934754
-0.290840, 0.705225, -5.288297
-0.507037, 1.365812, -6.196990
-0.032108, 1.162010, -5.954315
-0.754100, 1.346543, -6.240904
0.650470, -0.311427, -5.742174
0.364525, -0.986522, -5.144802
0.207992, -1.650822, -4.740902
0.828419, -1.362136, -5.602051
0.794841, -0.091037, -4.771385
1.169733, 0.085279, -5.209689
1.158133, 0.418056, -5.888865
0.411336, -1.063225, -5.171466
-0.637491, 0.956526, -6.016693
-0.377452, 0.359877, -5.324398
0.275389, 0.520008, -5.251093
-0.235143, 0.636931, -5.335806
-0.210685, 0.624744, -5.300014
-1.775206, 1.165189, -6.065674
0.273316, 0.680494, -5.170392
-1.798605, 1.096881, -5.928240
0.617220, -1.836373, -5.299515
0.635874, -1.574156, -5.102069
0.373816, -2.027999, -5.290985
0.327544, -1.565456, -5.618491
0.889291, -1.333600, -5.759944
0.461738, -1.206503, -5.158621
0.830138, -1.945856, -5.422284
0.464554, -1.715027, -5.019946
-1.387093, 0.749608, -5.790398
-1.104792, 1.546530, -6.160354
-0.492532, 0.576960, -5.375179
-1.149782, 0.436703, -5.289601
-0.041575, 0.573997, -5.088161
-0.499519, 0.291381, -5.383870
-0.014987, 1.032865, -6.035881
-0.020660, 0.826898, -5.428323
0.563868, -1.075742, -5.201518
0.463816, -1.697334, -5.188051
0.164091, -0.690166, -5.356920
0.599984, -1.182095, -5.415276
0.399997, -1.402255, -5.163476
0.305000, -1.248683, -5.153957
0.952299, -1.549610, -5.646420
0.483782, -0.720121, -5.540887
-0.156032, 0.479449, -5.449317
-0.326795, 0.330974, -5.458035
-0.528765, 0.055827, -5.456224
-0.020638, 0.541024, -5.622990
-0.459012, 0.108093, -5.178362
0.228088, 0.414047, -4.902944
0.274131, 0.698162, -5.511431
0.056502, 0.520832, -5.244077
1.065687, -1.553287, -5.250818
1.215910, -1.705043, -5.416592
1.199346, -1.415513, -5.499861
1.107239, -1.592234, -5.474529
0.760445, -1.176401, -5.903391
0.914872, -1.326172, -5.696936
1.281105, -0.396765, -6.115911
1.069835, -1.434890, -5.478005
0.236665, 1.037113, -5.005694
0.226105, 0.708830, -4.961463
-0.058608, 0.278940, -5.000749
-1.166097, 0.738781, -5.758647
0.251583, 1.172228, -5.553536
-0.214770, 1.177622, -5.626465
-0.658917, 0.975324, -6.237976
-0.288328, 1.215112, -5.983820
1.759522, -0.703316, -6.170240
0.917290, -1.886317, -5.421510
1.107836, -0.611292, -6.163507
1.027968, -1.385246, -5.772138
0.690604, -0.370308, -6.223961
0.460675, -1.239872, -5.511238
0.524090, -1.287996, -6.256839
0.206570, -1.288995, -5.266433
-0.519388, 0.821462, -5.711462
-0.045475, 1.206734, -6.200953
-0.169651, 0.927335, -5.750301
-0.813331, 0.616710, -5.380162
-0.014786, 1.050898, -5.462992
0.141055, 1.142843, -5.902310
-0.739352, 0.267598, -5.275349
0.555258, 1.682649, -5.193328
0.325910, -0.356060, -4.534233
0.040891, -0.152813, -5.889630
0.130569, -0.241296, -5.993231
0.251271, -1.325987, -5.163407
0.243451, -0.309797, -5.045307
0.854960, -0.083248, -4.833756
0.020432, -0.848932, -4.877890
-0.051599, -0.240685, -4.925111
-1.271480, 0.853696, -5.676288
-1.176539, 1.825673, -6.235685
0.508065, 1.629683, -5.031893
-0.688268, 0.218169, -5.908422
-1.647315, 1.220834, -5.827720
-0.586234, 1.888154, -6.222462
-1.357273, 0.736032, -6.234176
-0.414322, -0.188534, -4.690251
0.051751, -0.979394, -5.290197
0.542259, -0.292366, -4.836700
0.777682, 0.422245, -5.878309
0.665568, 0.136373, -4.496364
0.218711, -1.058184, -5.247893
0.307595, -1.172824, -5.561193
0.034721, -0.773198, -5.451150
0.429980, -1.146243, -5.943138
-0.434439, 1.093636, -5.941790
-0.252603, 1.076141, -5.763379
0.114614, -0.690503, -5.679065
-0.397836, 0.054611, -5.021482
0.388316, -0.314827, -3.706373
-0.336845, 0.488595, -5.896783
-0.374155, 0.376069, -5.670179
0.102209, -0.700715, -4.482171
0.469259, -1.907319, -5.564433
0.554730, -1.585449, -6.167009
0.246586, -0.521631, -5.133751
0.480795, -0.312775, -5.113071
0.337423, -1.371695, -4.707069
1.079803, -1.713858, -5.752041
0.212256, -0.500353, -4.831717
0.227523, -1.935984, -4.962272
-0.161748, 0.220269, -4.508081
-0.125366, 0.219060, -6.038326
0.050152, 0.640010, -5.613926
0.060116, -0.664738, -4.270494
0.130179, 0.067532, -5.090755
0.202446, -0.392707, -3.777010
0.375720, 0.466058, -5.328090
-0.151499, 0.461008, -4.711417
0.139305, 0.085660, -5.298127
-0.229136, -0.566347, -4.224267
0.212864, 1.288865, -6.109715
0.059470, 0.730976, -4.582707
-0.108207, 0.967734, -4.765810
-0.080834, -0.188033, -3.800060
0.135132, 1.170900, -4.725949
0.111629, 1.266107, -4.735011
0.510422, 0.494185, -5.051527
-0.224013, -0.223803, -5.477160
0.466136, 0.958963, -6.224638
0.276711, 0.527081, -5.773580
-0.228134, 0.100752, -5.697614
-0.130512, 0.056311, -5.761032
0.117917, 0.128323, -4.577329
0.034459, -0.023291, -5.395056
1.381092, 2.115196, -5.983780
1.576923, 2.182105, -6.095302
1.566572, 0.636504, -5.418530
1.501611, 1.779299, -6.176621
0.855772, 0.933219, -5.647723
0.618378, 0.919123, -5.333507
1.658879, 1.917182, -6.230977
0.573417, 0.310895, -4.856197
1.200469, 1.323838, -6.115642
1.715123, 1.001308, -6.143962
0.673593, 0.672638, -5.226225
0.910348, 0.871281, -5.579681
0.763781, 0.394118, -5.869583
0.884493, 0.028337, -5.181219
0.282669, 0.121054, -5.554190
0.881429, 0.045692, -5.133934
0.641811, 0.414099, -5.982941
1.494383, -0.301042, -5.370537
1.717115, -0.185097, -5.212774
0.899666, 0.061159, -4.990610
1.703226, 0.028310, -4.750893
0.306340, 0.158886, -5.504511
1.288729, -0.094157, -5.041553
0.394932, 0.294426, -5.634006
1.459767, 2.097067, -6.176416
0.830255, -0.169273, -5.050776
1.727980, 0.049652, -5.049929
0.627886, 0.429124, -4.987462
1.560389, -0.073002, -5.071224
0.382918, 0.127853, -5.522503
0.272427, 0.557223, -4.790158
0.069421, 1.160563, -4.918343
1.065881, 1.429328, -6.104505
1.487465, 0.659962, -5.600861
0.929808, 0.736563, -5.489282
0.656592, 0.106088, -5.083117
0.933880, 0.502085, -5.096985
0.811224, 0.589544, -5.044275
1.176946, 1.967570, -5.945284
0.781465, 0.575863, -4.977013
0.476438, 0.960771, -5.224024
0.921032, 1.181854, -6.273458
0.287176, 0.373163, -4.567020
0.366776, 0.458423, -4.896615
0.754137, 0.575102, -5.010012
0.541368, 1.459583, -5.679880
0.580329, 1.445696, -6.061583
0.435274, 0.641124, -4.949061
0.449366, 0.973588, -6.187314
0.368185, 0.364261, -5.104085
0.109491, 2.140745, -5.482995
0.434499, 1.688348, -5.255007
0.456028, 0.748045, -5.737656
0.726285, 1.248854, -6.223625
0.514938, 0.733316, -5.407102
0.685716, 1.030164, -6.011495
-0.180278, 0.552176, -4.696479
0.246671, 1.105611, -5.776197
0.053115, 1.461138, -5.032194
0.027716, 1.278118, -4.841374
0.764208, 2.216798, -5.855758
0.546684, 1.164834, -6.024384
0.591324, 1.216168, -5.662621
0.529201, 1.499812, -5.523120
0.436782, -1.561953, -5.823772
1.023257, 0.203631, -4.675515
1.537934, 0.013091, -6.260190
1.871840, 0.117980, -5.309107
0.181852, -1.466295, -5.459439
1.319819, 0.454084, -5.810672
1.419998, -0.154759, -5.213693
1.627395, 0.037000, -5.235194
-0.187042, 0.977557, -6.232625
-0.302256, 0.675307, -6.234315
-0.334878, 0.811180, -6.226469
0.379184, 1.235090, -4.965236
0.277758, 1.638683, -6.015962
0.144807, 0.563128, -5.379268
0.552460, 2.035272, -5.125371
-0.122884, 1.099746, -4.936298
0.328815, -0.260247, -5.138101
0.841252, 0.165481, -4.648213
1.297340, 0.492101, -5.665224
1.490243, -0.083976, -5.305149
0.148583, -0.148522, -5.473148
0.199777, -0.333330, -5.002490
0.676359, -0.168351, -4.846057
1.506030, 0.584840, -5.325556
-0.623084, 0.579602, -5.971695
-0.251193, 0.269473, -5.300114
-0.144787, 0.595345, -5.722754
-0.198411, 0.720723, -5.815771
-0.397954, 0.593147, -6.271397
-0.404599, 0.615352, -6.177720
-0.565119, 0.518987, -5.842906
-0.323614, 0.815257, -6.121177
0.022436, -0.588711, -5.213628
1.784879, -0.101219, -5.283635
0.527793, -0.369104, -4.308077
0.741648, -0.319295, -5.136135
1.023741, 0.229263, -4.676382
0.994301, 0.378351, -4.558411
1.413724, -0.173361, -5.293397
1.410455, 0.328322, -5.272848
0.062868, 1.021088, -5.767244
-0.582154, 0.841405, -5.811090
-0.070971, 0.667410, -5.827178
-0.141307, 0.720772, -5.742966
-0.149277, 0.646892, -5.926220
-0.385411, 0.549526, -5.870693
-0.167745, 0.733454, -5.875236
-0.279418, 0.681774, -5.709895
1.004868, -1.426306, -6.025970
1.003828, -0.102760, -6.217631
0.995988, 0.277636, -5.800492
1.012343, -0.104305, -5.350441
0.563847, -0.480045, -4.947383
0.508521, -1.470926, -5.552927
0.209887, -0.671869, -4.805917
0.894565, 0.048909, -6.148438
-0.369525, 0.230288, -5.159032
0.276715, 1.045643, -4.984509
-0.069266, 0.133858, -4.641398
0.063033, 1.047833, -5.763877
-0.243305, -0.035928, -4.613964
0.693012, 1.967681, -4.963878
-0.108103, 0.583609, -5.705287
0.055201, 0.974765, -5.956175
1.221537, -1.722995, -5.747856
1.226224, -1.804258, -5.889512
2.272360, -1.916121, -5.791407
1.864120, -2.031512, -6.228762
0.798978, -1.613438, -5.212526
1.515024, -2.013940, -6.004987
1.288328, -1.731402, -5.530080
1.819154, -0.600924, -6.151792
-0.281310, 0.218099, -5.376024
-1.103226, 0.372406, -5.275706
0.358726, 1.988813, -5.364635
0.212661, 1.972831, -5.328659
-0.058627, 0.438582, -5.067053
0.081037, 0.944425, -5.682942
-0.303582, 0.039067, -4.696866
-0.034535, 0.551602, -4.803780
1.018684, -1.942034, -5.828123
1.074598, -1.673365, -6.197041
1.038097, -1.887770, -5.907431
1.374782, -2.030069, -6.293335
0.352542, -1.125411, -5.097069
0.878192, -1.402638, -5.436155
1.525620, -1.991686, -6.197303
1.250937, -1.839063, -5.856894
0.252837, 0.712332, -5.057045
-0.448179, 0.222685, -5.106239
0.422692, 1.798518, -5.210892
0.024311, 0.776583, -4.894415
-1.225010, 0.155155, -5.505388
0.268784, 0.629307, -5.535125
-0.424990, 0.606400, -5.300213
-0.394891, 0.177790, -5.107276
1.624741, 0.384304, -5.173963
1.729489, 0.008256, -5.908169
1.923023, -0.076582, -6.051058
1.790354, -0.093782, -5.719996
1.449568, -0.188780, -6.010444
1.298094, -0.195227, -6.040041
2.199101, -0.075570, -6.195674
2.027614, -0.125055, -5.998678
-0.288047, 1.200245, -6.203485
0.182171, 0.817333, -5.992305
0.120911, 1.714872, -6.075468
-0.143054, 2.101028, -6.121288
0.157085, 1.694997, -5.710135
-0.018289, 1.154231, -6.246303
0.078165, 1.921976, -5.693008
0.462737, 2.083263, -6.113636
0.204830, 1.176429, -6.152949
0.302006, 2.047104, -5.581560
0.368053, 2.072842, -5.719138
0.618397, 1.675621, -6.047710
0.593241, 2.051480, -5.028435
0.175607, 1.832940, -5.218593
0.249748, 2.313007, -5.926751
0.588310, 2.192976, -5.956771
0.378027, 2.036752, -5.094840
0.670359, 2.148013, -5.994203
0.522216, 1.674982, -5.655133
0.882642, 2.121776, -6.113224
0.018799, 1.512663, -5.004895
0.514209, 0.736651, -5.452878
1.098717, 2.001617, -5.757361
0.429642, 1.152894, -6.029657
0.558934, 0.305917, -4.820743
0.609595, -0.134314, -4.884614
1.419543, 0.409405, -5.119884
1.281413, -0.328445, -5.455034
0.494598, 0.524642, -4.819508
0.419579, 1.015042, -5.315102
1.223572, 0.105885, -5.000854
0.249586, 0.773069, -4.768647
1.235064, 0.390356, -5.079864
0.638273, 1.449340, -5.421383
1.967838, 0.071329, -5.354443
0.699284, 0.353885, -5.120660
0.290307, 0.615490, -4.730289
0.783600, 0.504289, -4.851968
1.134134, 0.368233, -5.114814
0.422624, 0.572000, -4.794614
0.489990, 0.342691, -4.853561
0.160602, 1.353801, -5.099198
1.010793, 0.170205, -4.893701
0.904946, -0.004679, -4.690653
0.225530, 0.716010, -4.757342
0.138021, 1.834666, -6.024156
0.028744, 0.775055, -4.691378
0.774782, 0.216337, -4.914454
1.121866, 2.231257, -5.884388
1.627876, 2.100377, -6.050273
2.013037, 0.062226, -5.812367
0.642279, 0.744083, -5.137469
1.988940, 0.175789, -5.331231
0.898737, 1.219642, -6.023387
0.396760, -0.090785, -4.972827
0.107299, 0.631119, -4.757976
1.363310, 0.488027, -5.290455
1.341242, 0.504992, -5.268280
0.801966, 0.618856, -5.244820
0.789549, 0.257175, -4.874797
0.317527, 0.920056, -5.137208
2.243613, 1.810800, -6.186600
1.430173, 0.733571, -6.096886
0.985774, 0.417602, -5.230183
1.437152, 0.036416, -5.046673
0.361646, 0.564675, -4.879966
1.031824, 0.779095, -5.734898
1.292540, 0.307110, -5.049105
0.113769, 0.784744, -4.682035
1.277630, 0.444035, -5.092462
1.376181, 0.213071, -5.057839
1.155007, 0.343137, -5.113632
0.479747, 0.992157, -5.614861
-0.188687, 1.855636, -5.432767
0.419924, 1.782056, -5.567204
0.840677, 2.046964, -5.237713
0.856028, 0.840213, -5.613333
-0.140990, 1.850973, -5.317876
1.229812, 1.887032, -5.843288
0.554335, 0.951702, -5.525714
0.337037, 1.390020, -5.540209
0.199162, 2.171147, -5.632212
0.396542, 1.985062, -5.737750
0.303451, 2.312575, -6.007898
0.448650, 1.612976, -5.843082
0.469343, 1.622163, -5.683149
0.400482, 1.907524, -5.766850
0.403665, 1.941765, -5.742712
2.110597, 0.310510, -5.698399
1.988586, 0.401332, -5.521228
2.192896, -0.166422, -5.854378
2.259203, 0.118550, -6.201275
0.795677, 0.187203, -6.084472
1.620065, -0.089499, -6.183629
2.196323, -0.204692, -6.180554
1.978443, -0.325937, -6.139712
-0.018963, 1.064515, -5.788537
0.213390, 1.484349, -5.920192
-0.129966, 1.639760, -6.086762
-0.524785, 2.121528, -5.986068
0.487623, 1.943137, -5.880493
0.593976, 1.700560, -6.020502
0.572953, 1.611624, -6.172632
0.119397, 1.474720, -6.224527
-0.684952, 0.274373, -5.139369
0.365511, -0.719421, -4.922938
0.864218, -1.674714, -6.177533
0.596536, -1.622807, -5.177989
0.200856, -0.672586, -5.001870
1.099771, -1.545235, -6.273433
1.077928, -1.857944, -5.596295
1.448113, -1.980625, -5.707236
-0.256326, 1.138081, -5.674634
-0.035028, 1.076981, -5.562364
0.405452, 1.515059, -5.001626
0.324200, 0.689292, -5.397150
-0.171466, 0.364735, -5.427950
-0.786811, 0.239332, -5.489391
-0.289668, 0.286408, -5.018972
-0.598302, 0.027897, -5.360614
1.183534, -1.690602, -5.227679
1.229811, -1.849254, -5.949093
1.201513, -1.565915, -5.371667
1.177878, -1.730292, -5.544437
1.348602, -0.327670, -6.182015
1.351545, -1.658821, -5.761882
0.256560, -0.986816, -5.080984
0.619351, -0.891973, -5.437581
0.059452, 0.526003, -5.372251
-0.152961, 0.387312, -5.362241
0.038061, 1.988298, -5.345426
-0.395187, 0.170717, -5.228048
-1.654389, 1.445678, -5.734293
0.425291, 1.191657, -5.055930
-0.730669, 0.483802, -4.989581
-0.044511, 0.366983, -4.905957
0.933433, 0.108967, -6.074584
0.227143, -0.983964, -5.071429
0.565210, -0.386796, -4.951350
0.179536, -0.457610, -5.428354
-0.078489, -0.313947, -4.794995
0.418588, -0.772544, -4.578070
0.115172, -0.517603, -5.145772
0.480820, -0.203606, -5.281895
0.196051, 0.439347, -5.062994
0.095274, 0.428629, -4.895676
0.049749, 0.402346, -5.416872
-0.259278, -0.157265, -4.391994
-1.787169, 0.210873, -5.112323
-0.337423, 0.101781, -4.814224
-0.408788, 0.032060, -4.696348
-0.250352, -0.006669, -4.570798
0.016565, 0.011495, -5.577975
0.975704, 0.101600, -6.201115
0.018205, -0.201467, -5.427845
-0.237098, -0.116613, -4.721809
0.081952, -0.412531, -4.821270
0.725925, 0.194127, -4.546881
1.256556, 0.128525, -4.827622
0.848200, 0.471685, -4.507705
-0.454366, -0.031827, -5.129043
-0.109926, 0.539307, -5.783739
0.094394, 0.521454, -5.440556
-0.079900, 0.249857, -5.287794
0.080683, 0.643807, -5.904691
-0.253480, 0.813897, -5.556016
-0.054524, 0.038647, -4.921310
-0.083362, 0.758058, -5.849226
0.086910, -0.643113, -5.167345
0.999584, 0.090710, -4.866218
0.606618, -0.125310, -5.112888
1.273935, -0.145436, -5.182676
0.152432, -0.407410, -5.464588
0.062177, -0.767646, -5.088549
1.834316, 0.130159, -5.201879
1.501591, -0.124174, -5.277565
-0.438220, 0.488650, -5.982294
-0.593996, 0.540389, -6.006596
0.198023, 2.125454, -5.633652
-0.167249, 0.611722, -5.930138
-0.407439, 1.276505, -6.249975
-0.573877, 0.592476, -6.017841
-0.237712, 1.302786, -6.047680
0.084204, 0.926837, -5.742940
1.446684, 0.094994, -6.008561
1.815647, 0.455551, -5.567152
2.073968, 0.369257, -5.725322
1.008106, 0.018326, -5.868314
1.263243, 0.217397, -5.173450
0.378851, -0.690707, -4.529891
1.652030, -0.662791, -6.229940
0.079595, -1.086418, -5.238298
-0.449349, 1.152394, -6.195144
-0.240232, 1.006521, -6.190047
-0.481731, 1.358603, -6.181864
-0.258368, 1.295947, -6.097003
0.201983, 0.928321, -6.018075
0.243167, 1.206436, -6.247589
0.251747, 1.409116, -5.447101
0.577103, 1.729334, -5.287186
-0.107527, 1.080846, -4.769040
0.108985, 0.963211, -5.989671
0.020147, 1.336316, -4.998191
0.431566, 1.686171, -5.093457
0.690003, 1.231063, -6.210549
0.499631, 0.896167, -5.128412
0.170665, 1.836040, -5.363776
0.357169, 1.920947, -5.280430
0.248602, 0.384962, -5.616362
0.783289, 1.269496, -6.215965
-0.255609, 1.852319, -5.854058
0.388827, 2.239089, -5.928115
1.127703, 1.811870, -6.163770
-0.096684, -0.155148, -5.324374
0.468238, 0.959257, -5.244168
0.385529, 0.050581, -4.772015
0.512477, 1.371279, -5.684452
0.387040, 0.451455, -4.639488
0.388527, 0.307545, -4.647295
0.907138, 1.442225, -6.039736
1.234092, 1.642310, -5.955830
1.614894, 1.054566, -6.124727
0.409198, 0.751931, -4.971505
0.444341, 1.056907, -5.264288
0.426912, 1.335779, -5.724905
0.829255, 2.307193, -6.081118
0.469346, 0.641430, -4.957481
0.434180, 2.229066, -6.073970
0.601323, 0.563100, -4.945137
0.713958, 0.427176, -4.923931
0.034246, 1.168974, -4.847662
0.082421, 1.041149, -4.957320
2.166052, 0.245324, -5.701788
1.410126, 0.415905, -5.441572
1.143256, 1.328304, -5.894906
1.940157, 0.142302, -5.334801
1.390096, 0.028277, -5.098445
1.565100, 0.553750, -5.307763
1.187967, 0.455029, -5.246990
1.713478, 0.309633, -4.815000
1.287656, 0.621027, -5.803927
1.267401, 0.180642, -5.024330
1.497166, 0.846570, -6.170002
1.054303, 0.653665, -5.667714
1.246147, 0.239225, -5.052711
0.002973, 0.236547, -5.848347
1.100918, -0.143644, -5.186759
0.979657, -0.049593, -4.901078
1.061352, 0.533289, -5.251273
0.605885, -0.125762, -4.855734
1.165007, 0.131654, -4.790738
1.018041, 0.551859, -5.297190
1.098881, 0.307040, -4.970356
1.053618, 0.760923, -5.939793
0.382942, 0.686884, -5.122369
0.561114, 0.673833, -5.135636
1.562929, 1.819233, -6.197400
1.086709, 1.719529, -5.964804
1.175111, 0.648925, -5.546309
1.153786, 0.546090, -5.182356
0.746841, 0.835014, -5.515879
0.716933, 0.812389, -5.288588
0.719693, 0.910377, -5.550234
-0.086295, -0.056423, -5.268292
0.369880, 0.759611, -5.665699
-0.125835, -0.081853, -5.298576
-0.074848, -0.209673, -4.927880
0.059482, 0.260098, -4.515478
0.030828, 0.048082, -5.478904
1.063779, 1.497249, -6.154985
1.083561, 1.848708, -6.171829
0.222262, 0.274625, -4.896905
0.164928, 0.494320, -4.608055
0.224191, -0.292979, -4.495300
-0.061310, 0.381023, -4.588191
0.114840, 0.544466, -4.840614
0.313145, 0.333825, -4.697287
-0.118981, -0.182847, -4.766389
0.063659, 0.009898, -5.497798
-0.058407, 0.434160, -4.593433
0.588597, 0.011774, -5.494562
1.224239, 0.388894, -5.387251
0.716299, -0.397579, -5.750127
1.026423, 0.300203, -5.715620
0.309188, -0.388010, -4.931114
0.444549, -1.277944, -4.747112
1.732944, -0.479908, -6.104730
1.891668, -0.145819, -5.494999
0.303788, -0.437138, -3.693801
-0.168171, -0.047775, -3.661559
-0.259472, 0.853027, -6.116352
-0.214507, 1.033798, -6.030451
-0.084706, 0.126361, -4.487855
-0.131701, -0.203443, -4.042405
-0.238860, 0.561004, -4.745991
0.227567, 0.653525, -5.199933
0.198533, -0.954827, -5.681816
1.449837, -0.173577, -5.242375
0.175087, -0.417916, -4.894653
-0.040645, -1.048893, -5.127298
0.500593, -0.028501, -5.577084
0.126340, -0.654225, -5.102209
0.613030, -0.246534, -5.320194
0.168103, -0.894555, -5.703011
-0.426208, 0.306215, -4.911105
0.355693, -0.234993, -3.778282
-0.193216, 0.105908, -5.105888
-0.461817, 0.332126, -6.293615
-0.233044, 0.059624, -5.504136
-0.234205, 0.266841, -5.699957
-0.244770, 0.305809, -5.239607
-0.211668, 0.314165, -5.419908
0.054655, -1.294170, -5.213536
0.548969, -0.168080, -4.527484
-0.102242, -0.862864, -4.945949
0.126825, -0.901794, -4.742216
0.909479, -0.245856, -5.027283
0.391490, -0.637002, -4.841273
0.271523, -0.693556, -4.954451
1.768830, 0.002397, -5.066727
-0.290051, 0.533444, -4.974717
0.246348, 0.723402, -5.049951
-0.045198, -0.146832, -4.436545
-0.508762, 0.645894, -5.955298
-0.154100, 1.259788, -5.741736
-0.684475, 0.887022, -5.794095
-0.433122, -0.070728, -5.717118
-0.629434, 0.019329, -5.687125
0.333333, -0.785002, -4.645293
0.954655, -0.071094, -6.009054
1.811272, -0.364686, -6.063528
1.132498, -1.505223, -5.417997
1.041197, -0.197271, -5.956679
0.352540, -1.576274, -4.817793
0.142361, -1.363347, -5.017620
-0.093614, -0.195737, -5.260332
-0.655059, 0.884223, -5.719347
-1.508794, 1.029479, -5.596589
0.384957, 1.136346, -5.185043
-1.381204, 0.798048, -6.002745
0.468854, 1.471562, -5.043013
0.010975, 1.092033, -5.652370
-0.140246, 0.031329, -4.638885
-0.058107, 0.446873, -5.349630
0.970037, -1.403604, -5.962973
1.398325, -1.661678, -5.796497
0.911887, -0.231446, -6.159390
1.148611, -1.707655, -5.800883
1.015056, 0.310633, -5.597444
1.544052, -0.667030, -6.156320
0.685285, -0.062155, -4.849010
0.678908, -0.480919, -5.027687
-0.074286, 0.306165, -4.922114
0.100520, 0.294140, -5.011087
-0.451299, 0.112512, -5.367888
-0.507827, 0.078400, -5.404391
0.157443, 0.975931, -5.581884
0.069810, 0.937022, -5.635700
-1.387151, 1.997755, -6.199131
-0.603877, 2.119570, -5.873714
0.335843, -1.979802, -5.320385
0.805191, -1.411349, -5.389781
0.270887, -0.822972, -4.890101
0.385731, -0.972060, -5.041524
0.551879, -0.490229, -5.103753
1.055183, -1.674813, -5.755218
0.881005, -1.456483, -5.577126
0.532472, -0.704163, -5.486162
-1.188966, 0.201018, -5.479052
-0.388791, 1.127111, -5.899662
-0.969330, 0.244516, -5.808721
-0.470824, 1.285694, -6.092410
-0.219808, 0.270757, -5.207007
-0.081599, 0.286720, -5.051336
0.228623, 0.548868, -5.509043
0.140741, 0.460920, -5.759076
0.613728, -1.848139, -5.254816
0.479824, -1.747961, -5.093457
0.520354, -1.800038, -5.087270
0.655883, -1.729791, -5.328221
0.444266, -1.389729, -5.121994
0.495925, -1.267455, -5.150362
0.836811, -1.665605, -5.272169
1.043511, -1.748183, -5.980349
-0.880728, 0.948403, -6.273307
-0.508923, 1.178731, -6.279639
-1.367202, 0.609238, -5.331071
-0.517344, 0.194965, -5.489734
0.350820, 1.448809, -5.417564
0.367034, 1.219966, -5.252354
0.197349, 0.992286, -4.947813
0.491972, 1.554024, -5.094493
1.955345, -0.331424, -6.167675
0.476662, -1.337668, -5.164594
1.160171, -0.497851, -6.159929
0.833030, -1.614984, -5.158423
1.090742, -0.981410, -6.034045
0.864924, -0.663439, -6.136121
1.068293, 0.256604, -6.184098
1.362398, 0.063264, -5.231333
-0.147754, 0.829082, -5.570792
-1.432999, 1.001219, -6.275228
-1.222777, 0.153944, -5.553575
0.029453, 0.369431, -5.590981
0.038154, 0.703662, -5.470336
-0.268642, 0.512220, -5.280449
-0.752087, 0.289422, -5.066823
0.244769, 0.705413, -5.083684
0.258955, -0.493583, -5.146648
0.385654, -0.394681, -5.253047
0.946174, 0.063139, -6.174245
1.996782, -0.268819, -6.149846
0.436985, -0.842878, -5.301770
0.274127, -0.426273, -5.048966
0.592688, -1.072504, -6.000621
0.179504, -0.276231, -5.078764
0.015316, 0.553392, -5.273623
0.212655, 0.860451, -5.314822
0.309208, 1.457018, -5.401917
-0.052440, 1.289466, -5.955583
0.186279, 1.163207, -5.526239
-0.044698, 0.483121, -5.326910
-1.290024, 0.791596, -5.398451
0.028484, 1.162883, -5.581830
0.463036, -1.414320, -5.268594
0.605007, -0.493854, -5.559284
0.855556, 0.229268, -5.463460
1.157072, 0.330753, -5.358924
0.669615, -1.374380, -5.359424
0.185378, -0.284410, -5.073712
0.955541, -0.032114, -4.958184
0.264640, -0.906416, -5.608135
0.305839, 1.237885, -5.341286
-1.391115, 1.839957, -6.209312
0.420282, 1.770445, -6.087703
-0.944161, 0.924613, -6.052991
-1.095106, 1.954479, -6.208054
-1.665767, 1.638658, -6.209394
0.268764, 1.410789, -5.585199
-1.064658, 1.403632, -6.246435
1.568922, 0.240840, -5.276737
1.001616, -0.233653, -6.219073
1.373879, -0.073719, -5.205225
0.160914, -0.934338, -5.565212
1.446837, 0.255633, -5.204314
0.420994, -1.176914, -5.900380
0.563384, -0.265381, -5.307963
1.469424, 0.423718, -5.171439
-1.564961, 1.344438, -6.152217
-0.877590, 1.766671, -6.167867
-0.854939, 1.984533, -6.206578
-1.028054, 1.960887, -6.196815
-0.560477, 1.009258, -6.123495
-0.908572, 2.219320, -6.221921
-0.461646, 0.421005, -4.737239
-0.714039, 1.486562, -6.154445
0.474803, -1.636579, -5.726557
0.280574, -1.801901, -5.391587
0.268413, -0.903954, -5.706564
0.540344, -1.640722, -6.258330
0.630697, 0.439184, -5.978774
0.504143, -0.580312, -5.619209
0.644948, -1.291824, -5.244841
0.453282, -0.797721, -4.502666
-0.388232, 0.905165, -5.919813
0.063777, 1.331172, -6.038906
-0.309427, 0.606050, -4.792401
-0.225548, 0.278445, -5.359652
0.156682, 1.164552, -6.141134
0.360182, 0.653780, -5.907470
0.311184, -0.262014, -3.700317
-0.180023, 0.947488, -5.952242
0.255438, 2.284416, -6.003521
0.164908, 1.043912, -4.635672
-0.051014, -0.239879, -3.900808
0.125677, 0.218293, -4.817765
0.448910, 1.064797, -5.392935
0.298233, 1.251319, -4.963629
0.419043, 1.208344, -6.229558
0.411859, 1.101148, -6.242663
1.292554, 2.082218, -6.208059
0.701943, 1.355311, -6.126577
0.444923, 2.199622, -5.842142
0.975668, 1.428505, -6.245946
0.779964, 1.296221, -5.883317
1.117727, 2.168756, -6.211114
0.760371, 1.020683, -5.858309
1.262177, 1.577510, -6.239077
1.301124, 2.026974, -5.960237
1.125716, 1.134400, -5.965449
0.588303, 1.497223, -5.954963
1.023026, 1.286638, -5.826090
-0.589241, -0.285596, -5.036808
-0.292237, -0.093560, -5.154084
0.635899, 0.931248, -5.415994
0.573574, 0.471832, -4.752386
0.584848, 0.478170, -5.203963
0.202295, -0.092392, -5.019459
0.842702, 0.632843, -5.426496
0.568960, 0.610489, -5.090518
0.735655, 0.138655, -4.593329
0.726542, 0.109896, -5.292168
1.046680, 0.505768, -5.264098
1.194615, 0.997872, -6.186577
1.755508, -0.057496, -5.461391
0.907641, 0.725346, -5.881261
0.651548, 0.112117, -5.439301
1.738785, -0.254719, -5.022652
0.760030, 1.971912, -5.882234
1.804081, 0.386686, -5.370101
0.859945, 0.373968, -5.548226
0.533939, 0.210838, -5.663811
2.070201, 0.106276, -5.349240
1.441930, 0.811837, -5.967248
1.342352, 0.098066, -4.873299
1.137542, 0.230825, -4.872571
2.279654, 1.848465, -6.091763
1.462184, 0.695970, -6.228572
0.966519, 0.947991, -5.803099
1.224212, 2.037901, -5.852573
1.414645, 0.733505, -5.980642
1.133968, 0.709955, -6.273205
0.616376, 0.243975, -5.107637
0.723194, 0.687801, -5.453984
2.073001, 0.680105, -6.116677
1.404856, 0.340232, -5.042287
0.902960, 0.882875, -5.861509
0.769330, 0.345709, -5.211122
0.767586, 0.540189, -5.894600
0.545543, 0.544528, -4.528448
-0.266764, -0.091941, -5.150415
0.754255, 0.588980, -5.133012
1.521755, 0.715949, -5.696944
-0.372373, 0.130040, -6.010760
-0.024076, 0.023895, -5.393396
-0.420959, -0.411673, -4.470462
0.676052, 0.657651, -6.142380
0.263079, 0.244695, -5.719413
0.468968, 0.341330, -5.602962
0.644051, 0.830553, -6.166428
0.702082, 0.217559, -5.288465
0.646547, 0.493849, -5.609551
0.696862, 0.895514, -5.982747
0.658791, 0.890588, -5.922918
-0.274448, 0.303561, -5.926109
0.168878, 0.059835, -4.557824
0.277292, 1.075868, -6.239825
0.329941, 0.715979, -5.789332
0.521323, 0.757599, -6.084428
0.578404, 0.780844, -6.092206
0.574172, 0.901982, -6.290589
0.427247, 0.288902, -5.158219
0.177239, -0.773101, -5.779521
0.586574, -1.486167, -5.888268
0.923053, -1.757127, -6.106232
0.601790, -1.287147, -4.682709
0.594083, -0.504707, -5.532119
1.604236, -0.075373, -5.233099
0.977608, 0.189203, -5.584682
0.609822, -1.735053, -6.221976
-0.198707, 0.601412, -5.745068
-0.076142, -0.084361, -4.663959
-0.489481, 0.596156, -5.823154
0.135465, 0.511968, -5.458262
0.107841, 0.586289, -5.610754
0.042473, 0.090787, -4.657014
-0.035171, 0.253517, -4.557331
0.290210, 0.321222, -5.403935
0.107158, -0.663388, -5.296026
0.855528, -0.105230, -4.999696
0.122692, -0.657219, -5.293024
0.113157, -0.699182, -5.127842
0.085546, -0.634894, -5.222518
0.071455, -0.810376, -5.203539
0.740540, -1.473160, -5.377605
0.298754, -0.898631, -5.896870
-1.347528, 0.730264, -6.169473
-1.080605, 0.445755, -5.317811
-1.420251, 0.943878, -6.148365
-1.279680, 0.878074, -6.185668
-0.895290, 0.481242, -5.816755
-0.721247, 0.375182, -6.082489
-0.287275, 0.720756, -5.548138
-0.944383, 0.740727, -6.193030
0.703851, -0.027163, -5.758986
0.948587, 0.152659, -5.598595
0.190415, -0.568680, -5.119764
0.280238, -0.537143, -5.047789
1.083379, 0.177952, -5.904006
1.448548, 0.492115, -5.607754
0.422660, -0.737461, -5.284601
0.634706, -0.290230, -5.321212
-0.870936, 0.715274, -6.067497
-0.992362, 0.500182, -5.341035
-0.388033, 0.504176, -5.239275
-0.651960, 0.808611, -5.522420
-1.608009, 0.813474, -5.987820
-1.871736, 0.659673, -5.860115
-0.664474, 0.933729, -5.881548
-0.637407, 0.736308, -5.843563
1.427565, 0.213690, -5.892819
1.649628, 0.166067, -5.830676
1.459116, 0.344781, -5.705806
1.293570, 0.289668, -5.706048
1.170654, -0.178097, -6.173574
1.527810, 0.188416, -5.939490
0.342596, -0.550795, -5.247302
0.202356, -0.477970, -5.222681
-1.395861, 0.838924, -6.108228
-0.771789, 0.636475, -5.788167
-0.710924, 0.678685, -5.779189
-0.927482, 0.663572, -5.923872
-0.916634, 0.587928, -5.607731
-1.114590, 0.593076, -5.467439
-0.519442, 0.680621, -5.460623
-0.834319, 0.680736, -5.946730
0.978060, -1.400105, -5.641684
1.225199, -1.579476, -5.802647
0.955942, -1.378766, -6.013780
0.278669, -1.260821, -5.069681
0.931597, -0.898592, -6.099418
1.816793, -0.001236, -5.732539
0.636632, -0.800548, -5.802795
0.561657, -0.929763, -5.355151
-1.481172, 0.631655, -5.522001
-1.392207, 0.535002, -5.411656
-0.358694, 0.804347, -5.856928
-0.495860, 0.645162, -5.392454
-1.746494, 0.923585, -5.773662
-1.216940, 0.623016, -6.009480
-1.475174, 0.737816, -5.408276
-1.523730, 0.762415, -5.835728
1.242113, -1.686722, -5.089350
1.309858, -2.015328, -5.999917
0.522567, -1.525609, -5.083934
0.770348, -1.664902, -5.776398
2.158624, -0.669714, -6.198529
1.794439, -1.948294, -5.812547
0.809785, -1.484630, -5.179513
1.397216, -1.975860, -5.273771
-1.944648, 2.292835, -6.145671
-2.034937, 1.203864, -6.291504
-1.618225, 1.511525, -5.769553
-1.880415, 1.634140, -5.771288
-1.447172, 0.662870, -5.349574
-1.824284, 0.809704, -5.926223
-1.301429, 0.345290, -5.494315
-1.642342, 0.144463, -5.229802
1.787962, -1.871269, -5.752722
1.815060, -1.851821, -6.197313
1.969835, -1.847239, -6.198599
1.573697, -1.760904, -6.229678
2.131919, -1.724521, -6.206891
1.524039, -1.831295, -6.239861
2.189405, -1.951996, -6.204264
1.404977, -1.900940, -6.107558
-1.652574, 0.127520, -5.859779
-1.568988, -0.233429, -6.151046
-1.882114, 1.087735, -5.975695
-1.321200, 1.562931, -5.727644
-1.622728, 0.519564, -5.853086
-1.554601, 0.352411, -5.511416
-1.867071, 0.871302, -6.198143
-1.876719, 0.564604, -5.659460
1.442797, -1.764526, -6.044571
1.648805, -1.194622, -6.157747
2.220706, -1.108299, -6.243810
1.558264, -1.496684, -6.232876
0.999416, -0.284938, -6.062320
1.209745, -0.126992, -6.069989
1.175074, -1.786735, -6.097933
1.096246, -1.097927, -6.139573
-1.550462, 0.737068, -5.996316
-1.622912, 0.221136, -5.679434
-1.628629, 0.506106, -5.407328
-1.816208, 0.414983, -5.470591
-1.321185, 0.641186, -5.894917
-1.242588, 0.229062, -4.826611
-1.284511, 0.702513, -6.209321
-1.786668, 0.816985, -6.235858
1.231130, -1.221213, -6.198198
1.214116, -0.971494, -6.225174
1.202081, -0.049199, -6.021959
1.178803, -0.138675, -6.071544
1.198359, 0.158824, -5.996674
1.176591, 0.122695, -6.113131
0.538551, -0.450897, -5.959394
1.273325, -0.073484, -6.144585
-1.702304, 0.139638, -6.097522
-0.915612, 0.429284, -4.663423
-0.956054, 0.636949, -6.151670
-1.026323, 0.618493, -5.569953
-0.504388, 0.069523, -4.474275
-0.322040, 0.097304, -4.331992
-0.630470, 0.489214, -4.992091
-0.758837, 0.550560, -5.696101
0.997000, 2.130481, -6.205746
0.451688, 1.324674, -6.042579
0.320369, 1.093421, -5.424379
0.571766, 1.164843, -6.160418
0.700235, 0.948140, -5.802269
0.612011, 0.999335, -5.888785
0.387512, 0.376175, -4.851987
0.437883, 0.762220, -5.878827
-0.366706, 1.634575, -6.219754
0.017815, 1.330122, -6.063823
-0.793347, 2.263168, -6.183092
0.084277, 1.433271, -5.811305
0.006278, 1.275036, -5.901817
-0.248389, 1.630402, -6.116553
0.086018, 1.420204, -5.827744
-0.393415, 2.046177, -5.998158
1.259923, 0.423133, -5.823357
2.054699, -0.090981, -6.227003
1.236624, 0.141752, -6.167616
1.837082, 0.436644, -5.845641
1.511163, 0.086409, -5.838071
1.750882, -0.062832, -6.043479
2.064697, 0.087514, -6.192624
1.277955, 0.139353, -6.188118
0.263013, 0.745512, -5.568511
0.353349, 1.433823, -5.835966
-0.131945, 0.406160, -4.685980
0.172529, 1.216091, -5.926038
0.017262, 1.239570, -4.712587
0.343404, 1.115765, -5.988115
0.644503, 2.012243, -6.140074
0.333001, 1.542067, -4.994908
0.336029, 1.318858, -4.965800
0.351143, 1.042758, -5.204648
0.139231, 0.818052, -4.907514
0.123059, 0.541977, -5.427408
-0.304623, 1.435254, -6.054719
-0.295687, 0.213079, -5.299500
-0.538958, 1.565338, -6.041139
-0.361595, 1.696671, -6.031102
0.852690, -0.519361, -6.020997
1.249588, 0.370527, -6.202615
1.794520, 0.403867, -6.037778
1.814252, 0.426134, -6.093064
1.067787, -0.050586, -6.080941
1.751969, 0.491915, -6.229540
1.601984, 0.376830, -6.120164
1.641622, 0.409236, -5.634774
1.059117, 0.387878, -5.870546
0.077333, -0.781968, -5.002318
1.984553, -0.167823, -5.898698
1.412830, 0.446938, -5.448828
1.682020, -0.146007, -6.232280
1.040011, 0.073806, -5.771907
2.036234, -0.226519, -6.000329
2.116858, -0.236382, -5.908140
-0.339041, 0.642741, -6.275938
-0.580096, 0.483790, -5.846154
-0.382849, 1.197618, -6.223505
0.123127, 0.484573, -5.688695
0.183418, 0.952497, -6.222687
-0.154181, 0.768254, -4.691686
0.338158, 1.385209, -5.739226
-0.057323, 1.211393, -4.817995
-0.594590, -0.016186, -5.263017
-1.727197, 0.602398, -6.135149
-0.961464, 0.455819, -5.842889
-0.656182, 0.541817, -6.251459
-0.736633, 0.208725, -5.694439
-1.103821, 0.363770, -4.995750
-0.549662, 0.187669, -5.100339
-0.987633, 0.438747, -5.791095
0.352914, -0.754559, -4.744883
0.892469, 0.205752, -4.746968
0.754784, -0.311947, -4.994789
0.632740, 0.262643, -5.797069
0.962355, -0.286998, -5.290624
1.520069, 0.360239, -6.059251
1.074607, 0.412385, -5.923599
-0.222404, 0.172539, -6.047216
0.340339, -0.785281, -5.026200
0.456634, -0.934033, -5.228606
0.554168, -0.825223, -5.925962
0.505407, -1.048360, -5.812138
0.348433, -0.887116, -4.733830
0.926795, -1.516717, -5.623252
0.262576, -0.848127, -5.189891
0.652083, -0.832760, -5.836835
0.434026, 2.196174, -5.794299
0.355249, 2.122807, -5.374937
-0.548106, 0.080445, -4.924264
-1.227982, 0.982438, -5.991021
-0.030557, 0.491506, -4.850863
0.331827, 0.991451, -5.558734
-0.634453, 0.306970, -5.061823
-0.305642, 0.280297, -4.872112
-1.532861, 0.478293, -6.079433
-1.607585, 0.149075, -6.163324
-1.405965, 1.375614, -5.709601
-1.709731, 2.167380, -6.117842
-1.950140, 0.599630, -5.798953
-1.551440, 0.389918, -6.013988
-1.380094, 1.387619, -5.747551
-1.133838, 1.393919, -5.655454
2.254488, -1.582980, -6.259836
1.143291, -0.434735, -6.070928
2.274840, -1.104927, -6.217004
2.248887, -1.451576, -6.252200
1.299041, 0.286706, -6.127706
0.453660, -0.288233, -4.802466
2.339963, -1.753046, -4.958817
2.086132, -1.353859, -6.008003
-1.342422, 0.428940, -5.772406
-1.760076, 0.515044, -5.868288
-0.968044, 1.256375, -5.604600
-1.253594, 0.656588, -5.335093
-1.891807, 0.585505, -5.832652
-1.539176, 0.599422, -6.015965
-1.595424, 0.449031, -4.989069
-1.815685, 0.438597, -5.672382
2.284699, -1.435922, -6.079555
1.443305, -1.254732, -6.234488
1.740260, -1.599640, -6.263694
1.785169, -1.078959, -6.098497
1.636154, -0.043292, -5.691207
1.130039, -1.201317, -6.252182
1.612068, -0.186852, -6.000954
1.272006, -0.662090, -6.230997
-1.971247, -0.756749, -6.009635
-1.834128, -0.358106, -5.877081
1.640796, -1.986916, -5.476587
-1.752944, -0.445634, -6.223728
-1.834246, -0.242364, -6.217610
-1.892544, -0.483854, -6.201393
-1.793411, 0.602867, -6.074551
-1.966013, 1.963164, -6.136875
-1.518505, -2.028864, -4.309043
-1.477657, -2.001945, -4.707676
-1.077746, -1.912929, -6.001105
-1.381155, -1.964947, -5.710190
0.003800, -0.620239, -4.211373
0.218044, -1.834727, -6.171842
-0.591812, -1.819327, -6.238562
0.191686, -1.926297, -5.992396
0.674591, -1.369394, -5.565269
0.283676, -1.219616, -5.058382
0.741828, -0.798553, -6.168185
0.633923, -1.240838, -6.195578
0.547059, -0.802175, -5.507429
1.244597, -1.696866, -5.496509
0.762336, -0.817373, -6.012476
0.879866, -1.228862, -6.108234
0.170486, 0.147639, -4.590634
-0.075159, 1.850786, -5.609245
-0.794140, 0.481820, -4.999305
-0.751985, 0.356499, -5.113008
0.094633, 0.896437, -4.983348
-0.604572, 0.056179, -5.471010
-0.584601, 0.199414, -5.079403
-0.869387, 0.263508, -5.573566
-1.680226, 0.458122, -5.630741
-2.000336, 1.948946, -6.254568
-1.699172, 1.804199, -5.959028
-1.564934, 1.432452, -5.634676
-1.975751, 0.610479, -6.154814
-1.474451, 0.682823, -5.960877
-1.900396, 2.197192, -6.206123
-1.452047, 1.218157, -5.731144
2.170086, -1.954172, -3.240334
2.305089, -1.501911, -5.536041
2.089753, -1.327967, -6.186314
2.291931, -1.921987, -4.206038
2.178409, -1.677026, -5.108573
2.109766, -1.106662, -6.235542
1.938964, -1.027047, -6.279869
1.663572, -0.870342, -6.254235
1.322174, -1.614354, -6.180459
1.289769, -1.863957, -5.754808
0.767579, -1.164580, -5.841417
1.870860, -1.567455, -6.204681
0.730774, -1.119116, -5.839166
1.309642, -1.694626, -5.933198
1.109782, -1.501932, -5.982340
1.272435, -1.569886, -6.113038
-0.146919, 0.312176, -5.021585
-0.528684, 0.114963, -4.856089
-1.375394, 0.442728, -4.942879
-0.000418, 0.404382, -5.025849
0.036306, 0.473429, -4.891607
0.126405, 0.120849, -4.666089
-0.033540, 0.274058, -5.321698
-0.389459, 0.380347, -5.463186
-1.432275, 0.530823, -4.852139
-1.203160, 0.538174, -6.266232
-1.182909, 0.579675, -4.997832
-1.393823, 0.762653, -5.548772
-1.184805, 0.391512, -5.999460
-1.418477, 0.569988, -5.590571
-1.350460, 0.815773, -6.220020
-1.255229, 0.695458, -6.237830
1.013709, -0.934632, -6.289001
1.083180, -1.210171, -6.255877
2.102058, -1.095400, -6.043880
2.158167, -1.290447, -6.108630
2.260564, -1.527639, -5.932677
0.227294, -1.946007, -5.083579
2.018714, -1.309814, -6.072421
1.454705, -1.414285, -6.246335
-1.964130, -0.972761, -5.978277
-1.841857, -0.175074, -6.249260
-1.617809, 0.647493, -5.628058
-2.006731, 2.062582, -6.180741
-1.890854, -0.246771, -6.146519
-1.968519, 0.012821, -5.610653
-1.682447, 1.160096, -6.005713
-1.803862, 1.828762, -6.014208
-0.347742, -1.892471, -6.293045
-1.286484, -1.979456, -3.767935
-1.382320, -1.940307, -5.669984
-0.300531, -1.689005, -6.215464
-2.023336, 1.777169, -5.906658
0.134209, -1.950902, -6.196534
-0.532510, -1.887642, -6.266741
-0.628583, -1.855013, -6.195974
1.701140, -1.668468, -6.177309
1.580490, -1.659699, -5.993807
1.313710, -1.532121, -6.190454
1.007820, -1.459662, -5.889826
1.573566, -0.649030, -6.148344
0.250849, -0.599911, -5.420088
0.296353, -0.719057, -5.307855
0.541456, -0.643454, -5.268931
-0.431090, 0.236709, -5.634686
-0.163029, 0.317729, -4.937086
-0.765026, 0.108392, -5.985174
-1.727135, 0.273490, -5.099200
0.010665, 0.160728, -4.891991
0.202971, 0.401284, -5.122804
-1.548001, 0.199653, -6.139593
-1.788038, 0.634510, -6.078487
-1.677764, 0.552400, -5.999025
-1.671759, 0.502404, -5.909455
-1.562088, 0.479456, -5.301744
-1.272099, 0.592772, -5.168313
-1.610010, 0.248023, -6.224173
-0.728937, 0.362979, -5.564496
-0.891623, 0.571567, -5.846074
-1.915074, 1.043204, -6.123907
2.266827, -1.340763, -6.183479
2.072652, -1.241022, -6.069272
1.859475, -1.432829, -6.159660
1.877349, -0.592596, -6.075309
1.232549, -0.326314, -6.058494
1.846794, -1.222316, -6.107480
2.308550, -1.888093, -4.856907
1.456068, -1.119449, -6.219882
-1.965528, -0.476031, -6.261061
-1.967924, 0.047844, -5.765015
-1.709425, 0.843780, -5.897095
-1.724576, 0.343826, -5.627151
-1.928891, 0.340774, -5.981512
-1.873832, -0.496913, -5.971148
-1.691831, 0.718424, -5.770252
-1.571095, 1.702201, -5.933911
-1.481734, 2.264145, -6.164523
-0.380607, -1.756615, -6.237255
-0.663992, -1.812842, -6.231712
-0.797666, -1.869712, -6.108432
1.752122, -1.828353, -5.638716
0.692090, -2.041854, -5.964756
0.535240, -1.882196, -6.018594
-0.010998, -1.737390, -6.112452
0.946789, -1.413013, -5.443216
0.380914, -0.485688, -4.903860
0.712228, -0.466906, -5.892420
0.254737, -0.407404, -5.660787
0.328927, -1.035464, -5.313624
0.667727, -0.886238, -5.959348
0.733205, -0.973307, -6.103056
-0.051308, -0.242770, -5.688279
-0.455832, 0.181908, -5.121646
-0.375533, 0.271678, -5.006968
0.256093, 0.636615, -5.053519
0.038214, 1.016186, -4.939972
-0.710968, 0.035560, -5.420663
0.207158, 0.691693, -4.946698
0.200469, 0.368200, -5.097204
0.215013, 0.535744, -5.059624
-0.352849, 0.054685, -4.342896
-0.464609, 0.478397, -4.750584
-1.668564, 0.715328, -5.860151
-1.394057, 0.731471, -6.204388
-0.047012, -0.051519, -3.911065
-0.313809, 0.460601, -5.904474
-0.956358, 0.444787, -5.543087
0.056898, -0.445682, -5.798302
1.841724, -1.156180, -6.098602
1.136128, -0.931854, -6.221201
2.267296, -1.936651, -4.408298
2.157929, -1.926434, -3.120131
2.156438, -1.321112, -5.800081
1.764571, -1.537096, -5.574196
2.149660, -1.712428, -4.615134
2.182109, -1.918842, -3.408413
-1.973888, -0.728604, -3.303536
-1.439167, -0.561713, -6.192635
-1.440196, -1.931255, -5.951398
-1.383884, -1.750950, -5.817384
-1.464258, -2.014589, -5.066204
-0.891534, -1.822264, -6.075218
-1.474601, -1.995150, -5.174115
-1.093255, -1.889324, -6.098566
-1.337450, -1.870614, -5.979769
-1.439589, -1.966902, -5.944348
-1.242590, -1.740279, -5.960729
-1.337049, -1.740415, -5.993749
-1.587302, 0.502623, -4.654333
-1.341471, -1.783719, -5.862127
-1.392666, -1.880392, -5.980262
-1.494123, -1.981709, -5.946108
-1.791729, -0.298346, -6.240626
-1.896042, 0.095802, -5.855305
-1.610090, 1.613356, -5.881382
-1.611159, 1.591222, -5.861551
-1.674756, 1.626945, -5.874117
-1.418782, 1.007210, -5.756400
-1.988527, 2.261583, -6.236201
-1.973021, 2.155681, -6.236721
-0.643493, -1.818131, -6.198854
-0.054072, -1.571485, -6.101254
-0.382586, -1.747817, -6.239018
-0.059529, -1.766868, -6.182017
-0.233327, -1.716731, -6.223514
0.087191, -1.555506, -6.193537
0.150753, -1.604116, -6.231239
-0.038418, -1.660595, -6.121691
-1.404307, -1.719400, -5.879707
-1.261640, -1.884568, -5.928051
-1.266629, -1.887298, -5.930595
-1.281961, -1.995632, -5.834019
-1.284575, -1.925384, -6.005065
-0.973076, -1.942711, -6.016401
-1.199223, -1.814337, -5.980990
-0.914527, -1.863957, -6.043768
-0.472502, -0.220501, -4.363295
-0.778533, -0.124745, -5.053780
-0.876145, 0.175558, -6.211055
-0.597095, 0.182077, -4.564623
-0.268663, 0.103711, -5.764105
-0.864568, 0.038224, -6.262187
-0.348520, -0.581243, -4.332654
-0.418154, -0.146939, -4.288900
-1.983302, 0.015922, -5.475181
-1.872922, 0.061280, -5.873830
-1.984258, 2.101434, -6.235658
-1.935601, 1.789419, -6.150841
-1.980280, 0.288354, -5.872931
-1.684459, 0.432044, -5.606887
-1.994035, 2.132761, -6.159558
-1.449745, 1.557086, -5.989100
-0.254843, -1.721865, -6.172325
-0.188331, -1.700197, -6.175963
-0.048200, -1.705075, -6.134305
-0.654443, -1.705328, -6.213634
0.144391, -1.791829, -6.191658
1.284481, -1.941746, -5.726302
0.058218, -1.446872, -6.239075
1.431979, -1.816826, -5.578372
-1.260023, -1.889739, -5.946673
-1.034244, -1.865636, -6.189543
-1.236158, -1.976689, -5.848555
-1.180997, -1.914307, -6.065015
-0.759454, -1.874999, -6.109406
-0.767731, -1.825233, -6.139597
-1.109720, -1.950775, -5.936431
-0.904406, -1.883659, -6.070107
-1.499243, -1.660796, -5.928445
-0.917565, 0.180317, -6.284100
-1.442632, -1.825621, -5.692304
-1.669027, -1.454784, -5.797037
-1.495647, -1.685281, -5.858238
-1.307549, -1.936501, -5.883404
-1.249164, -1.903599, -5.893888
-1.311110, -1.558612, -6.010849
-0.614168, 0.057649, -4.708255
-1.169855, 0.275008, -5.849097
-1.205105, 0.395800, -5.853784
-1.074717, 0.087026, -4.994441
-0.940971, -0.172486, -4.932730
-0.784905, -0.192912, -4.695878
-0.611719, 0.122872, -4.673598
-1.306022, 0.387874, -5.690705
-0.905435, -1.909339, -6.210747
-0.860009, -1.909931, -6.194646
-0.974223, -1.563126, -6.060134
-0.984111, -1.673259, -6.164915
-0.731947, -1.924079, -6.221452
-0.575030, -1.653643, -6.204892
-0.804000, -1.612860, -6.131485
-0.634526, -1.666275, -6.218321
-1.772365, -1.105497, -5.974649
-1.602568, -1.479853, -5.985977
-1.615285, -1.216428, -5.962798
-2.062418, -1.383196, -5.976389
0.073866, -1.334018, -6.081016
-1.028652, -1.824713, -6.186022
-1.328872, -1.685980, -6.027719
-0.852924, -1.425462, -5.969750
0.701469, 2.175210, -5.818162
0.525294, 2.255118, -5.934380
1.729766, 2.249485, -5.875745
1.014329, 0.683818, -5.683630
0.343699, 2.022707, -5.536171
0.725976, 1.344841, -5.831405
1.766119, 0.158323, -5.612745
1.593404, 0.273849, -5.097189
-1.648125, 0.446434, -5.492472
-1.169874, -0.246901, -6.215692
-0.519579, -1.113188, -5.927408
-0.175433, -0.883621, -5.449221
0.337370, -1.608469, -5.820783
0.242417, -1.322919, -5.694614
-0.870114, -0.401957, -6.093115
-0.627691, -1.373169, -6.037635
1.190582, 1.783592, -5.779239
1.805758, 2.277811, -5.920961
0.591188, 2.116894, -5.707021
1.774256, 2.326991, -6.167475
0.643569, 1.335215, -5.968382
0.959757, 1.700039, -5.927609
0.882696, 0.672143, -5.140572
2.285417, 2.169036, -6.216210
-1.274516, -0.073995, -5.843356
-1.900505, -1.117721, -6.193377
-0.734306, -0.074185, -5.127960
-0.656377, -0.244078, -5.132286
-0.328012, -1.084681, -5.884978
-1.046274, 0.094412, -4.951503
-1.841765, 0.125257, -5.208869
-0.782579, -0.073432, -5.247129
0.690224, 0.899681, -5.473333
0.543915, 1.552366, -5.719450
1.064167, 1.085105, -5.845980
0.313181, 0.819314, -4.911588
1.019497, 2.080531, -6.069815
0.535106, -0.061713, -5.160135
0.554712, 1.580714, -5.751339
1.091660, 0.239330, -5.088839
-1.213890, -0.057335, -5.566530
-1.244595, 0.352399, -5.638354
-0.281985, -0.872202, -5.838995
-1.513455, -0.091034, -5.493560
-0.438738, -1.621668, -6.009598
-1.255531, 0.334029, -5.648687
-0.492754, -1.520677, -5.864427
-1.422614, 0.400164, -5.772288
1.141089, 2.167107, -5.945068
1.710692, 0.451241, -5.281848
0.669994, 1.342668, -5.984815
-0.052284, -0.045358, -5.302187
0.992758, 2.123900, -5.764084
1.420901, -0.101306, -5.087277
0.496345, 1.020374, -5.942976
1.045462, 1.905651, -5.834055
-0.298857, -0.594625, -5.219200
-0.873751, 0.047005, -4.979343
0.382788, -1.676599, -5.465348
-0.466217, -0.595751, -5.488408
-1.124615, 0.042086, -6.181287
-0.204107, -0.795158, -5.307015
-0.232592, -1.290700, -5.847689
-0.191369, -1.466190, -5.831271
1.760450, 0.643540, -5.645801
1.106548, 0.206229, -5.034680
0.886971, 0.484647, -5.308099
1.184586, 0.093368, -5.072827
0.697311, 1.268330, -5.730148
1.664421, 0.306095, -4.796854
0.034972, 0.993588, -4.761771
0.891467, 0.507077, -5.083082
-1.506455, -0.209480, -5.808030
-1.108814, -0.011316, -5.320730
-1.632736, 0.395100, -5.801950
-1.768372, 0.289395, -5.353283
-1.795966, 0.218464, -6.029183
-0.820549, -0.180040, -5.180471
-0.416903, -1.484456, -5.851924
-0.508938, -1.049564, -6.023140
0.491029, 0.488229, -5.905040
1.354561, 0.129503, -5.006365
0.179387, 1.704203, -5.088894
0.712064, 0.264005, -4.948092
-0.081712, 0.721014, -4.889310
0.901030, 0.431719, -5.183156
0.363710, 0.750884, -4.942503
-0.060693, 1.165773, -4.958082
-1.637063, 0.395610, -5.774767
-1.646152, 0.371536, -5.860514
-0.200788, -1.512218, -6.002079
-1.380543, 0.086423, -6.034317
-0.522093, -1.138328, -5.981704
-1.253288, -1.029176, -6.048122
-0.635504, -1.123375, -6.134266
-0.578817, -1.379775, -5.991651
1.232183, 2.218874, -5.949147
0.979666, 0.855464, -5.734083
1.014812, 0.835257, -6.063799
0.045211, 0.300585, -4.509799
0.905111, 1.593695, -5.986453
0.909836, 1.295859, -5.868147
1.481586, 0.104412, -5.021445
-0.103655, -0.166301, -6.131394
-0.518329, -0.404602, -5.226659
-1.966512, 0.136355, -6.005755
-0.392669, -0.447487, -5.368297
-0.076943, -0.829951, -5.258803
-1.675691, 0.020004, -5.067185
-0.349337, -1.336362, -5.091983
-1.156325, 0.163502, -4.963413
-0.988409, 0.024147, -5.046193
0.858932, 0.566684, -5.058606
1.035240, 0.498189, -5.403949
0.512039, 1.103351, -5.758924
0.854255, 1.301859, -5.919683
0.588564, 0.023443, -5.216410
0.905064, 0.580167, -5.652757
0.853439, 1.790179, -6.004055
0.977709, 1.812167, -5.936467
-0.745656, -0.179838, -5.028695
-0.810564, -0.028465, -4.819614
-0.514858, -0.559874, -5.472795
-1.027668, 0.155104, -5.007624
-0.385610, -0.655157, -5.063224
-1.663268, 0.481648, -5.607508
-0.768315, -0.382835, -5.704851
-0.511374, -0.407209, -5.252169
1.024870, 1.787974, -5.850412
0.513759, 0.775483, -5.082578
0.533661, 0.959658, -5.601213
0.856893, 0.525226, -6.160270
0.124805, 0.835783, -4.699411
0.551485, 0.540153, -5.135585
1.032133, 1.969961, -5.840185
0.798321, 1.760585, -5.941035
-0.441278, -0.430062, -5.130690
-1.873686, 0.361196, -5.838111
-0.499955, -0.253201, -5.388603
0.147526, -1.189522, -5.167017
-0.389542, -1.112628, -5.086652
-0.771795, -0.110000, -4.832655
-0.714614, -0.102287, -5.180825
-1.437126, -0.000501, -5.071168
2.106192, 0.368770, -5.729373
1.214427, 0.689058, -5.760841
1.090211, 1.806810, -5.689245
1.347458, 1.200578, -6.041001
2.231507, 1.688163, -5.899005
1.871720, 1.591230, -6.157035
0.799249, 1.186981, -5.869316
1.339791, 0.565446, -5.559841
-2.032271, 0.125089, -5.540232
-0.335946, -1.072742, -4.971279
-0.787348, -0.235006, -5.283388
-1.506827, 0.323118, -6.157119
-1.172549, -0.210121, -6.184243
-0.934652, -0.018109, -5.010054
-0.897694, -0.784670, -6.134951
-0.572782, -0.510764, -5.551418
-0.319134, -0.298602, -4.756414
0.050260, 1.768234, -5.177547
0.021145, 1.488487, -4.950140
1.107987, 0.658841, -5.302800
1.901879, 0.132126, -5.462317
2.112072, 0.206182, -5.530274
0.177588, 0.727443, -4.594174
0.436473, 0.970933, -5.301454
-1.587048, -0.262617, -5.762494
-0.228285, -1.430722, -5.985952
-0.086005, -1.445134, -6.013943
-0.490429, -1.305870, -5.978209
-1.260136, -1.024289, -6.035017
-0.851449, -1.241315, -6.019598
-0.577611, -1.509966, -5.924701
-0.612835, -1.506179, -5.840416
-1.309067, 0.029346, -5.990001
-1.135846, 0.029604, -6.098980
-1.376744, 0.048670, -5.970686
-1.178965, 0.168101, -6.122379
-1.156671, 0.238521, -6.202536
-1.417137, 0.256289, -6.202441
-1.601084, 0.447327, -5.514346
-1.519692, 0.200336, -5.931876
-0.978595, -1.512988, -6.231961
-0.826514, -1.449447, -5.933356
-1.867307, -1.182630, -5.968570
-1.413496, -0.488444, -6.067015
-1.106299, -1.678074, -6.108400
-1.017384, -1.918920, -6.254973
-1.186087, -1.586119, -6.046822
-1.010201, -1.631834, -6.134654
0.911351, 1.437620, -5.822221
1.752381, -0.059924, -5.465827
0.838996, 1.787912, -6.033446
0.553730, 1.954174, -5.905940
1.726455, 0.239330, -4.797244
0.691412, 0.085342, -5.319329
1.781861, -0.064507, -5.412513
0.523025, 0.043028, -5.266983
-1.475379, 0.189661, -5.134612
-1.098491, 0.015531, -4.902806
-1.154458, 0.020794, -5.071517
-0.917784, 0.039256, -5.045036
-1.256791, -0.139431, -5.793771
-1.394877, -0.180579, -5.711136
-0.459274, -0.518172, -5.416616
-1.661551, 0.100202, -5.164532
-0.726764, 0.866964, -6.063812
-0.772214, 0.606240, -5.768051
-0.650897, 1.307351, -6.183116
-0.648268, 1.165101, -6.161451
-0.246151, 0.811868, -5.802816
-0.282411, 0.738881, -6.185441
-0.233734, 0.679050, -5.628653
-0.447889, 1.115495, -6.113152
0.219705, -1.722992, -5.553140
0.271418, -0.501163, -4.463343
-0.002163, -0.296406, -4.812563
0.458665, -0.620866, -5.882833
0.169501, -0.834271, -4.467938
0.380737, -0.835268, -5.970648
0.204458, -0.477106, -4.448932
0.760219, -0.930227, -4.699484
2.157020, 1.940519, -4.427172
2.295587, 0.707330, -3.764336
1.612096, 1.550808, -6.270634
0.900984, 1.955420, -6.188425
1.721668, 1.667617, -5.187113
1.421799, 1.949528, -3.897857
0.913954, 1.647755, -5.953227
0.812434, 1.530495, -6.027335
-1.743734, -0.454160, -5.977256
-1.302794, -0.091113, -5.332942
-1.791823, -0.421324, -5.539890
-0.541839, -0.473616, -5.718438
-1.352626, 0.177974, -5.698820
-1.830775, 0.156508, -5.212100
-1.987859, -1.894409, -3.390765
-1.798524, -1.913686, -5.241013
1.081593, 0.488599, -5.214465
0.427482, -0.091636, -4.981962
0.737056, 0.029368, -4.920021
1.188269, 0.124469, -4.894831
0.439508, 1.323492, -5.288476
1.040504, -0.073413, -5.137927
0.132508, -0.135796, -5.528784
1.223707, 0.149628, -4.856830
-0.040133, -1.323588, -5.882618
-0.261837, -1.188560, -5.868831
-0.340964, -1.439387, -5.905683
-0.407697, -0.593633, -5.426894
-0.540665, -1.553673, -5.875111
-1.102248, -0.304911, -5.875436
-0.086669, -1.710639, -6.277106
-1.134331, -0.219271, -5.540621
1.186972, 0.310314, -4.961505
0.051264, 0.205170, -6.008902
0.560305, 1.975414, -5.578414
0.981500, 0.938444, -6.067064
0.638383, 0.512688, -6.150202
0.508725, 0.496041, -6.288882
0.786606, 0.712235, -5.315073
0.421867, 0.357460, -4.753214
-0.357057, -0.507754, -5.341175
-1.988174, 0.182617, -5.266130
0.057075, -1.049763, -5.176462
-1.966865, 0.476389, -6.088632
-0.609695, -0.186142, -5.264274
-0.933961, -0.291062, -5.042865
-0.010757, -1.298886, -5.126064
-1.802056, 0.428821, -5.844002
-1.338351, 0.130536, -5.791212
-1.692722, 0.150175, -5.815971
-1.911302, 0.232142, -5.664575
-1.395773, 0.451601, -5.856621
-1.288220, 0.299449, -5.656130
-0.992090, 0.332897, -6.188949
-1.060599, 0.149123, -5.192076
-0.814032, 0.381592, -4.835915
-1.023143, -1.463254, -6.003299
-1.984509, -0.851909, -5.994350
-1.712668, -0.569118, -6.055645
-1.341031, -1.058889, -6.222449
-0.964668, -1.588453, -6.110556
-1.150318, -1.857590, -6.258347
-1.363375, -1.895843, -6.270851
-1.542786, -1.405013, -6.291752
0.728747, 0.410539, -5.341090
1.394701, 0.839639, -5.822413
0.203984, 0.547096, -6.226481
0.273279, -0.132042, -4.741517
0.995411, 0.563088, -4.842852
1.081739, 0.155373, -4.959669
1.965462, 0.125351, -5.268991
0.964916, 0.629795, -5.637054
-0.631561, -0.225727, -4.844298
-0.940018, 0.039216, -5.146208
-1.003193, 0.037694, -5.275801
-1.163310, -0.004738, -5.460402
-1.586666, -0.900689, -5.780209
-1.882054, -0.084487, -5.504013
-1.940609, 0.077325, -6.007454
-1.948086, 0.244580, -6.036108
0.275225, -0.097160, -5.020139
0.546638, 0.129168, -4.808485
0.933513, 0.029480, -4.678563
0.333889, 0.112134, -4.671777
0.288645, 0.413892, -6.168783
1.229006, 0.562431, -5.092754
0.677581, 0.287676, -5.004014
0.562276, 0.393451, -4.977857
-1.150536, 0.075260, -5.268302
-1.305878, -0.139787, -5.990101
-1.452794, 0.074327, -5.670924
-1.066098, -0.013059, -5.944574
-1.949774, -0.168662, -5.821492
-1.987865, 0.281395, -5.381906
-1.876094, 0.306868, -5.901474
-1.518196, -0.486201, -6.077390
-0.710299, 0.119671, -4.979134
-0.904719, 0.276164, -4.790388
-1.100878, 0.526092, -4.837162
-1.025941, 0.329334, -6.220751
-0.697177, 0.116909, -4.976449
-0.654350, -0.095538, -4.713567
-1.376760, 0.405774, -5.828805
-1.108750, 0.379578, -5.205173
-1.237401, -1.876399, -6.232467
-0.970619, -1.809427, -6.232520
-0.967068, -1.653221, -6.135496
-1.053799, -1.835920, -6.257410
-0.821781, -1.919211, -6.260250
-0.687983, -1.728561, -6.241598
-0.476293, -1.565123, -6.107037
-0.382380, -1.501760, -6.123261
-1.332271, -0.062161, -5.109853
-1.206682, -0.146215, -5.080208
-1.209906, 0.423167, -5.127463
-0.962714, 0.362494, -5.079323
-1.019276, 0.280984, -5.809541
-0.656235, 0.116735, -4.752186
-1.323962, 0.381184, -5.895688
-1.005270, 0.246973, -5.579077
-0.855145, -1.491710, -6.259808
-0.939773, -1.536635, -6.276524
-1.845352, -0.877175, -5.884360
-1.188209, -1.590456, -6.211608
-0.722605, -1.858947, -6.081919
-0.921316, -1.899046, -6.202682
-1.016021, -1.894710, -6.075848
-1.159009, -1.497775, -6.182896
0.356303, 0.383349, -4.848950
0.405654, -0.062853, -4.915678
0.700894, 0.744269, -5.284900
0.636693, 0.482240, -4.802799
1.908505, -0.081660, -5.701761
1.867580, 0.093501, -5.528398
0.072339, 0.950804, -4.842587
0.104171, 0.910106, -4.820657
-1.957530, -0.169251, -5.583627
-0.877588, -0.426796, -5.783871
-0.653081, -0.494387, -5.703326
-1.895445, 0.432585, -6.174960
-1.526519, 0.032328, -5.636990
-1.838763, -0.529843, -5.547908
-0.935180, -0.332089, -5.610661
-0.515120, -0.569888, -5.504220
2.111002, 0.981012, -6.234449
1.329511, 0.070137, -4.958793
0.756153, 0.749553, -6.108603
0.639297, 0.305118, -4.880249
0.200875, 0.678067, -4.682791
0.954688, 1.413257, -6.025262
0.774820, 0.684902, -5.524143
0.897233, 0.579200, -5.117797
-1.946651, 0.232970, -5.896307
-1.032224, -0.010959, -5.312944
-0.438473, -0.425428, -5.387346
0.294255, -1.983495, -5.740892
-1.535221, 0.058649, -5.384570
-1.814263, 0.275795, -5.589418
-1.868251, 0.377713, -5.843968
0.383208, -1.773346, -5.668552
2.230109, -0.290633, -5.707863
1.088955, 0.240574, -4.774022
0.861770, 0.181039, -5.372901
1.633772, 0.096671, -4.791810
0.718243, 0.157644, -4.850399
0.455868, -0.023131, -5.021356
0.051691, 1.568584, -4.987060
0.946335, 0.284399, -4.873808
-1.168495, -0.067725, -5.343620
-0.451895, -0.432517, -5.413669
-1.011273, 0.024323, -5.282739
-1.672235, -0.214082, -5.852828
-0.156783, -0.606109, -4.727565
-1.024328, 0.237481, -4.860088
-2.010609, -0.080837, -5.904656
-1.206989, -0.207868, -5.677865
-2.040810, -1.233864, -6.130536
-0.208910, -1.113440, -6.124904
-0.243682, -0.913589, -5.786151
-0.134232, -1.152286, -5.943996
-0.432480, -1.104973, -6.210709
-0.118277, -1.139895, -6.073981
-0.592470, -1.328064, -6.258121
-0.512315, -0.972159, -6.175620
0.887933, 1.122002, -6.163888
0.024655, 0.878081, -4.707447
0.033820, 0.450822, -4.624144
0.324139, 0.118193, -4.746732
0.253112, 0.648365, -4.671488
1.917529, 0.119243, -5.644674
0.949332, -0.063075, -4.994095
0.024955, 2.015421, -5.461933
-1.989162, 0.425434, -5.687996
-1.964842, -0.441467, -5.570196
0.347039, -1.551115, -5.527959
0.241003, -1.419825, -5.351982
-1.077717, -0.243078, -5.628802
-0.271619, -0.773271, -5.493968
0.370585, -1.873418, -5.460545
0.348257, -1.780256, -5.555400
0.054015, -1.898828, -4.864015
0.175530, -1.564054, -4.978981
0.118786, -0.899820, -4.605090
-0.151023, -0.800619, -4.771482
0.403811, -1.843272, -5.002420
0.045681, -1.838130, -4.837176
0.329598, -1.483222, -4.981252
0.519356, -0.990871, -4.703873
-1.171994, 0.284769, -5.173042
-1.087626, 0.367417, -4.762008
-1.300563, 0.570411, -5.739096
-0.561330, 0.499447, -4.723473
-1.053046, 0.474466, -4.799323
-1.063104, 0.378726, -5.662019
-0.940707, 0.446990, -4.810008
-1.340637, 0.424962, -6.136008
0.497000, -1.792558, -4.795204
0.535608, -1.610067, -4.733734
0.317890, -1.827714, -5.140522
-0.033808, -0.842386, -4.734727
0.584338, -1.706892, -4.524269
0.592864, -1.669838, -5.573382
0.316412, -1.775664, -4.538101
0.643414, -1.762259, -4.616439
0.108310, -1.156038, -5.596496
-1.136416, -1.433959, -6.184583
-0.209953, -0.773744, -6.027644
-0.419063, -0.578172, -6.221533
-0.448976, -1.013597, -6.158885
0.064804, -0.873254, -6.040653
-0.473325, -1.189773, -6.095685
-0.457697, -0.475706, -5.778679
0.510397, 0.411988, -4.842982
0.092010, 0.883181, -4.747462
0.524188, 0.314733, -4.827307
1.042979, 0.192896, -4.841218
0.341473, 1.246387, -5.195715
0.460268, 0.496484, -4.964092
1.506298, 1.953501, -6.201632
1.069890, 0.457998, -5.182002
-1.210060, -0.087185, -5.507672
0.091918, -1.113413, -5.249060
-2.004146, -0.201103, -5.789506
-0.011877, -1.844649, -5.014130
0.003111, -0.942065, -5.234764
0.350003, -1.649762, -5.444117
-1.141757, -0.117907, -5.335151
-0.512165, -0.545786, -5.373128
-0.223204, -1.031855, -6.014398
0.387271, -1.059364, -5.616087
0.394807, -1.031502, -5.501111
0.177185, -1.439273, -4.790577
0.064597, -1.139475, -6.089067
0.539042, -1.765366, -5.550646
0.332648, -1.834298, -4.670380
0.520790, -1.796746, -5.190862
0.240632, 0.719492, -4.764802
0.046558, 0.703359, -4.690635
0.535681, 1.170887, -5.485486
0.394544, 0.792599, -4.982070
0.864428, 1.573366, -6.265030
-0.085485, 1.904196, -5.273326
0.673598, 0.757166, -5.133865
1.200907, 1.460762, -6.093009
0.167719, -1.344086, -5.442784
-1.987017, 0.201879, -5.811276
-0.192444, -1.010733, -4.898896
-1.058206, -0.409778, -6.060457
-0.474681, -0.405804, -5.893873
-0.115617, -0.445006, -5.736726
-0.211296, -0.512499, -5.905731
-1.486745, -1.335958, -6.209914
-1.258563, 0.385853, -5.239332
-1.193450, 0.531473, -5.762422
-1.356367, 0.687772, -5.440541
-1.468416, 0.604099, -5.451784
-1.597290, 0.265521, -5.393578
-1.022326, 0.304992, -5.154088
-1.752494, 0.453152, -5.090935
-1.554291, 0.358402, -5.361466
0.191936, -1.112227, -6.113647
0.505347, -1.454373, -5.931965
0.383346, -1.214375, -6.167527
0.684456, -1.788646, -5.653398
0.317176, -1.362573, -6.108575
0.588337, -1.411516, -5.845509
0.270766, -1.912111, -5.916750
0.245472, -1.788618, -5.036697
1.121170, 0.718078, -6.226508
1.916677, 0.602297, -6.072922
0.696106, 0.475943, -4.867000
0.560514, 0.670481, -4.973033
-0.510466, -0.234327, -4.294701
0.272947, 0.034028, -5.091100
0.431982, 0.142424, -4.828811
0.181097, 0.877733, -5.048973
-0.790579, -0.259258, -5.442314
-0.276955, -0.755244, -4.977658
0.174497, -1.593267, -5.181746
-1.515108, 0.421869, -6.113841
-0.218273, -0.461345, -4.912001
-1.959748, 0.010289, -5.830003
-0.276792, -1.040352, -4.919271
0.150527, -1.954224, -4.745543
-1.172577, 0.448653, -6.090108
-0.557163, 0.210900, -4.532313
0.475989, -0.143030, -4.006546
-1.131754, 0.529458, -5.931686
-1.078791, 0.484404, -4.907533
-0.696003, 0.203108, -4.714489
-0.122703, 0.214243, -4.407346
-0.469201, 0.444630, -4.721200
0.751670, -1.873110, -6.235005
0.452444, -1.851786, -4.605426
0.533678, -1.585097, -6.283457
1.001306, -1.866559, -5.970941
0.458303, -1.559698, -5.258476
0.497543, -2.002262, -5.338928
0.409932, -1.658267, -4.990561
0.256196, -1.318725, -4.994072
0.250603, -1.295223, -6.228875
-0.369429, -1.250788, -6.297205
-0.020141, -1.074995, -6.037982
0.051340, -1.963801, -6.122703
-0.178282, -1.351767, -6.120225
-0.157666, -1.461978, -6.097083
-0.057869, -1.274871, -5.987765
-0.089204, -1.449415, -5.988139
-0.663177, 0.225452, -4.629513
-0.545265, 0.269147, -4.514134
-0.565978, 0.602001, -4.793748
0.054257, -0.148705, -3.909937
-0.752040, 0.373093, -4.767869
-0.959881, 0.275938, -4.677820
-0.819635, 0.562736, -6.093419
-0.519468, 0.604732, -4.763042
0.474583, -1.525954, -5.320016
0.936292, -1.883475, -5.805676
0.933770, -1.884138, -5.705064
1.198418, -1.903956, -6.233273
0.196659, -1.185472, -4.831750
1.221196, -1.926212, -6.298445
0.860534, -1.426813, -5.616275
0.893898, -1.502128, -5.712948
-1.663793, 0.615552, -5.792157
-0.916331, 0.571430, -4.908493
-1.483005, 0.471248, -5.474748
-1.301050, 0.265821, -4.893248
-1.148156, 0.377774, -5.802661
-0.755594, 0.190006, -4.653481
-0.906897, 0.540180, -5.242368
-1.071227, 0.521824, -5.898155
0.344982, -1.871073, -5.176113
0.402657, -1.693238, -5.228358
0.841627, -1.990981, -6.057788
0.921675, -1.888042, -6.137805
0.997545, -1.947097, -5.261076
0.692774, -1.647657, -5.175253
0.990882, -1.873992, -5.501225
0.603529, -1.841280, -5.282731
-0.969241, 0.043582, -6.149659
-0.314808, -0.240927, -4.152061
-0.166706, -0.056443, -4.035798
-1.491285, 0.241107, -5.652761
-0.259601, -0.427091, -4.398242
-0.716202, -0.314371, -5.098637
-0.610982, 0.138633, -4.621495
-0.300461, -0.228643, -4.180374
-0.309945, -1.984471, -6.204213
-0.817575, -1.667777, -6.224371
0.094916, -1.363389, -6.250605
-0.036534, -1.378388, -6.162103
0.066499, -1.368930, -5.932014
-0.057625, -1.366870, -6.184063
-0.202049, -1.546993, -6.209340
-0.129753, -1.272954, -6.181084
-1.709352, 0.755828, -6.102083
-1.564017, 0.558371, -5.887296
-1.810965, 0.718108, -6.159604
-1.530684, 0.713345, -5.531484
-1.563969, 0.486520, -6.047060
-1.484876, 0.458162, -5.640419
-1.738144, 1.455286, -6.189752
-1.532140, 0.595174, -5.183395
-0.018156, -1.346033, -6.073439
0.228424, -1.673812, -6.104992
0.175935, -1.727900, -5.928596
-0.225058, -1.439573, -6.256262
0.557141, -1.505898, -6.142129
0.942174, -1.670687, -5.446946
1.139797, -1.778282, -5.784610
0.083982, -1.125057, -6.070505
-0.346088, -0.070855, -4.231774
-0.147469, -0.040594, -5.247797
-0.660042, 0.599023, -4.775767
-0.849463, 0.266558, -5.774527
-0.275660, 0.105875, -4.285573
-0.573829, 0.270883, -4.519371
-0.421069, 0.178944, -4.472949
-0.336067, 0.210546, -4.599415
1.406524, -1.604713, -5.589553
0.419863, -1.271070, -5.101817
0.652926, -1.492095, -5.179672
0.474395, -1.032187, -5.177966
0.444804, -1.158982, -5.376980
1.638851, -1.000685, -6.167511
0.225840, -1.518904, -4.903161
0.475016, -1.257758, -5.136475
-0.245182, 0.102466, -4.282978
-1.731824, 0.258890, -6.095985
0.040896, -0.012992, -4.287457
-1.479588, 0.372752, -5.496888
-1.111694, 0.394269, -5.788500
-1.356767, 0.334860, -5.815577
-1.083532, 0.408567, -6.250359
-1.179915, 0.433800, -6.181327
0.988083, -1.516319, -5.446646
0.862877, -1.447729, -5.324091
0.951719, -1.514165, -5.207794
0.611382, -0.541102, -5.035169
1.019531, -0.728958, -6.177970
0.712848, -1.420901, -5.527258
1.897313, -0.889258, -6.195416
1.081405, -1.558263, -5.899984
-1.604670, 0.002832, -6.148071
-1.078587, 0.223699, -5.370077
-0.652521, 0.584446, -4.869133
-1.349058, 0.396389, -5.941061
-1.099728, 0.477996, -4.772657
-1.330127, 0.387628, -5.478473
-1.111646, 0.525259, -5.633082
-1.194082, 0.425307, -5.973036
0.538686, -0.604652, -5.483583
0.766465, -0.838061, -6.123896
0.722003, -0.927039, -6.173494
1.037804, -1.993666, -5.523399
0.795280, 0.045267, -5.586540
0.646373, -0.258414, -5.175630
0.743129, -1.894788, -5.319014
0.118926, -1.316664, -4.814715
-1.257173, 0.426928, -6.127059
-1.013155, 0.511904, -4.995439
-0.925649, 0.467223, -5.044784
-1.055321, 0.294285, -5.541236
-1.077682, 0.360444, -5.907627
-0.778901, 0.359529, -4.632230
-0.554295, 0.376925, -4.657529
-0.740393, 0.198638, -4.735878
1.695556, -1.852342, -6.034606
0.688228, -0.239558, -5.538743
1.967173, -1.651784, -6.186511
0.630488, -0.429878, -6.107138
0.383857, -1.616474, -5.062967
0.161441, -0.958589, -5.072518
1.720909, -0.126630, -5.082398
0.749996, -0.448291, -4.990195
-0.296765, -0.465032, -4.594253
-0.428026, -0.158298, -4.450468
-0.184982, -0.414241, -4.250671
-0.262169, 0.408781, -5.993671
-1.311011, 0.203391, -5.871800
-1.558330, 0.256359, -5.935659
-0.545589, 0.105773, -4.511527
-1.043869, 0.372290, -5.678298
-1.541696, 0.585040, -6.147012
-1.407879, 0.101540, -6.060144
-1.376387, 0.104535, -6.230207
-1.670667, 1.427633, -5.699994
-1.958906, 0.548614, -6.223749
-1.927668, 0.612564, -6.179350
-1.681052, 0.544246, -6.120731
-1.361665, 0.601418, -5.892576
0.062484, -1.739410, -6.078986
0.262554, -1.652334, -6.213054
0.271352, -1.605178, -6.217344
-0.071366, -1.270025, -6.018365
0.882560, -1.725559, -5.871260
0.809656, -1.576314, -5.831693
1.092087, -1.945076, -5.696137
0.973561, -1.693056, -5.410654
-0.444312, -1.310651, -6.217461
-0.352618, -0.885964, -6.268768
-0.362301, -0.920484, -5.982150
0.060064, -0.783953, -5.728282
0.035588, -1.178027, -6.067407
-0.074980, -0.888145, -6.063523
-0.036723, -1.139294, -6.168012
0.290657, -0.966573, -5.850505
1.738513, 0.415253, -5.290189
1.460906, 1.245964, -6.233596
1.933569, 0.205216, -5.273386
1.372281, 0.482971, -6.005732
1.164568, 0.566176, -5.668406
1.335269, 0.106669, -5.129013
0.910858, 0.889759, -6.156701
0.763329, 1.097645, -5.630775
1.419084, -0.131321, -2.187936
2.255004, 1.394785, -6.057309
1.521857, 1.761284, -5.926375
2.206500, 2.081289, -6.036970
-0.401034, 2.306058, -3.050222
2.287335, 0.961343, -6.158919
1.157696, 0.652751, -5.995704
2.298867, 1.762616, -5.960485
-1.349552, -1.910734, -6.091365
-1.693437, -1.801837, -6.247688
-1.951608, -1.651865, -6.152816
0.247214, -1.616768, -5.966181
-0.050610, -1.784799, -6.027139
-0.302913, -1.306104, -6.196132
-0.035872, -1.342295, -5.618226
-0.549197, -1.269925, -6.265641
1.927928, 2.247908, -5.991109
2.113136, 2.214418, -6.295071
1.373392, 2.007070, -5.907032
2.216741, 1.533270, -5.785755
2.077452, 1.995080, -5.800991
1.985187, 0.781393, -5.965932
0.395657, 0.417334, -6.034501
2.218544, 1.985970, -6.147736
-0.611168, -1.423771, -6.112660
-0.390406, -0.924388, -6.008563
-0.441619, -1.313952, -6.084232
0.033924, -0.712867, -5.647677
0.220414, -1.307248, -5.994103
0.050043, -1.043534, -6.167211
0.073974, -0.960952, -6.080634
-0.021427, -1.017434, -5.937233
2.024626, 1.495614, -5.502576
1.360098, 2.052487, -3.908233
1.473504, 1.306219, -6.118061
1.829105, 1.452096, -5.401033
1.030829, 0.979465, -6.237088
1.965456, 0.723328, -6.021699
1.887030, 2.124742, -6.075864
1.612885, 1.697082, -6.109970
2.245882, 1.625718, -6.252039
1.691663, 1.407298, -6.145344
2.066058, 0.376591, -5.694387
2.037240, 0.964966, -5.972166
1.919442, 0.560826, -5.981796
2.051693, 0.920141, -6.119759
-1.412844, 0.807016, -6.294725
2.014235, 0.431062, -5.628381
-0.292070, 2.029713, -5.995078
-0.142310, 1.790668, -6.069947
0.046958, 1.432163, -6.238234
-0.371095, 1.700248, -6.235656
0.127175, 1.853012, -6.212987
0.063158, 1.574641, -6.275255
0.000344, 1.593791, -5.981888
0.208120, 1.104920, -6.157609
1.388691, -1.090575, -6.226300
2.252588, -0.834160, -6.213408
1.982171, 0.080492, -5.854644
2.241188, -0.262774, -5.806960
2.190857, -0.293170, -5.756183
2.238362, -0.141916, -5.904488
1.976788, -0.127506, -5.713685
1.488740, -0.872207, -6.254894
1.479331, 0.860496, -6.246107
2.171511, 0.771008, -6.177301
1.448453, 0.711824, -5.778441
1.843799, 0.823809, -6.108130
1.273155, 0.976977, -6.283942
1.455423, 0.866833, -5.929317
2.275535, 0.525098, -6.030989
1.698469, 1.000899, -6.211415
-0.774083, -0.999044, -6.101803
-0.329581, -1.305537, -5.217787
-0.166630, -0.629543, -6.225572
-0.192416, -0.480344, -4.806848
0.085909, -0.613486, -5.835463
-0.069642, -0.721738, -5.824914
-0.309085, -0.877488, -5.009450
-0.176511, -0.812599, -4.729649
2.241188, 1.699289, -5.889307
1.934030, 2.041694, -5.968673
1.405610, 1.918974, -3.865239
1.688133, 1.639817, -6.284972
1.599576, 1.871086, -6.124737
1.508388, 1.986754, -6.168194
1.732666, 1.593419, -5.260501
1.641383, 2.180658, -4.660051
-0.173143, 1.334950, -6.065902
-0.750424, 2.189819, -6.055134
-0.069931, 1.592930, -6.182635
-0.337405, 1.802369, -6.063598
0.139597, 1.376977, -5.749319
-0.024386, 1.529011, -6.081283
-0.312072, 2.005035, -6.153409
-0.027364, 1.721431, -6.179598
2.239079, -1.931585, -4.052051
2.330043, -1.232455, -5.944989
2.286629, -1.933804, -4.641957
2.290994, -1.094604, -5.996113
2.106240, -0.559821, -6.189082
1.865594, 0.090652, -6.184468
1.263473, -0.957125, -6.259152
0.751732, -0.394618, -5.859838
0.504650, 1.756087, -5.336427
0.316547, 1.323306, -6.214378
0.095840, 1.794961, -6.156353
0.215721, 1.742791, -6.060018
0.476578, 1.564215, -6.048041
0.106081, 1.404801, -5.965911
0.210689, 1.554239, -5.525291
0.327094, 1.895306, -5.839624
2.158739, -1.999994, -3.025779
2.283587, -1.976219, -4.328124
2.289233, -1.985635, -4.534709
2.313289, -1.542665, -5.365612
2.219466, -0.448721, -5.924870
2.302911, -1.299699, -5.905269
2.182249, -0.073737, -6.181696
2.031432, -0.125959, -5.766441
-0.500339, 2.086466, -6.180515
0.035645, 1.538825, -5.975186
-0.046991, 0.365073, -4.674916
0.256312, 1.617409, -5.654096
0.172097, 1.543718, -6.249156
0.163085, 1.772237, -6.020852
0.151572, 1.617326, -5.775269
0.323342, 1.817779, -6.063074
1.988949, 0.210241, -6.120257
1.902469, 0.109583, -6.256695
1.678043, 0.327749, -6.142346
1.470701, -0.002562, -5.877837
1.718635, 0.317844, -5.961949
2.118957, 0.142911, -6.130355
1.999166, 0.445699, -5.802710
2.184356, 0.449668, -5.911733
0.939493, 0.927930, -5.742382
0.070986, 1.071215, -4.911469
1.637004, 2.278443, -6.272407
0.666754, 1.647383, -5.453546
0.671220, 0.923873, -5.596052
1.014872, 0.441773, -5.260449
0.990021, 0.082586, -5.032126
1.304698, 0.066439, -5.007156
0.018674, 1.562986, -5.982335
-0.237278, 1.805023, -6.048043
-1.002324, 0.351771, -5.101042
-0.067995, 1.377236, -6.078440
0.323455, 1.683660, -5.887973
0.316338, 1.771601, -6.166235
0.306334, 1.767266, -6.173783
0.524633, 1.797082, -6.154655
1.928938, 0.199309, -6.219497
1.377258, 0.091497, -6.046546
1.741140, 0.299836, -5.574198
1.842089, 0.061549, -5.848206
1.055680, -0.907079, -6.150190
1.893198, 0.046780, -6.290141
1.895181, 0.190935, -6.025099
2.182167, 0.368840, -5.876945
-0.035706, 1.399724, -6.198893
-0.694645, 1.658271, -6.046180
0.026365, 1.441578, -5.946260
-0.325928, 1.742112, -6.211796
-0.253965, 1.902113, -5.931594
0.297721, 1.658506, -5.867864
0.176236, 1.892559, -6.132449
0.039068, 1.428635, -6.207220
2.056873, -1.051007, -6.175056
2.093029, 0.004038, -5.744928
1.962808, 0.082166, -6.179454
2.232207, -0.027106, -6.186604
1.725413, 0.416328, -5.641675
1.718160, 0.114181, -5.413077
2.241226, 0.000733, -5.844662
1.798419, 0.405194, -5.690719
0.997863, 1.014629, -5.997385
0.170549, -0.331453, -4.632218
1.390177, 2.127232, -6.233577
0.310903, -0.252749, -4.790901
0.167846, -0.020212, -5.381053
-0.327834, 0.352772, -6.042792
0.379287, -0.239468, -4.925770
0.749755, 0.775004, -5.584055
-1.854563, 0.336988, -6.240970
-1.462945, 0.055090, -5.620862
-1.640997, 0.486356, -6.193320
-1.897257, 0.387204, -6.102054
-0.400048, -0.668786, -5.428984
-0.771124, -0.354662, -5.460558
-1.382946, 0.034695, -5.261545
-1.929924, 0.259664, -5.733833
-0.598529, 1.681755, -6.211420
-0.204561, -0.283485, -4.186296
-0.522259, 0.614890, -6.194177
-0.266124, 1.314122, -6.163631
0.158254, 1.100377, -5.911995
-0.085801, 0.837149, -5.882483
-0.156475, 0.809784, -6.078660
-0.152390, 0.869388, -5.965431
1.910488, -1.617152, -5.037644
2.143358, -1.639950, -5.174510
1.852130, -1.639110, -5.742735
1.750672, -1.352561, -5.956171
1.888848, -1.479660, -6.118412
1.468636, -1.457833, -6.220808
2.302593, -1.985424, -4.138230
1.593402, -1.070949, -6.153841
0.177165, 0.934788, -4.904505
0.549599, 1.394573, -5.433540
0.711043, 1.000154, -5.666314
0.473292, 0.684078, -5.030135
1.092986, 1.073725, -5.807872
0.554789, 0.146778, -4.690161
0.825061, 0.150393, -5.154058
0.829758, -0.079516, -5.175180
0.062309, 1.257804, -5.616724
-0.525508, 2.216700, -6.109907
-0.742637, 1.507406, -5.916280
-0.450221, 1.277387, -5.918539
0.270780, 1.684467, -5.826209
0.113120, 1.691465, -5.981704
0.127462, 1.963792, -6.091589
0.403012, 2.056320, -5.988836
2.178896, 0.056787, -6.207111
1.961451, 0.128244, -5.838255
1.749566, 0.291999, -6.134982
1.763530, 0.105024, -5.947080
1.931893, -1.381614, -6.192054
2.086444, -0.162839, -6.187932
0.851141, 0.175694, -5.656970
2.103041, 0.231852, -6.139750
0.354359, 0.209230, -4.716396
0.595385, 0.991141, -5.359211
0.324027, 0.210227, -4.745191
0.318241, 0.217468, -4.739521
0.314774, -0.021971, -4.713877
0.716581, 2.241510, -5.959747
0.302585, 0.342180, -4.715658
0.466453, 1.243643, -5.597344
0.153096, 1.428249, -6.252666
0.136900, 1.640438, -5.525935
0.034788, 1.695601, -6.146108
-0.113097, 1.600102, -6.174648
0.231782, 1.942628, -5.746006
-0.174753, 1.146109, -6.085320
0.118712, 1.563810, -6.224873
0.080505, 1.825411, -6.175303
2.207115, -0.413289, -5.945187
1.828871, -0.116290, -6.040029
2.017782, -0.044715, -6.196445
1.919258, -0.065592, -6.184439
0.712429, -0.987174, -5.764896
0.687998, -0.818051, -6.181067
0.020297, 0.059032, -5.979108
1.428051, -0.163332, -6.265190
0.865459, 1.894714, -4.934647
-0.348394, 1.154895, -6.113399
0.159481, 1.512473, -5.953522
0.369532, 1.517646, -6.248223
0.331140, 1.936343, -5.235515
0.244786, 1.567747, -5.746731
0.226530, 1.783738, -5.634718
0.235365, 1.636463, -5.535746
1.739018, -1.295575, -6.051753
1.769257, -1.178266, -6.036755
1.764883, -0.795059, -6.204327
1.307762, -1.388806, -5.586211
1.146056, -1.616422, -6.083705
2.298483, -0.900630, -6.210357
2.208808, -0.359747, -5.953393
1.133957, -1.701100, -6.161020
-0.112837, 0.809315, -4.823100
-0.360758, 0.615609, -6.260521
0.031921, -0.589489, -5.919381
0.230270, -0.569257, -4.131243
-0.108225, 0.580516, -4.641323
0.397365, 0.782222, -5.383593
-0.070328, -0.100292, -3.728509
0.147367, 0.146918, -5.498582
2.324949, -1.065358, -5.977672
-0.163812, -1.018289, -5.222441
2.138694, -2.005381, -1.518183
2.241557, -1.945445, -3.541352
1.471894, -0.417557, -6.167275
-0.572037, -0.660302, -4.796303
-0.164396, -1.147123, -5.225800
2.295043, -1.981847, -5.904877
0.656945, 0.131219, -5.275640
0.941163, 0.613666, -5.707974
1.124070, 0.895005, -5.905506
1.180699, 0.994508, -5.970479
1.084589, 0.689380, -6.093282
0.811085, 0.600755, -6.225206
0.577356, 0.574146, -5.587824
1.347340, 1.699157, -6.211801
-0.067267, 1.029362, -6.213382
0.282926, 1.665602, -5.888989
-0.103451, -0.040655, -3.699705
-0.195766, 1.245176, -6.035238
-0.126830, 1.027492, -6.063885
0.069076, 1.019799, -6.051784
0.286760, 0.409756, -5.067711
0.135481, 0.143640, -5.530551
1.409647, -0.764169, -6.225888
1.241344, 0.289285, -5.388610
1.577588, -1.272015, -6.192093
-0.054102, -0.280024, -5.344213
0.326083, -1.058631, -5.793627
1.244749, -0.410901, -6.229689
1.063894, -1.774834, -6.003474
1.130150, -0.274630, -6.194254
-0.600486, 0.463702, -5.913378
1.029150, -0.870983, -5.594864
-0.407997, 0.653069, -5.642329
-0.391193, 1.119207, -6.170535
-0.136924, 0.057001, -3.632871
0.111138, 0.472056, -5.249947
0.168079, 0.829602, -5.962377
0.040617, 1.019732, -6.245089
0.822622, -0.629462, -6.225441
0.894901, -0.579324, -6.225000
1.551594, -0.499026, -6.197437
1.764488, -0.874583, -6.191071
1.692794, -1.848684, -6.160438
0.875716, -1.569004, -6.225000
1.701290, -1.190806, -6.051938
1.823777, -1.468488, -5.580406
1.867849, 2.275729, -6.161527
1.227855, 2.018307, -5.981324
1.018553, 1.787668, -6.169114
1.243943, 1.800448, -6.133632
1.913710, 1.788483, -6.209136
0.977357, 1.001599, -5.904770
1.079188, 2.003315, -5.970636
2.085563, 1.926843, -6.173065
-0.106449, -0.066140, -4.784960
-0.093962, -0.264499, -4.495470
-0.163774, 0.751963, -5.929933
-0.224129, 1.051913, -6.173589
0.388808, 0.914019, -6.230481
0.064104, 0.230497, -4.542570
0.250387, 0.802900, -5.851902
-0.256909, 1.094531, -6.224841
2.070297, -0.414543, -6.097056
0.010769, -0.289859, -4.723823
1.614265, -1.254428, -6.127849
1.953107, -0.440365, -6.100555
1.119368, -0.293915, -6.242234
0.332990, -0.633860, -4.951293
1.943913, -0.439773, -6.052728
1.222459, 0.004826, -5.108879
0.283590, 0.055242, -5.040540
1.259953, 0.781238, -6.046267
1.163810, 1.070628, -6.118176
1.032053, 0.973006, -6.042444
1.291190, 0.511274, -5.496511
2.112094, 0.522925, -5.979055
1.751406, 1.501426, -6.208981
1.360368, 1.179682, -6.158565
-0.330341, 0.838728, -5.650360
-0.150750, 1.067167, -6.064357
-0.392120, 1.423946, -6.114779
-0.339140, 0.237577, -4.814490
-0.114547, -0.130692, -4.153460
-0.157677, 1.138953, -6.113201
-0.026619, -0.006438, -5.273550
-0.002389, 0.913174, -5.979506
0.755908, -1.421618, -5.943656
0.637546, -1.495150, -5.767668
0.166363, -1.655653, -4.967496
0.356925, -1.241489, -5.981299
0.448686, -1.180573, -5.946897
1.196654, 0.221754, -5.459693
0.817952, 0.017693, -5.848605
2.093445, -1.532290, -6.117025
-0.393232, 0.671573, -5.958138
-0.408477, 0.942313, -6.167206
0.026166, -0.011922, -4.655965
-0.057992, -0.216754, -3.999553
-0.298132, 1.021423, -6.062141
0.280392, 0.819868, -5.771778
-0.275030, 0.671685, -4.754810
-0.374104, 0.723980, -4.941934
1.545402, -1.782510, -5.633514
2.016734, -1.816913, -5.896725
1.789801, -1.986488, -5.853796
1.293806, -0.344405, -6.214157
0.427495, -0.875338, -4.522939
1.709060, -0.931290, -6.246196
0.272788, -0.645802, -4.808066
0.623385, -1.966971, -5.593300
1.228354, 0.660949, -5.820959
0.792350, 0.516354, -5.733379
1.187049, 1.167857, -6.123898
0.994937, 0.966017, -6.190459
0.759544, 0.540523, -5.620138
1.699516, 0.649749, -5.957444
1.327735, 1.183180, -6.231394
1.694526, 1.671796, -6.198007
1.056614, 1.757542, -6.184700
0.612820, 0.771097, -5.701049
0.748451, 0.794312, -5.362987
0.613055, 0.833009, -5.855786
1.003246, 1.527421, -6.024530
1.238203, 0.579762, -5.252081
1.645260, 0.883617, -6.022223
1.237008, 0.793849, -6.218884
-0.086420, 1.133288, -5.942060
-0.140483, 1.171264, -6.266008
0.300499, 1.347754, -6.290228
-0.028187, 1.245525, -5.960784
0.417766, 1.452948, -5.884818
0.638405, 1.992979, -5.086536
0.038159, 2.076791, -5.827113
0.494157, 1.558425, -6.003973
0.875577, -0.886246, -6.225227
0.901517, -0.133055, -5.922667
0.697438, -0.575716, -5.917441
0.603868, -0.395605, -5.499672
1.079193, -1.492530, -5.860355
0.577317, -0.611166, -5.590999
1.343714, 0.427390, -5.430585
0.801142, 0.228234, -4.593892
1.584548, 2.072251, -6.199144
1.635239, 2.043488, -6.211691
0.930207, 1.187136, -5.953243
2.246367, 2.310784, -6.239168
1.468924, 1.949275, -6.081353
1.090665, 0.960586, -5.977750
1.975426, 2.196956, -6.142593
1.562061, 2.219245, -6.056185
-0.233079, -0.462121, -4.724469
-0.159671, 0.337714, -5.997277
-0.311046, 0.857701, -6.229108
0.144878, 0.179621, -5.016424
-0.018460, 0.775641, -4.733322
0.082113, -0.083289, -4.777989
-0.315638, 0.487684, -4.694727
0.202085, 0.919623, -5.992828
1.847873, 0.344677, -5.661492
0.518023, -1.759776, -5.613143
0.702958, -0.522418, -5.919178
0.735756, -0.696037, -6.246138
1.572952, 0.273118, -5.652084
1.399297, -0.334120, -6.222548
1.674264, 0.469794, -5.521197
0.693405, -0.626217, -4.913038
-0.338223, 0.859756, -5.928986
0.349920, 1.882630, -5.795179
0.062769, -0.058697, -4.816232
-0.287018, 0.297366, -5.612618
-0.086613, 0.460042, -4.641273
0.296482, 0.594873, -5.327693
0.184627, 0.141929, -4.943618
0.060970, -0.007494, -5.008784
1.890129, -1.286267, -5.860855
1.867155, -1.400017, -5.773061
0.006140, -0.905319, -5.198663
-0.372169, -0.927437, -5.335497
0.884362, -1.457040, -5.597207
0.069211, -1.331571, -5.208553
2.084105, -1.995625, -5.951988
1.821802, -1.783009, -5.774734
0.873494, 0.676103, -5.259814
1.250986, 1.987144, -6.239159
-0.141851, 0.182714, -4.983211
-0.170353, 0.355828, -5.139384
0.767783, 1.020649, -5.579943
1.636588, 2.265024, -6.065910
0.600602, 0.500926, -5.483206
1.391177, 2.221389, -5.949022
0.343768, 2.084476, -5.279389
-0.023205, 0.932156, -6.130141
0.460117, 1.540745, -6.103840
0.980781, 2.064314, -5.014600
0.326202, 1.283717, -5.532891
0.280731, 1.354088, -5.629003
0.215201, 1.109579, -6.276298
0.587128, 1.848948, -6.290571
0.919163, -1.039049, -6.209873
0.762304, -1.296532, -6.250091
1.114936, 0.337810, -5.721786
1.543536, 0.537845, -5.587865
0.533451, -0.629646, -5.042620
1.211449, -1.605277, -5.899337
0.619509, -0.670727, -5.915241
1.371831, -0.501219, -6.127025
1.803677, 2.118109, -6.198213
1.527969, 1.608804, -6.201157
1.437881, 2.206988, -6.071601
1.657592, 2.303548, -6.171126
1.824744, 2.084359, -6.197293
1.617915, 1.811394, -6.196145
2.223416, 2.312438, -6.265975
1.926250, 2.273473, -6.178476
0.986591, 0.606510, -5.863738
1.083671, 0.853200, -6.134552
1.035591, 1.015754, -6.120461
1.087527, 0.857555, -6.220749
1.166565, 0.623246, -6.014716
0.962689, 0.648969, -5.890538
1.315796, 0.881961, -6.224756
1.243243, 0.631320, -6.062814
1.432877, 2.076218, -6.256953
1.190856, 1.897858, -6.203979
0.823430, 1.509173, -6.040478
-0.491756, -0.241181, -5.202047
1.159356, 0.904658, -5.950570
1.185664, 1.976256, -6.032155
0.784537, 0.783394, -5.628644
1.283372, 2.004933, -6.211651
1.238902, 2.088609, -6.214957
1.002945, 1.092153, -6.205078
1.514145, 2.298867, -6.180439
1.358316, 2.217120, -6.183378
1.472968, 1.532843, -6.192053
1.185275, 1.517246, -6.133438
1.734792, 2.177511, -6.229850
2.227526, 2.173150, -6.119596
0.267089, 0.460438, -6.179941
-0.154449, -0.160626, -5.479713
0.305122, 0.471341, -4.749901
0.422036, 0.630632, -4.870828
0.035246, -0.284329, -4.736969
0.383307, 0.332085, -4.658682
0.326738, 0.073408, -4.773715
0.395067, 0.041964, -4.864399
-0.472672, 2.132128, -6.139269
-0.311823, 1.720499, -5.981043
0.044287, 1.349354, -5.824983
-0.100251, 1.313649, -5.964703
0.419105, 1.435113, -6.027357
0.146458, 1.272246, -5.980470
0.246019, 1.922565, -5.733168
0.195719, 1.821199, -5.613776
1.025800, 0.316482, -5.844974
1.901141, -0.145635, -6.038501
1.598733, 0.130689, -6.107019
1.872441, -0.217219, -6.095531
0.752314, -0.308698, -5.455690
1.193063, 0.074022, -6.236712
1.685010, 0.061113, -6.228240
1.579145, 0.279976, -5.835479
-0.615071, 0.276965, -5.965188
-0.188412, 0.303586, -5.530070
0.393507, 0.602378, -4.779494
0.388612, 0.320093, -5.030145
1.259294, 1.569683, -6.199726
1.284384, 0.992189, -6.218772
0.896672, 0.820845, -5.622283
0.417644, 0.596797, -5.214986
0.623507, 1.089874, -5.650246
1.223993, 1.742859, -6.201521
-0.340416, -0.166964, -5.659767
0.762876, 1.031416, -5.879436
1.705176, 2.301957, -6.044139
1.332345, 2.032091, -6.217222
2.167138, 2.018864, -6.175738
0.921208, 0.871654, -5.482689
0.606553, 0.830175, -5.920070
0.685111, 1.050040, -5.713888
1.866268, 2.308094, -6.046681
0.338772, 0.884097, -4.994362
0.539077, 0.180491, -4.764400
0.505015, 0.564156, -4.852831
1.620429, 0.030775, -5.144291
0.304486, 0.679215, -4.747696
-0.004894, 1.459756, -5.989102
-0.126738, 1.435197, -6.077331
-0.234688, 1.872857, -6.066119
-0.376038, 2.113195, -6.012468
0.100650, 1.310546, -5.843128
0.201795, 1.490126, -5.660115
0.762970, 1.981257, -5.375157
0.266243, 1.784496, -5.677768
1.612126, 0.236372, -5.626357
1.778581, 0.106263, -6.142594
2.131083, 0.230539, -5.784686
1.699379, 0.367954, -5.983042
1.981663, 0.372655, -6.231238
0.091095, -1.351088, -6.141881
1.306381, -0.081170, -6.214611
2.253530, 0.086846, -5.987004
0.708607, 0.789918, -5.940724
0.024656, -0.173825, -4.466527
-0.214429, 0.180521, -5.669582
0.842471, 1.006094, -6.081571
-0.336362, -0.188260, -5.754531
-0.183063, -0.288853, -5.799168
0.291461, 0.452089, -4.738950
-0.092327, 0.366043, -5.869002
0.004067, 0.301755, -4.940948
-0.181370, 0.065161, -5.370773
0.027152, 0.856783, -6.224434
0.041987, -0.002128, -4.798220
0.032866, 0.318797, -4.799387
-0.110371, 0.388270, -5.237512
0.239977, 0.641123, -6.071207
0.020563, 0.259640, -4.628865
0.201714, -0.437929, -4.846529
0.163902, -0.651721, -4.897843
-0.061471, -0.306920, -5.262928
0.103211, -0.446716, -4.676167
-0.244959, -0.099674, -4.774202
-0.550019, 0.173960, -6.270500
0.570772, -1.280537, -5.855694
0.500181, -1.208175, -4.748581
-0.033786, 0.665143, -4.701969
-0.261033, 0.443406, -4.735861
0.125089, -0.434034, -4.028752
0.180978, 0.697139, -5.832362
0.320704, 0.502407, -5.488160
-0.090067, -0.038168, -4.340212
-0.326438, 0.605437, -4.765990
0.321781, 0.512438, -5.422673
0.817900, -1.166461, -6.145400
1.317817, -1.636555, -5.782768
1.160282, -1.567391, -6.086175
0.775406, -0.141009, -6.097636
1.126732, -1.477818, -5.785104
0.109497, -0.847070, -5.069421
1.180094, -1.319409, -6.124218
0.694894, -0.184754, -5.519271
-0.274058, 0.391176, -4.647135
-0.267578, 0.568706, -4.809453
0.039806, 0.160458, -5.149096
-0.104814, -0.262168, -6.209825
0.000630, 0.511481, -4.608048
0.244110, 0.794725, -5.162571
0.033537, 0.455587, -4.888823
-0.286827, 0.674496, -4.762925
-0.529758, 0.261329, -5.998631
1.291727, -1.523265, -5.691029
0.700078, -0.729837, -5.996035
0.945240, -1.245297, -6.129571
0.985919, -1.864814, -5.988934
0.507979, -1.680903, -5.905176
0.399891, -0.320916, -5.120667
0.596176, -0.569938, -4.797298
-0.222975, 0.107925, -5.125089
0.895851, -0.893353, -5.522017
0.097258, 0.740612, -5.676048
-0.262415, 0.133233, -4.786374
-0.203560, -0.003152, -5.320127
-0.150950, -0.008518, -3.658248
0.353789, 0.571494, -5.278191
-0.380342, 0.589833, -4.789011
0.794803, -1.156457, -6.183735
1.048476, -1.313201, -6.115046
0.933117, -0.700415, -6.180717
0.719287, -1.112121, -5.828371
0.797384, 0.366365, -5.717497
1.577543, -0.647259, -6.201609
1.232913, 0.536496, -5.877785
1.549501, -1.865099, -5.993907
0.128037, 2.100845, -5.844535
-0.370268, 1.000536, -6.136421
-0.580229, 1.706576, -6.178619
-0.306922, 1.034402, -5.981451
0.232387, 1.601685, -5.970818
0.268854, 1.097387, -5.934364
0.165529, 0.926878, -5.133094
-0.188668, 0.786067, -4.751592
0.782167, -2.039122, -6.263927
0.286623, -1.836835, -5.213614
0.839700, -0.207381, -5.396958
0.301916, -0.763850, -5.495086
0.571820, -1.459108, -5.989080
0.238620, -0.122337, -5.936351
0.761340, -1.565138, -5.743291
0.544400, -1.927547, -5.824481
-0.089316, 0.544316, -6.005117
-0.080789, 0.831228, -5.941757
-0.301318, 0.939304, -5.937083
-0.127638, 0.781214, -4.755151
-0.149929, 0.336274, -4.619383
-0.047002, 1.044834, -6.291965
-0.111232, 0.690523, -4.673369
0.252750, 1.327407, -5.324589
0.178242, 0.049590, -4.317860
0.743837, -0.198868, -6.246045
0.024375, -0.462270, -4.797087
0.744381, -0.105687, -5.349830
1.535387, 0.291312, -5.962257
1.214848, 0.126772, -5.903856
0.582872, -0.280567, -4.686782
0.337260, -0.140700, -4.034317
0.144216, 0.762213, -5.653266
-0.069474, 0.828303, -5.776564
-0.015047, 0.389340, -5.401247
0.066975, 0.053510, -4.701568
0.137228, 0.432790, -4.735270
-0.061974, 0.723671, -4.648669
-0.212549, 0.482915, -4.686260
0.267299, 0.380920, -4.931435
0.507273, -0.466120, -5.017673
0.224623, -0.654657, -5.433037
2.285664, -1.720044, -5.986288
0.718536, -0.797022, -6.017475
0.833905, -0.234971, -5.484466
2.306860, -1.718289, -5.984271
0.732781, 0.132259, -5.843660
0.694437, -0.453281, -5.196218
1.375746, 0.091095, -4.760317
0.976881, 0.439235, -5.958885
1.326088, 0.855877, -6.223627
0.593160, 0.353956, -5.630929
0.679117, 0.423401, -4.431769
0.752425, 0.260157, -5.543566
0.424403, -0.156165, -4.414141
0.930425, -0.296237, -5.286298
-0.010022, 1.149919, -5.856498
0.034544, 0.898257, -5.644659
0.346009, 0.986810, -5.585693
-0.079029, 1.091177, -6.203400
0.223252, 0.979026, -5.903300
0.314718, 1.142495, -5.721816
0.310399, 1.325608, -5.984344
-0.150791, 1.050492, -4.947964
0.480982, -0.899456, -6.107861
0.055479, -0.306560, -4.433963
0.871500, 0.140495, -5.883663
1.518559, -1.715235, -6.093716
0.180666, -1.771262, -4.961167
-0.401539, 0.445878, -5.742195
0.674258, -0.481209, -5.061828
1.064337, -1.464394, -5.893464
2.188552, 1.693929, -5.919644
1.332072, 2.109142, -5.977944
1.044459, 1.523570, -5.970048
2.306676, 0.121159, -3.326220
1.685090, 1.815772, -6.052961
1.927911, 1.851267, -6.058679
1.626118, -0.126805, -2.145110
-0.384154, 0.786335, -6.026242
-0.677329, -0.611296, -6.123162
-1.537900, 0.038223, -4.943833
-1.530723, -2.033973, -1.807330
-2.006393, -1.860685, -3.679371
-1.881180, 0.216988, -5.308438
-1.400415, 0.519927, -5.733377
-1.721825, -2.011645, -1.938508
-0.071495, -1.191399, -5.914002
-0.112725, 0.829063, -5.881203
0.087735, 0.577226, -5.666860
-0.093638, 1.081066, -5.916875
-0.100365, 1.111339, -5.964885
0.046023, 0.453222, -4.685106
0.317605, 0.919215, -6.229084
0.212547, 1.393845, -5.407799
0.240322, 0.847966, -6.104039
0.137125, -0.334564, -4.959802
0.350392, -0.620897, -4.953834
0.690575, -1.504098, -5.840253
-0.414934, -0.268840, -6.014466
0.658801, -1.219282, -4.678984
0.230565, -0.786686, -4.672912
0.494341, -1.273030, -4.751121
0.354464, -1.414529, -4.695670
-0.226373, 0.841335, -5.881272
0.224248, 1.213589, -6.170849
0.184219, 1.066717, -5.018876
-0.058962, 0.676838, -5.769671
0.135722, 1.029184, -5.033045
-0.117076, 1.079148, -6.126407
0.146552, 0.324445, -4.543701
0.087073, 0.241236, -4.712734
1.153343, 0.229903, -6.071180
1.802212, 0.417161, -6.030287
1.130033, 0.028760, -5.282329
0.137584, -0.076524, -4.176404
0.673683, 0.063899, -5.512794
0.487276, -0.267477, -4.577086
2.080558, 0.246813, -6.238470
0.480068, -0.502386, -4.289941
0.636578, 0.652978, -4.533430
1.182543, 0.370423, -6.213300
0.941824, 0.367147, -5.329498
1.008659, -0.364938, -5.384024
0.839319, 0.322088, -5.694628
1.568875, -0.111619, -5.194057
1.317726, 0.461056, -5.973651
1.050628, 0.416399, -5.442107
1.671761, 2.143494, -4.384027
0.984360, 1.419446, -5.842117
1.735937, 0.041663, -5.000510
1.303664, 1.455752, -6.133961
0.918186, 1.841369, -5.788117
1.087264, 1.153948, -5.851478
0.708438, 1.371820, -5.926298
0.385861, -0.027022, -5.111347
0.093746, -0.389535, -5.930608
-0.851736, 0.005864, -5.566481
-1.985250, 0.183620, -6.276730
-1.601210, -1.881970, -4.792423
-1.948745, -0.033496, -4.975192
-1.584168, 0.245150, -5.803137
0.853475, -0.492764, -5.281096
-1.713971, 0.433928, -5.799724
-0.080758, -0.181939, -3.830183
0.213456, 0.421255, -5.113273
-0.240507, 0.311774, -4.394504
0.067687, 0.682755, -5.127487
0.260631, 0.227342, -4.955166
0.171328, 0.558008, -5.253926
0.233215, 0.903852, -6.011472
0.233398, 0.886516, -6.232029
-0.467136, 0.269611, -6.229630
0.516119, -1.543239, -5.674087
0.574192, -0.908614, -4.555730
0.064083, -1.827046, -4.629694
0.338881, -0.863837, -5.163362
0.573183, -1.655131, -5.685490
0.375538, -0.939169, -4.596919
0.420639, -0.935224, -5.543293
0.752886, 0.754799, -4.617524
2.138926, 0.900107, -6.123363
1.460753, 0.811527, -6.125020
0.916868, 0.785937, -5.995494
0.685026, 0.535744, -5.591557
0.994589, 0.586963, -5.561286
0.334237, -0.009638, -5.130943
1.204052, 0.770993, -6.121344
0.058750, 0.577326, -5.218515
-0.070851, 0.529683, -5.555824
0.113163, 0.529044, -5.419822
-0.248074, 0.544343, -5.690037
0.107110, 0.669530, -5.929556
0.136418, 0.700409, -5.962708
-0.054468, 0.004586, -4.497260
0.225317, 0.642511, -5.947900
0.187589, -0.967619, -4.761797
0.501259, -0.576820, -4.349853
0.148418, -0.747901, -5.274413
0.295015, -0.800678, -4.639513
0.120095, -0.487408, -4.655217
-0.041997, -0.074515, -6.263877
0.504550, -0.958620, -4.591682
0.097658, -0.746945, -4.666070
0.149928, 1.763099, -6.120111
0.556851, 1.728014, -6.014214
-0.062179, 1.502017, -6.092525
0.070166, 1.399020, -5.936938
0.194248, 1.468134, -5.896189
0.723983, 1.551909, -6.020433
0.140102, 1.815381, -6.145684
0.208191, 1.794178, -5.718513
1.813187, -0.078524, -5.928745
1.466502, 0.174008, -6.216415
1.419302, 0.109584, -5.974009
2.208822, -0.121667, -6.071332
1.841287, -0.111817, -5.813447
1.878686, -0.121934, -6.216380
2.158521, 0.355914, -5.849693
2.046403, 0.046229, -6.153579
1.644905, 0.650349, -5.352397
1.147560, 0.650048, -6.137676
1.672987, 0.082298, -4.981942
0.511636, 0.456671, -5.605316
1.730184, 0.670757, -6.142231
1.805037, 0.005928, -5.090303
1.811749, 0.367810, -5.249480
1.136541, 0.132935, -4.911177
0.582726, 0.512447, -5.635512
0.678167, 0.592077, -5.312701
1.404581, 1.650316, -6.244001
0.226850, 0.082609, -5.298664
0.215824, 0.035419, -5.184679
0.894328, 0.911099, -5.569956
0.880093, 0.484039, -5.222554
1.264111, 1.658069, -6.146842
1.151979, 0.970170, -6.153833
-0.101801, -0.078762, -5.758169
-0.183235, -0.188494, -6.122205
-0.053934, -0.145710, -4.992759
0.604224, 0.063399, -4.776810
1.040196, 1.165613, -6.161019
1.427470, 1.203182, -6.272908
-0.393578, -0.187413, -5.174173
1.519222, 1.435842, -6.187646
0.974739, 1.389440, -5.976103
0.930825, -0.112437, -5.254354
1.162448, 0.072681, -5.224462
0.595932, 0.836605, -5.266128
0.920425, 0.741097, -5.489794
1.072825, 0.093894, -5.345133
0.540407, 0.608584, -4.444731
1.975293, 0.000961, -6.055156
2.158211, -0.114384, -5.838763
1.709043, 0.148826, -5.996809
1.687710, 0.115944, -6.145795
2.125093, -0.524670, -6.204296
2.272274, -0.626453, -6.169203
1.771216, 0.158962, -6.072984
2.170622, -0.022378, -5.872565
-1.185077, 2.031672, -6.091451
-0.680149, 2.022420, -6.014211
-1.194542, 2.249186, -6.204003
-0.017261, 1.099417, -6.272287
-0.629479, 1.975231, -6.087490
-1.187674, 2.305012, -5.980449
-0.208999, 1.850773, -6.101951
-0.517795, 1.565739, -5.990247
1.941218, 0.023386, -5.972336
2.236183, -0.020809, -6.191579
1.562537, 0.547405, -6.090039
1.149766, -0.041911, -6.013708
1.442443, -0.013517, -6.168674
1.444892, 0.121871, -6.217571
1.782499, 0.399163, -6.189232
1.343333, 0.345649, -6.238002
-1.796252, 2.219995, -4.945331
-1.739619, 2.183388, -5.257734
-1.201683, 1.806100, -6.093101
-1.944561, 1.189007, -6.048975
-1.594893, 2.074127, -4.707608
-1.014630, 1.351397, -6.192420
-0.689885, 1.964866, -6.171085
0.141804, 1.141932, -5.685892
1.559490, 0.292500, -6.024179
1.614789, 0.285625, -5.852211
1.514827, 0.212883, -5.799344
2.027752, 0.551573, -5.849169
2.183170, -0.663744, -6.200929
2.196405, -0.820542, -6.236463
1.678423, 0.318698, -6.034239
2.118265, 0.033916, -6.065911
-0.324641, 1.572027, -6.217100
-0.715947, 1.914096, -6.163411
-0.819880, 0.167310, -6.151004
-0.554416, 1.498522, -6.032642
-0.722667, 2.066618, -6.006497
-0.339847, 1.807532, -6.117393
-0.256889, 2.101739, -5.865687
-0.972135, 1.087019, -6.136262
1.732237, -1.652083, -5.715261
2.215039, -1.953899, -4.449371
1.756452, 0.238481, -5.988547
1.629973, 0.141747, -6.180181
-1.055955, -1.183887, -2.620978
2.228058, -0.178319, -5.808052
-0.549142, 2.310678, -2.845301
2.320256, -1.889273, -4.760061
-0.279681, 2.235020, -6.221302
-0.689190, 2.035884, -6.007884
1.280746, 2.339786, -4.486419
0.427386, 1.801440, -6.057662
-0.066617, 2.072624, -5.966641
0.039370, 2.115297, -6.216665
-0.372372, 1.967471, -6.191834
-0.187429, 1.884944, -6.222839
1.177462, -0.043427, -6.042463
2.062088, 0.347305, -5.616984
1.966915, -0.064450, -6.175371
2.164102, 0.065703, -6.128465
1.304618, 0.204215, -6.172060
1.079226, 0.387873, -6.177308
1.703208, 0.417369, -6.279907
1.586271, 0.282416, -6.217389
-1.923990, 2.296894, -4.180696
-1.815808, 1.689543, -3.987713
-1.478453, 1.818252, -6.128263
-0.431142, 0.016697, -4.802704
-1.577269, 2.209892, -5.899084
-0.660043, 1.338736, -6.041315
-1.601150, 1.905897, -6.113516
-0.377413, 1.914506, -6.024783
0.739692, -0.520570, -6.176292
0.627289, -0.492910, -5.598521
0.692482, -0.038062, -5.450383
0.478758, -0.242637, -5.408918
0.965628, 0.110296, -5.924715
1.237536, 0.135978, -5.716858
1.643174, -0.271144, -6.122193
1.517630, 0.314238, -6.064866
-1.478892, 1.482821, -3.532363
-1.481632, 1.492631, -3.554505
-1.740345, 2.195680, -5.234776
-1.695795, 1.961766, -4.148827
-1.734876, 2.038765, -5.874033
-1.498425, 1.481649, -3.559853
-1.502269, 2.136949, -6.055854
-1.601691, 2.050138, -4.537952
0.357380, 2.017681, -5.734929
0.104421, 2.044728, -6.235250
0.407142, 2.014893, -5.696700
-0.024978, 2.191547, -6.228683
2.215442, 2.329941, -5.529220
0.819765, 1.905909, -5.651966
-0.784350, 2.273060, -5.910100
-0.301260, 1.714379, -6.156447
0.723133, -0.481266, -5.956455
0.596226, -0.531855, -5.783106
1.027191, 0.400836, -5.574117
0.725129, 0.061081, -5.953974
1.747012, -0.012584, -5.801636
1.083802, 0.248077, -6.224210
1.198007, 0.337414, -6.192375
1.074038, -0.410292, -6.108431
-1.664247, 1.542625, -3.484330
-1.716384, 1.585954, -2.753953
-1.660570, 1.696565, -3.738225
-1.671736, 2.112207, -4.463041
-1.675660, 1.621845, -3.404391
-1.757872, 1.791794, -3.457061
-1.708441, 2.026246, -5.565550
-1.368357, 1.854659, -6.124898
2.213729, -0.079570, -5.809179
1.405190, 0.416758, -5.527763
1.919693, 0.070353, -6.092199
1.994383, 0.157801, -6.241368
1.337407, 0.285092, -5.673868
1.775756, 0.151959, -6.166187
1.837656, 0.311796, -6.299955
1.655239, 0.223723, -6.262857
-0.676257, 1.380942, -6.077093
-1.519157, 0.996326, -5.896650
-1.669104, 1.478540, -5.709706
-0.525326, -0.207382, -6.262786
-1.684023, 1.877995, -6.227305
-0.617272, 1.989175, -6.035568
-0.208828, -0.314473, -5.575065
-0.526420, 0.110567, -6.244068
0.821713, 1.919773, -5.667338
0.245929, 1.528492, -5.792392
-0.275097, 2.030748, -6.259186
0.544024, 2.120858, -6.195413
0.925513, 2.185405, -5.802068
0.903188, 2.084920, -5.772866
-0.006191, 1.028681, -5.027241
0.230000, 1.767911, -5.808812
0.917206, -1.271104, -6.055419
2.037784, -0.663187, -6.160925
1.001899, 0.163876, -6.113395
0.855350, 0.257846, -5.469213
0.875987, -1.397895, -5.994720
0.309211, -0.074067, -5.664429
0.195186, 0.285461, -3.656543
0.194664, 0.180762, -4.181182
-1.599557, 1.043549, -2.089090
-1.888862, 1.486458, -2.689850
-1.842485, 1.542765, -2.580605
-1.789495, 1.561139, -2.407398
-1.839715, 1.092429, -2.205661
-1.842953, 1.451836, -2.254566
-1.519968, -0.071020, -3.298848
-1.718062, 1.401200, -2.950735
0.310073, -1.941522, -5.481215
-0.676107, -0.296740, -5.297390
-1.264279, -0.281170, -5.640600
-1.804523, 0.040552, -5.778500
0.333109, -1.715600, -5.663500
-1.979020, 0.282441, -5.691144
-1.972553, 0.129347, -5.971774
-1.756588, -0.059061, -5.780147
0.900263, 2.218575, -6.012518
-0.126663, 2.120231, -6.196004
0.529478, 1.267655, -6.220138
0.983413, 2.204300, -5.957947
1.526738, 1.958768, -5.700579
2.200744, 2.318682, -5.795731
1.674456, 1.922910, -5.725918
0.498838, 1.874695, -5.315380
0.351955, -1.480883, -5.935756
-0.574593, -0.344771, -5.218410
-1.425677, 0.038441, -5.839181
-1.829407, -0.141163, -5.826182
0.331243, -1.315742, -5.478083
-1.468980, 0.035479, -5.594048
-1.654335, -0.083146, -5.823088
-1.639911, -0.143034, -5.946410
2.313353, 2.051844, -4.821591
2.313904, 2.340746, -4.631952
0.077772, 1.075628, -2.481274
0.774607, 1.302473, -5.940727
1.677075, 1.550860, -5.189528
1.948283, 1.449618, -5.462397
2.286316, 1.898454, -4.068126
0.867201, 0.175831, -5.383726
1.946508, 0.557281, -6.219710
2.032883, 0.577237, -5.977985
2.097226, 0.247141, -5.728679
2.077964, 0.049226, -5.936357
1.757709, 0.526249, -6.225364
2.271203, 0.664776, -6.182870
1.739611, 0.027877, -5.917019
1.745385, 0.044531, -6.051487
0.332781, 1.596584, -5.570998
0.352555, 1.905754, -5.976810
0.152301, 1.736216, -5.220730
0.135322, 2.203610, -5.872222
0.362985, 1.804263, -6.020842
0.560531, 1.892322, -6.204445
0.383576, 2.123113, -6.043233
0.478911, 0.758921, -4.908549
-1.830432, 0.099361, -5.258411
-1.732682, -0.466594, -6.217122
-1.940833, -0.972570, -6.113679
-1.218959, -0.198394, -5.750428
-1.647673, 0.081557, -5.459279
-1.946397, -0.221300, -6.197008
-1.689130, 0.069575, -5.406702
-1.132863, -0.254772, -5.690719
1.385934, 2.026734, -5.662065
2.130376, 1.177521, -6.021490
0.862427, 1.702338, -6.186901
1.099149, 1.759380, -5.865126
2.187604, 1.534373, -5.675139
1.771614, 0.878889, -6.183391
0.934839, 1.216381, -6.204517
1.053807, 0.430593, -5.157525
0.446415, 1.645269, -6.110429
0.221884, 1.872368, -5.685618
0.554259, 1.833249, -6.219988
0.275675, -0.006412, -4.771180
0.490677, 1.864093, -5.702065
0.503232, 1.826530, -5.777406
0.742014, 1.578365, -6.200410
0.191040, -0.700848, -4.580628
-1.615651, 0.077870, -5.595422
-1.839018, 0.054050, -5.736314
-1.599238, -0.015807, -6.038273
-1.729213, -0.274605, -6.112776
-1.962181, 0.302822, -5.806718
-1.059118, -0.102508, -5.672080
-1.630842, 0.695436, -6.166993
-1.621588, -0.120091, -5.819291
1.841439, 0.216736, -6.291785
1.977079, 0.584962, -5.739586
2.209757, 1.047636, -6.242560
2.278234, 0.875777, -6.034616
2.267902, 1.027587, -6.231346
2.259023, 1.381540, -6.032004
2.099845, 2.097544, -6.108801
2.265480, 1.427828, -6.223270
0.386567, 2.138895, -6.155915
0.294812, 1.901093, -5.814659
0.426471, 2.124374, -5.603669
0.362382, 1.701486, -5.801552
1.920553, 2.012954, -6.020991
1.526372, 2.028115, -5.740268
1.050786, 1.480685, -5.976492
0.411606, 0.562965, -5.664978
-1.639700, -0.087137, -5.868250
-0.915793, -0.156523, -5.431263
-1.390723, -0.042445, -5.339150
-1.028630, -0.186072, -5.608177
-1.651453, -0.743149, -6.164521
-0.403833, -0.323015, -4.478885
-1.180033, -0.089989, -5.429670
-0.729805, -0.312101, -5.901801
0.087933, -1.179812, -5.428539
-0.168330, -0.810584, -5.240598
-0.298518, -1.176249, -5.810535
-0.045692, -1.012055, -5.345726
-1.494707, 0.084461, -5.173913
-1.882939, 0.068853, -6.017960
-0.114662, -0.893848, -5.421309
-0.430237, -0.462694, -5.073216
2.201518, 2.283094, -4.422040
1.662302, 1.848663, -5.048094
0.690553, 1.778397, -6.141018
1.426061, 0.389320, -5.928688
2.261081, 1.972317, -4.366280
2.280814, 2.237851, -4.362756
1.054236, 0.897196, -5.770307
2.303243, 2.287095, -4.313236
-1.986186, 0.121397, -5.865049
-1.422135, -0.451203, -6.124290
-1.342068, -0.059478, -5.566220
-0.160481, -0.321802, -5.231330
-0.901514, 0.088719, -5.698315
-0.796210, -0.125973, -5.804576
-1.278107, -0.086837, -5.534750
-0.835962, -0.304542, -5.820401
0.689771, 1.386047, -5.562912
0.652342, 2.247759, -6.237936
0.135763, 1.964034, -5.620786
0.408477, 0.218550, -5.196895
1.030734, 1.950975, -6.030629
0.477885, 1.889440, -5.303247
1.258983, 0.927989, -5.915067
0.592633, 0.219160, -5.480977
-1.578272, -0.209106, -6.082655
-1.784977, -0.531665, -6.176816
-1.040032, -0.081017, -5.534240
-1.991142, 0.029719, -5.079212
-0.684461, -0.372090, -4.933699
-0.353472, -0.439371, -4.547893
-1.964872, 0.081334, -5.223567
-1.251746, -0.427267, -6.082186
2.085102, 2.220380, -6.012611
2.272531, 0.865645, -6.131262
2.061760, 2.236425, -6.096809
1.569378, 1.746160, -5.922129
-1.685316, 0.753646, -2.481119
2.169145, 1.271788, -6.225000
2.051152, 0.674532, -6.190752
2.237565, 0.145743, -5.834700
0.934261, 0.110572, -4.999796
0.759868, 2.201286, -6.219544
1.742528, 0.338533, -4.836884
0.940588, 1.151519, -5.980838
1.829973, 0.660487, -5.756865
1.085068, 0.927608, -5.892119
0.879388, 1.086148, -5.879416
0.822395, 0.966197, -6.224115
-0.896475, -0.127083, -5.338611
-0.825207, -0.138552, -5.390617
-1.086342, -0.238409, -5.737153
-1.566468, -0.230297, -6.070241
-0.854372, -0.061252, -4.994436
0.219760, -0.415142, -4.281769
-0.764100, -0.362042, -6.020533
-0.113467, -0.384017, -5.191599
0.253983, -1.667550, -5.308448
-0.004793, -0.318374, -6.160647
0.027702, -1.072923, -5.155773
0.339795, -1.888552, -5.671053
-1.895212, 0.052469, -5.475234
-1.670912, -0.118556, -5.614651
-0.684403, -0.147741, -5.127995
-0.426230, -0.517168, -5.207963
1.350626, 1.196727, -6.184999
1.293628, 0.904751, -6.004574
1.225109, 1.297510, -6.008933
0.977027, 2.144502, -5.740215
1.663793, 2.018696, -4.821301
1.216996, 1.683056, -5.884262
1.774732, 2.300531, -6.161598
1.425450, 1.202703, -6.088178
0.462569, -0.206948, -3.954004
0.574042, -0.272256, -4.231763
-0.386909, -0.243259, -5.815769
-0.287168, -0.354400, -4.689322
-0.316257, -0.502190, -4.648806
-1.417681, -0.398360, -5.834238
-0.254290, -0.516368, -4.477405
0.474356, -0.148453, -4.004204
-1.050625, -0.027220, -5.562865
-0.156502, -0.930697, -5.293674
-0.654856, -0.223394, -5.198652
-0.301014, -0.654029, -5.317809
-1.356252, 0.303888, -5.130029
-1.363214, 0.348364, -5.556405
-0.972040, -0.118037, -5.467689
-1.968274, 0.279262, -5.762869
1.094284, 1.854374, -5.621385
1.099411, 1.491162, -5.856587
-0.030174, -0.092010, -5.537969
0.914653, 1.321684, -5.992812
1.947627, 1.326614, -6.129601
1.131969, 1.516605, -5.845210
1.910782, 1.363389, -6.212151
1.204458, 1.799386, -5.853861
-0.483957, -0.514254, -5.443173
0.392267, -1.724381, -5.421545
-0.969419, -0.163357, -5.898064
-0.500943, -0.330151, -5.147771
-0.721814, -0.100719, -5.074611
-1.366819, 0.000605, -5.029315
-1.427405, 0.014691, -5.571798
-0.831488, 0.025858, -5.288355
1.759826, 0.621594, -6.214417
0.966804, 1.460691, -5.856452
0.634104, 0.425391, -4.953265
0.452842, 1.238303, -5.817604
1.432969, 0.478925, -5.979875
0.807518, 0.533742, -5.346922
0.660200, 0.640511, -4.997305
1.824154, 0.338004, -6.067982
2.183400, 0.877913, -6.224190
2.098856, 0.430139, -5.803006
2.300884, 1.523599, -6.062225
2.291295, 1.461214, -6.040003
2.169611, 0.296408, -5.874536
1.919686, 0.086241, -6.173552
2.193244, 0.198029, -5.986267
2.287096, 1.099273, -6.182238
1.062753, 1.291768, -6.003911
1.198125, 0.585324, -5.530623
0.933491, -0.070510, -4.983962
0.797454, 0.092814, -5.067555
0.707607, 0.683277, -5.044017
0.345346, 0.757633, -4.894292
1.716059, 1.319293, -6.191936
1.752805, 2.309902, -5.854922
-1.454422, -0.930324, -6.196264
-1.426508, -0.636068, -6.068661
-1.904619, -1.110124, -6.073573
-1.230512, -0.446208, -6.158894
-1.360653, -0.741964, -6.207155
-0.783295, -0.502287, -5.993113
-0.855666, -0.470139, -6.247996
-0.944424, -0.388102, -6.155595
-1.807641, -0.139766, -5.023375
-0.854513, 0.044398, -4.860381
-0.300858, -1.352150, -5.879393
-0.094875, -1.454083, -5.839287
-0.870041, 0.518604, -4.731862
-1.776947, 0.029660, -6.222687
-1.899940, 0.065198, -5.204226
-2.008408, 0.201825, -5.648329
0.974756, 1.747823, -6.057140
0.867669, 1.680724, -6.030252
0.813853, 1.305794, -5.918820
0.749312, 1.638156, -5.836307
1.957736, 0.568787, -5.677912
1.058149, 0.360276, -5.132268
1.946259, 0.691146, -6.218979
0.794359, 1.435049, -5.846440
-1.431614, -0.611931, -6.221942
-1.374875, -0.605045, -6.204141
-0.665103, -0.245729, -6.107634
-0.247130, -0.444030, -4.614034
-1.516570, -0.922617, -6.226718
-1.705376, -0.888575, -6.065972
-1.100775, -0.373196, -6.036205
-1.140584, -0.388755, -5.785463
-1.794409, -1.690318, -6.169384
-1.658782, -1.273714, -6.215114
-1.903376, -1.184297, -6.088910
-0.809247, -0.205983, -5.634176
-1.536525, -1.534155, -6.200975
-1.521620, -1.261959, -6.233775
-1.649531, -0.823117, -6.171983
-0.983380, -0.354381, -5.839690
0.324735, -0.693972, -4.322499
0.664241, -1.123935, -4.682435
0.651684, -1.723745, -5.869643
0.598861, -1.846766, -5.894721
0.925312, -0.613603, -4.720253
0.940617, -0.645619, -5.000579
0.661075, -1.744909, -5.839409
0.523123, -1.328661, -6.021055
-0.082509, 0.529587, -5.037514
-1.371506, 1.121700, -6.247430
0.164400, 0.987447, -5.439427
-1.685675, 0.138676, -5.577383
-0.575587, 1.753940, -6.213949
-0.734417, 0.309908, -5.505385
-0.590420, 0.487982, -5.289217
-0.087436, 0.793088, -5.396450
-1.782373, 1.846233, -3.408081
-1.750290, 1.747501, -4.025718
-0.887279, 1.851968, -6.054459
-1.702777, 1.820054, -3.320688
-1.567813, 2.250312, -5.700084
-1.287560, 1.789296, -3.592018
-1.260338, 0.324477, -5.671301
-0.507704, 0.168953, -5.702832
-0.044257, -1.012753, -5.117720
-1.981120, 0.254974, -5.032360
-0.827390, -0.469519, -5.732316
-0.492909, -0.307702, -5.426562
0.246545, -1.816618, -5.332781
-1.829800, -0.787097, -6.029822
-0.214182, -0.835565, -5.288313
-1.953757, 0.352166, -6.221776
0.724108, 0.240585, -5.069474
1.079310, -0.148252, -5.356292
1.181402, -0.200917, -5.148242
1.664180, -0.053067, -4.849391
1.606368, -0.500405, -5.390284
0.655187, 0.031731, -4.973476
0.559044, 0.305245, -5.517804
2.087455, 0.331235, -6.087973
-0.673965, 1.593018, -2.868098
-0.738015, 2.086457, -2.595392
-0.282118, 0.730287, -3.880649
-1.745426, 1.711850, -3.456878
-1.698945, 1.436166, -3.056505
-1.664702, 1.528619, -3.474251
-1.812336, 1.913015, -3.575855
-1.830552, 1.893648, -3.407230
2.088742, 0.077384, -5.981669
1.908727, 0.623482, -5.575467
2.106537, 0.312981, -5.702228
2.093907, 0.328807, -5.736099
-1.942662, 0.709567, -5.045208
2.065852, 0.366129, -5.938698
2.212906, 0.498915, -6.075940
0.345228, 0.349458, -5.746326
1.281256, 0.468812, -5.105685
1.389403, 2.197435, -5.932575
1.027698, 0.621276, -5.667073
0.590972, 0.897147, -5.522694
0.854731, 0.056223, -5.201120
1.952154, 0.052471, -5.641319
0.747037, 0.178408, -4.927169
0.830376, 0.351790, -5.130782
0.201483, -1.483337, -5.210736
0.279650, -1.484618, -6.089564
-0.195406, -1.157127, -5.095385
0.262800, -1.479429, -4.726727
-1.614870, 0.024303, -5.354341
0.147031, -1.296575, -5.335581
-0.947181, -0.147419, -5.369861
-0.715804, -0.358816, -5.468723
1.034029, 0.093897, -5.375280
0.674223, 0.055673, -4.760190
1.209260, -0.307967, -5.126945
0.616144, 0.014102, -5.026662
1.229516, -0.132299, -5.400181
0.646120, 0.050280, -4.853641
0.967642, -0.012136, -4.789030
0.680647, 0.199260, -4.728524
0.394176, -1.119834, -6.027390
0.691146, -0.736712, -4.699846
0.676550, -0.500248, -4.357584
0.665672, -1.758785, -5.609590
0.727524, -1.815809, -5.982717
0.746987, -1.837532, -6.249814
0.795709, -2.018806, -6.295342
0.649037, -1.887788, -5.855595
-0.889784, 0.654914, -5.481142
-1.495113, 0.699944, -5.767920
-1.630454, 2.151107, -5.549668
-1.707295, 1.968164, -3.807412
-1.678000, 1.751558, -3.527019
-1.593741, 2.032273, -4.676280
-1.673520, 1.551585, -3.376334
-1.810082, 2.013890, -3.377275
-0.264280, -1.000169, -5.077839
-0.397500, -0.493072, -5.279898
-0.083832, -1.291718, -5.060809
-1.528113, -0.117081, -5.505787
-1.742232, 0.234688, -5.680448
-1.847484, 0.249216, -5.402015
-0.608294, -0.510249, -5.389296
-1.687634, 0.029827, -6.004714
0.123738, -0.323665, -4.600445
-0.023504, -0.266139, -4.730628
1.195424, -0.216040, -5.451859
0.779238, -0.067608, -5.096490
0.870991, 0.345379, -5.099766
1.437678, 0.848620, -6.182083
0.701999, 0.344066, -5.116483
0.964839, 0.065563, -5.041925
0.128589, -1.119943, -5.215452
0.291526, -1.666385, -5.339308
0.338638, -1.541425, -5.430930
0.273326, -1.979701, -5.491949
0.319893, -1.854575, -5.338166
-0.032025, -1.255646, -5.118504
-1.812935, 0.133967, -5.585876
-1.557347, -0.070909, -5.607661
0.489737, 0.035039, -4.842433
0.915195, 0.037729, -4.668784
1.124869, -0.112915, -5.328482
0.763143, -0.051168, -5.247521
0.648980, 0.042591, -4.792554
0.188952, -0.331780, -4.536368
0.647300, 0.036600, -4.897432
0.327506, -0.158913, -4.728838
0.203959, -1.244141, -5.168659
-0.088963, -0.912419, -5.154242
-0.872514, -0.083073, -5.205122
-1.968001, -1.031165, -5.788646
-0.191254, -0.882549, -5.355544
-1.950056, -0.107898, -6.241443
-1.461946, -0.119398, -5.558434
-1.950236, -0.862800, -6.135623
0.788355, 0.580240, -5.359356
-0.389349, -0.370550, -4.587144
0.622746, 0.395209, -5.180442
-0.191850, 0.119992, -5.480607
-0.489751, -0.531420, -4.606639
0.411256, -0.318331, -4.901713
1.109187, 1.598738, -6.125291
0.146922, 0.172136, -5.494230
1.934490, 0.582570, -5.541137
1.843964, 0.650832, -5.524171
2.074717, 0.786987, -5.848310
2.233708, 0.909017, -6.233370
2.197114, 0.167497, -6.145861
1.968061, 0.600566, -5.653008
2.167912, 0.007395, -6.015770
1.943901, 0.665194, -5.658304
0.917177, 1.897577, -5.998428
1.941746, 0.370871, -5.444514
1.009358, 0.029754, -5.095602
1.066187, 0.696038, -6.139787
0.633814, 0.012675, -4.870374
0.829038, 0.126283, -5.127075
0.783582, 0.381995, -5.111499
1.427780, 0.268633, -4.975266
2.204023, 0.877005, -6.236810
2.044348, 0.378701, -5.805963
1.879221, 0.744255, -5.700027
1.985830, 0.911695, -6.278615
2.041952, 0.136755, -5.934709
1.868373, 0.650302, -5.553762
1.899831, 0.730974, -5.675944
2.018348, 0.484771, -5.620262
0.275020, 0.779357, -4.828703
0.393501, 0.719086, -4.891740
0.302137, 0.769493, -4.913497
0.330029, 0.750110, -4.880488
1.743576, 0.270801, -4.804934
0.721148, 1.786960, -6.119615
1.604466, 0.618643, -5.643699
1.047455, 1.985047, -6.158205
0.645422, -1.606927, -5.956427
0.868435, -0.718347, -4.677163
0.390185, -0.817213, -6.080317
0.268159, -0.580944, -4.564374
0.620085, -1.742806, -5.776421
0.551733, -1.465381, -5.240727
0.813099, -1.848939, -6.073321
0.751466, -1.653794, -6.120829
-0.543381, -0.113449, -5.797312
-0.105885, -0.525669, -5.398744
-0.844836, 0.250472, -6.165433
-0.560392, 0.712734, -6.054664
-1.921447, 2.302263, -4.110103
-1.676153, 2.200316, -4.946138
-1.745347, 1.921370, -3.331533
-1.880085, 2.296469, -3.777946
-1.371921, -0.397347, -5.911946
-1.915311, -1.271604, -6.188570
-1.511560, -0.614714, -6.159612
-0.929156, -0.382398, -5.876608
-0.222583, -0.502051, -5.654801
-1.676619, -1.630600, -6.194080
-0.223323, -0.449416, -5.904924
-0.290681, -0.493050, -6.187887
-0.138700, -0.655926, -4.788608
-0.747206, -0.676089, -6.226433
0.534923, -1.841244, -4.645351
-0.296601, -0.674216, -5.745687
0.578676, -1.801001, -4.800079
0.179899, -0.385551, -4.077923
-0.028774, -1.446573, -4.983211
-0.719811, -0.883022, -6.231932
2.122437, 1.260481, -6.196018
1.614619, 1.518243, -6.197217
0.274983, -0.305615, -5.993062
0.804739, 0.373516, -5.100952
2.101800, 1.067394, -6.157840
0.520028, 1.497300, -5.344361
1.619473, 1.421489, -6.184910
0.600543, 1.693423, -6.119226
-0.116068, 2.044768, -5.829903
0.164232, 2.184419, -5.912931
0.144530, 2.021805, -5.757319
0.244937, 2.256069, -5.994686
0.416863, 2.261191, -6.000164
0.291482, 2.262160, -5.906085
0.370177, 2.230920, -5.851450
0.343664, 2.064247, -5.749093
0.185188, 1.971635, -5.796098
0.292243, 2.310134, -6.128260
0.196050, 1.956638, -5.656141
0.217597, 1.915376, -5.687922
0.167706, 2.284129, -5.867822
0.268956, 2.306370, -6.180113
0.492242, 2.056318, -5.989113
0.041400, 1.997963, -5.782514
0.200692, 2.095764, -5.773693
0.256137, 1.925226, -5.820567
0.272152, 1.844811, -5.713705
0.278332, 1.949484, -5.704891
0.237590, 1.969615, -5.519577
0.207885, 2.229657, -5.975646
0.242377, 2.202434, -5.918509
0.035184, 2.158042, -5.873373
-0.209239, 0.664875, -5.941563
-0.151996, 0.773147, -6.058049
-0.144459, 0.860472, -5.343435
-0.134047, 0.889701, -5.674031
0.275669, 0.461237, -5.625629
0.284851, 0.608153, -5.873717
0.217096, 1.063602, -6.222692
0.113892, 0.918263, -5.965661
0.077691, -0.754997, -5.114465
0.663888, -0.270446, -5.414059
0.383141, -0.491634, -5.191124
1.293823, -1.233534, -6.234310
0.763861, -0.202211, -6.208832
1.897677, 0.421730, -5.493464
1.559709, -0.969643, -6.237632
0.694109, -1.181490, -5.425364
0.940734, 0.488918, -4.710516
0.178385, 0.374147, -6.080244
0.256950, 0.537578, -6.252501
0.526934, 0.411147, -5.778677
0.839318, 0.531792, -4.522503
0.700762, 0.683069, -4.494378
-0.212134, -0.008101, -6.030095
0.546623, 0.644555, -4.458345
-1.949320, 1.750386, -6.058372
-1.976468, 1.177124, -6.225000
-1.665444, 1.738336, -6.154718
-1.959677, 1.452704, -6.133873
-1.642066, 1.673615, -6.197872
-2.038593, 1.356035, -5.825927
-1.998481, 1.489907, -5.713132
-1.232420, 1.390385, -6.279478
0.462587, 0.565988, -6.205186
0.298458, -0.146677, -4.195783
0.713258, 1.630880, -5.731209
0.354152, 0.300145, -5.796258
0.249927, -0.246328, -5.937955
-0.198018, -0.137960, -4.954047
0.749306, 0.599945, -5.101805
-0.576660, -0.475015, -4.433150
-1.010417, 0.689677, -5.756112
-0.607781, 2.200185, -6.230694
-0.703819, 0.573827, -5.413228
-1.225076, 0.705532, -5.518075
-0.669823, 0.809004, -5.645815
-0.252049, 1.052346, -5.617472
-0.458647, 0.503805, -5.396367
0.015557, 0.748934, -5.528664
1.020566, 0.220897, -5.184062
-0.153263, -0.154236, -5.881546
0.444814, 0.350931, -4.354174
-0.115981, -0.218604, -5.688540
-0.060897, 0.067935, -5.845388
-0.252834, -0.055820, -5.981903
0.048276, 0.202473, -6.232951
-0.173984, -0.099534, -6.011024
-1.400416, 2.216795, -6.230303
-1.190361, 2.142693, -6.283684
-0.845755, 0.786445, -5.934824
-0.620248, 2.296079, -5.949881
-0.972706, 1.609149, -6.097946
-1.298328, 1.862166, -6.177333
-1.627749, 0.798027, -5.807793
-0.107784, 0.700697, -5.432560
0.929567, 0.629502, -5.414289
0.862365, 0.645265, -5.413212
1.208313, 0.317544, -4.762354
0.082511, 0.050849, -5.899146
0.941427, 0.498616, -5.223112
2.263005, 1.536995, -6.155004
0.818314, -0.033509, -5.367735
1.237983, 0.326777, -4.778588
-1.600149, -0.150917, -6.225000
-1.976938, -0.492236, -6.192328
-1.791358, 0.322574, -5.620624
-1.963146, 0.341649, -5.723934
-1.816892, -0.422354, -6.257164
-1.957201, -0.232352, -5.873530
-1.195036, 0.841477, -5.734634
-1.943327, 1.476442, -6.154446
0.704681, 0.564636, -4.927887
0.995663, 0.462919, -5.391571
2.276763, 2.155130, -6.104090
0.431807, 0.148816, -5.588146
0.418430, 0.307156, -5.697205
0.115542, 0.095894, -5.674222
0.209143, 1.042645, -4.945314
-0.167743, 0.119539, -5.947886
-1.562665, 2.222818, -6.183380
-1.714662, 2.221516, -6.198248
-1.130866, 2.116489, -6.106914
-1.705634, 2.291804, -5.623255
-0.866211, 1.611416, -6.253360
-1.595464, 1.427011, -6.222945
-1.405167, 1.011511, -6.084402
-1.138520, 0.788386, -5.822278
-0.560779, -0.320031, -5.104841
-1.598356, 0.037591, -5.024926
0.190423, -1.301587, -5.186188
0.178549, -1.137159, -5.217817
-0.002993, -1.108616, -5.116597
-1.876805, 0.298299, -5.698544
0.355048, -1.600615, -5.471469
-0.398709, -0.663285, -5.419408
1.309103, 0.157970, -5.054331
0.744727, 0.432181, -5.052526
0.252057, 0.653572, -4.625574
0.778037, -0.067554, -5.327130
0.900543, 0.556890, -6.058552
1.441051, 0.166876, -5.051456
0.598481, 1.787401, -5.736955
0.640321, 0.017257, -5.021043
-0.046896, 0.963173, -4.757810
0.875080, 2.182343, -6.107190
-0.251398, 1.827132, -5.543743
0.307429, 1.637290, -5.119453
0.466720, 0.813939, -5.591743
1.037108, -0.079183, -5.204967
-0.219860, 1.879564, -5.586198
1.764739, 0.049505, -4.793900
-0.521629, 0.243096, -5.497295
-0.259635, 0.783068, -5.565234
-1.021947, 0.098828, -5.260825
-1.697285, 2.182575, -4.686666
0.242456, 1.348066, -5.558844
-0.213506, 0.320970, -5.373698
-1.746494, 1.841473, -2.551123
-0.517408, 0.228785, -5.606316
-1.275495, 0.684246, -5.371915
-1.449629, 0.893704, -5.512599
-0.427222, 1.121114, -6.127180
-0.139519, 1.066150, -5.790532
-1.645656, 0.922393, -5.982823
-1.511335, 1.058104, -6.230496
0.106692, 0.894493, -5.473903
-1.738233, 1.003403, -5.789750
1.924447, 0.031470, -5.161762
1.293089, 0.338822, -5.038975
0.472474, 0.231808, -5.712073
0.716159, -0.035835, -5.317874
1.824686, -0.028521, -5.231688
1.093870, 0.494047, -5.244571
2.073163, 0.408554, -5.902742
-0.335841, 0.193858, -6.141174
-1.466095, 1.551702, -5.958916
-1.295085, 1.111655, -5.735296
-1.741280, 1.828309, -6.230859
-1.812187, 1.384236, -6.101303
-1.989533, 0.607706, -6.182287
-1.837953, -0.078757, -6.008220
-1.902559, 2.163989, -6.029311
-1.689867, 1.255713, -6.224929
0.249867, 1.907904, -5.699089
0.457446, 1.747252, -6.233823
0.410906, 2.033357, -5.521530
0.683374, 1.807139, -5.651359
0.422424, 2.050401, -5.631944
0.293364, 2.232677, -6.134838
-0.228114, -0.113524, -4.220543
0.023242, 1.971312, -5.760719
0.684796, 0.076383, -5.066918
1.154304, 0.649673, -6.124772
0.753717, 0.280045, -5.208316
0.819111, 0.835443, -5.926128
1.016512, 0.755154, -5.862869
0.922828, 0.633561, -5.326338
0.717616, 0.544975, -5.419906
0.852392, 0.776675, -5.712752
-1.977118, -1.770139, -6.054375
-1.940236, -0.762187, -6.203046
-1.763703, -0.647397, -5.751517
-1.841087, -0.655427, -5.859190
-1.709869, -0.894555, -5.893476
-1.208310, -1.567029, -6.024818
-1.496090, -0.247082, -6.211431
-1.997025, -0.672629, -6.163264
1.683091, 0.141742, -5.984250
1.977554, 0.502724, -5.600691
2.065518, 0.372857, -5.589345
2.199847, 0.845552, -6.093995
2.238653, 0.361178, -6.032084
2.162357, 0.360320, -5.847870
2.187843, 0.938833, -6.151030
2.309004, 0.323271, -6.077504
1.515976, 2.153219, -5.847067
1.004990, 0.828557, -5.937403
-0.096827, 0.097096, -5.966985
1.717878, -0.097655, -5.323713
0.539099, 0.374879, -4.887052
0.858994, 0.123502, -5.063268
1.079694, 1.307404, -6.239521
1.632943, -0.581093, -5.432845
1.061450, 0.548285, -5.425977
0.112153, 1.005889, -4.909266
1.227575, 0.170091, -4.791337
1.064789, -0.047500, -4.950938
0.019482, 1.249624, -4.958260
-0.003175, 0.912593, -4.725265
-0.046355, 2.001014, -5.409304
0.502202, 1.348999, -5.603075
-1.284103, 1.147396, -6.212478
-1.099730, 1.084793, -6.204399
-1.141399, 1.300657, -6.208469
-1.729525, 2.052590, -5.885261
-0.796149, 0.488291, -5.354023
-1.423996, 1.000346, -5.515079
-0.641869, 0.149852, -5.242238
-0.080655, 0.269358, -5.303562
-0.035024, 0.546885, -5.225048
-0.853919, 0.929145, -6.207372
-0.604159, 0.185328, -5.276915
0.072174, 0.668886, -5.237428
-0.458210, 0.353959, -5.268993
-0.272190, 0.892345, -5.564644
-1.146852, 0.957781, -6.184349
-0.497269, 1.745040, -6.108388
-1.769187, 0.153977, -6.156236
-1.333483, 0.395107, -5.825800
-1.485211, 1.163893, -5.724812
-1.674593, 0.303471, -5.161487
-1.002888, 0.332934, -5.148279
-1.787230, 0.182440, -5.004420
-1.412663, 0.462665, -5.229429
-1.738065, 0.382019, -5.024930
0.388795, 2.201355, -5.735125
0.822356, 2.240032, -5.992090
-0.128424, 1.526283, -6.257185
0.479324, 2.212979, -5.966586
1.076835, 2.136547, -5.560652
0.464488, 1.664481, -5.599457
1.949113, 2.274071, -5.876418
1.452195, -0.244667, -5.349424
1.556881, 0.610732, -5.346923
1.599105, 0.669167, -5.459630
1.606262, 0.603159, -5.873860
1.581027, 0.256784, -4.990027
2.272420, 1.085910, -6.081492
1.663027, 0.509700, -5.625789
1.671970, 2.189325, -5.779609
1.793543, 0.015416, -5.088546
-1.583247, -2.026140, -6.130203
-1.461565, -1.644871, -6.153941
-1.946411, -0.706833, -6.188843
-1.774139, -0.398399, -6.185964
-1.260392, 0.111894, -6.006401
-1.537484, -1.459476, -6.067280
-1.229133, 0.259365, -6.123568
-1.145561, -0.027704, -6.048439
0.493593, -0.495639, -6.206888
0.440439, -0.406262, -5.806804
0.444328, -0.073569, -5.750307
0.555493, -0.281771, -6.024663
0.380190, -0.483830, -5.738684
0.053219, -0.262566, -5.204018
0.423462, 0.039747, -5.950275
0.367216, -0.131664, -5.644542
0.129739, 0.434690, -5.286549
0.319028, 0.743502, -5.380934
-0.135393, 0.318889, -5.545294
-0.033899, 0.093758, -4.709937
-1.344580, 0.529771, -4.938763
-0.521302, 0.169935, -4.921769
-1.894583, 0.275317, -5.072475
-0.074007, 0.295475, -5.530765
-1.843708, -0.004808, -5.998610
-1.427921, 0.435127, -5.673369
-1.549657, 1.050676, -6.222295
-1.211069, 0.713621, -6.156077
0.178220, -0.002613, -4.112207
-0.229408, -0.016385, -4.950978
-0.667965, 0.040682, -5.920964
-0.746726, 0.469791, -5.951861
1.763695, 0.466127, -6.146651
1.651240, 0.218604, -6.144392
2.295897, 1.154989, -6.090901
1.727605, 0.047143, -6.017460
1.867163, 0.219263, -5.942581
1.737145, 0.259970, -5.896426
1.675437, 0.372382, -5.734649
-0.259784, -0.242063, -4.787298
1.028708, -0.136273, -5.120241
0.414669, 0.092739, -5.316295
1.969647, 0.326139, -6.202911
1.233479, 1.474797, -6.156947
1.657547, 0.219965, -4.771701
1.155994, -0.057724, -5.412549
0.821842, 0.556880, -5.828400
0.403890, 0.312710, -5.484256
-1.172915, 0.018346, -6.142850
-1.958988, -0.325325, -6.130886
-1.608467, 0.038713, -5.980930
-1.150469, 0.017142, -5.424903
-0.974446, -0.021344, -5.749710
-1.905393, -0.109627, -5.176005
-1.036570, 0.178512, -5.401138
-1.047251, -0.012856, -5.279453
0.505424, 2.041705, -6.055715
-0.182804, 0.727910, -5.762479
-0.616351, 0.435317, -6.189672
-0.231225, 0.639894, -5.813847
-0.274815, 1.660955, -5.988986
-0.223154, 1.217830, -6.111229
0.762501, 1.669127, -5.406824
-0.329388, 0.606311, -5.937422
1.298815, -0.176149, -6.095952
1.220953, -0.080514, -5.295358
1.990175, 0.380165, -6.010860
2.175236, 0.391078, -5.695586
1.987158, -0.112106, -6.039478
1.792596, 0.165829, -6.162567
1.483723, 0.492442, -6.096666
1.721579, 0.593933, -6.196678
-0.844163, -1.052607, -6.104324
-1.563359, -1.781614, -5.362768
-1.890476, -1.397477, -6.208113
-1.223865, -1.946006, -6.067835
-0.777063, -0.903587, -6.008652
-0.675848, -0.940633, -6.028707
-1.670074, -1.106004, -6.072035
-1.419367, -1.094089, -6.196628
1.353322, 0.697244, -6.250465
2.196363, 0.443491, -5.601294
1.644956, 0.438701, -5.822511
1.628822, 0.712904, -6.208825
1.826761, 0.508587, -6.007464
2.168541, 0.348097, -5.785842
1.663362, 0.467373, -6.185202
1.561742, 0.348225, -5.954839
1.199259, 1.974069, -6.246793
0.534134, 1.230532, -5.625405
0.323075, 0.371777, -5.419276
0.819148, 1.212201, -6.070567
0.301146, 0.234289, -4.599055
0.657651, 1.010209, -5.960855
0.781017, 1.345055, -6.138253
0.084768, -0.081392, -4.547805
-1.285373, -1.881202, -6.238044
-0.837235, -0.993794, -5.913539
-1.231043, -1.357958, -6.076428
-0.960681, -1.401057, -6.102224
0.141682, -1.314436, -5.598886
0.310526, -1.445328, -5.989000
-1.309832, -1.859332, -6.120913
-1.990751, -1.873685, -6.221609
-0.474964, -0.355058, -5.169528
-0.811800, -0.166403, -5.684339
-0.317858, -0.639952, -5.166005
-0.267627, -0.844481, -5.097103
-1.382137, 0.007498, -5.211828
-0.013091, -1.194171, -5.106816
-1.988233, 0.003927, -6.054815
-0.700980, 0.112410, -5.647661
0.839007, 0.686180, -5.435313
1.361929, 0.062795, -4.974565
1.052255, 2.045829, -5.984455
1.831557, 0.019362, -5.186638
0.944766, 0.503767, -5.410525
0.717801, 0.875403, -5.617802
0.012038, 1.143777, -4.881777
1.254274, -0.375198, -5.351071
0.522910, -1.908497, -5.872132
0.811076, -0.924456, -4.925991
0.198455, -0.738847, -6.033193
0.158299, -0.861589, -5.887896
0.899110, -1.818495, -5.988575
0.944079, -1.758026, -5.879285
0.611917, -1.209595, -5.640604
0.552891, -0.716604, -5.738777
-0.542264, 1.057873, -6.001662
0.333282, 1.475424, -6.142301
-0.474947, 0.962472, -6.099457
-0.986551, 0.708751, -5.740255
-1.645080, 1.515497, -3.055381
-0.273184, 1.304549, -5.924684
-0.732036, 1.752293, -6.079950
0.042824, 0.692164, -5.864800
-0.918886, 0.006371, -5.180153
-0.834349, -0.093707, -5.708611
-0.955607, 0.224407, -6.230867
-0.633340, -0.364447, -4.680775
-0.148151, -0.493456, -4.740020
-0.507920, -0.282022, -4.845436
-0.324392, -0.382600, -4.415678
-1.029031, 0.206490, -6.200854
-0.370955, -0.635406, -5.642609
-0.491554, -0.689539, -5.741975
0.093838, -1.034305, -5.417441
-1.506110, 0.039229, -5.463999
-1.024470, -0.080461, -5.494380
-1.784682, 0.114699, -5.650464
-0.016292, -0.935380, -5.436763
-0.971316, -0.525439, -6.234186
-0.400602, -0.315608, -5.955258
0.211287, -0.371395, -4.447001
-0.385437, -0.177929, -4.891014
-0.072127, -0.297141, -4.552577
0.319878, 0.281217, -4.763328
0.537964, 1.150875, -5.591285
0.605897, -0.062631, -5.176524
-0.318048, 0.270928, -6.055460
-0.630045, -0.316440, -5.267069
-1.409220, 0.029466, -5.844085
-0.181572, -0.859133, -5.915883
0.104204, -1.347427, -5.293533
-1.441582, -0.026346, -5.714613
-0.826566, -0.188825, -5.635581
-1.255921, -0.112081, -5.676467
-1.255038, -0.369959, -6.202297
-0.249321, 1.164734, -6.034426
0.161532, 1.400216, -6.222957
0.400847, 1.665122, -6.145555
-0.033594, 1.975512, -5.693348
0.519175, 1.680278, -6.122155
0.189985, 1.413116, -5.863809
0.622024, 1.704667, -6.137218
0.419633, 2.011275, -5.987400
2.106113, -0.151651, -6.082294
1.200971, 0.286036, -5.364206
2.073318, -0.123543, -6.204491
1.149974, 0.450567, -6.296134
2.213106, -0.277448, -6.181141
2.067927, -0.218139, -5.918298
1.698746, 0.292906, -6.239571
1.662538, 0.577576, -6.219053
-0.551226, -0.610009, -6.124280
-0.601365, -0.662286, -6.127395
-1.516485, -0.966342, -6.073988
-0.648458, -0.683403, -6.147788
0.184402, -1.256231, -5.585588
0.141724, -1.293144, -5.472941
0.300138, -1.500517, -5.717000
-0.323053, -0.437732, -5.315996
-0.307967, 0.882228, -5.714604
-0.020704, 1.025208, -5.743751
-0.043574, 0.998901, -6.055889
-0.410489, 0.716488, -5.967641
-0.625114, 1.104155, -6.276341
-0.550953, 0.513481, -5.796082
0.722044, 1.793324, -5.198663
-0.126616, 0.862217, -5.870102
1.432492, -0.103105, -5.231582
1.245296, 0.077160, -5.235890
0.627555, 0.079086, -5.813988
0.868981, -0.273495, -5.778625
0.774963, -0.195259, -5.010530
0.104763, -1.223888, -5.221333
2.069002, 0.370470, -5.456810
1.576520, 0.307365, -5.195326
-1.843489, -2.006792, -4.466619
-2.010218, -1.959184, -1.989877
-0.995778, -0.487552, -6.126210
-1.977008, -1.770086, -3.659503
-1.564463, -1.764895, -5.030660
-1.450945, -1.641457, -5.409727
-1.594347, -1.796884, -5.028103
-1.989314, -1.862339, -3.518785
-1.534678, 0.061816, -5.464042
-1.795100, 0.090209, -5.314627
-1.012955, -0.209416, -5.393445
-1.395863, 0.031586, -5.589552
-1.455970, -0.183969, -5.761910
-0.646196, -0.528924, -6.207528
0.149628, -1.967496, -4.719493
-0.934510, -0.609324, -6.235404
1.145301, 2.147247, -5.957366
0.767423, 1.825185, -6.147814
1.935356, 1.702961, -6.221076
1.758471, -0.052436, -4.957559
0.651784, 0.763776, -5.527620
-0.344925, -0.134672, -6.193583
0.439004, 0.166201, -6.208149
0.138411, 0.010801, -5.395229
0.410720, -1.029351, -6.100993
0.460639, -0.462630, -4.174465
0.763322, -0.615744, -4.707597
0.301523, -2.008595, -5.132394
0.913098, -1.701900, -5.800236
0.268949, -1.431521, -5.518780
0.961120, -1.740093, -5.916221
0.258922, 0.255991, -3.710227
0.265532, 2.037641, -5.560042
-1.722556, 2.032981, -4.281017
-0.619257, 0.810960, -6.023377
-1.587562, 2.215440, -5.839324
-1.585227, 2.317150, -5.242376
-1.612868, 2.293351, -5.181372
-1.688184, 2.087201, -4.410996
-1.735880, 1.733040, -3.856454
-0.107622, -0.411587, -4.259627
-0.288366, -0.393947, -4.954356
-1.005906, -0.015950, -5.586320
-0.424219, -0.301857, -5.656513
-1.179914, -0.209166, -5.652468
-1.471650, -0.461102, -6.050057
0.038215, -0.467140, -4.284182
-0.458199, -0.154519, -5.285864
0.165512, -1.303251, -5.538895
0.229516, -1.262395, -6.049987
0.172109, -1.510861, -5.166523
0.339399, -1.890446, -5.719162
-0.229823, -0.692035, -5.903857
-0.071187, -1.933411, -5.212083
-1.456298, 0.071466, -5.799360
-1.203992, -0.061207, -5.493355
-1.447951, -1.331240, -5.944685
-0.084505, -1.389289, -5.668333
-0.403608, -0.443472, -5.378706
-0.907086, -0.313335, -5.600145
-0.236792, -0.808156, -5.469297
-0.489055, -0.595777, -5.520579
0.091507, -1.117064, -5.380488
-0.387177, -0.495705, -5.301876
1.379135, 0.951744, -6.193082
2.043935, 0.615492, -6.079513
1.001032, 0.382523, -5.319528
2.269366, 0.690554, -6.041609
1.317778, 0.642212, -6.252937
0.781728, 0.553684, -4.544423
1.363851, 0.531696, -5.846490
0.962221, 0.384938, -4.843728
-1.965655, 0.700287, -2.080118
-1.270903, -1.955890, -5.865500
-1.546605, -1.944614, -4.636920
-1.684850, -1.993351, -3.848645
-1.522444, -2.033167, -4.220312
-1.458238, -2.014467, -5.122241
-1.801235, -1.957920, -3.738555
-1.528614, -2.044363, -4.073286
0.014464, -0.971300, -5.212726
-0.254209, -0.772539, -5.474513
-0.210690, -0.612820, -5.375207
-0.105620, -0.702368, -5.353616
-0.294329, -0.701545, -5.381852
-0.624302, -0.464853, -5.561522
-1.857026, -0.149794, -5.837808
-0.852273, -0.227376, -5.751536
-1.382723, -0.017190, -4.997212
-1.018333, -0.401360, -5.707940
-0.434668, -0.327585, -4.478678
-1.134537, 0.019820, -6.044561
-0.578013, -0.244254, -5.457271
-0.112100, -0.388724, -4.305447
-1.157895, -0.058206, -5.991151
-0.641066, -0.167941, -4.645838
0.367185, 1.680047, -5.711626
0.550322, 2.001427, -5.551016
0.184920, 1.637420, -6.049194
0.457162, 2.097220, -5.872652
0.842250, 1.954556, -5.641467
0.694157, 1.235205, -5.671739
0.637442, 1.763165, -5.360102
0.619090, 1.779695, -5.886999
-0.730092, -1.673520, -6.186739
-0.557880, -1.850234, -6.214064
-0.544852, -1.854010, -6.224775
0.068429, -1.534865, -6.181868
-0.341994, -1.742824, -6.231898
1.508584, -1.813077, -5.552259
0.539355, -1.908358, -5.968876
1.257609, -1.902043, -5.851486
0.389902, 0.246257, -6.288760
1.218426, -0.187086, -6.137871
-1.984217, 2.264730, -5.906499
-2.010556, 2.237689, -5.867473
-1.974860, 2.133121, -6.095516
-1.977177, 2.211024, -6.170374
-1.903450, 2.294040, -5.534479
-1.802311, 2.282186, -5.861893
-0.050793, -1.445654, -5.715188
-0.088967, -1.483817, -5.853627
0.101827, -1.234690, -5.736885
-1.169038, -0.085070, -5.531971
-1.670847, 0.030436, -5.649049
-1.251636, -0.270355, -5.803355
-1.204185, -0.098574, -5.547991
-1.766027, 0.007502, -5.632948
-1.110845, -1.790866, -6.013375
-1.481966, -1.887937, -5.853661
-0.861713, -1.463037, -5.942369
-1.281818, -1.914039, -6.055322
1.080405, -1.821354, -5.341562
-1.029680, -1.929018, -5.975764
0.836474, -1.699671, -6.247377
-0.960058, -1.460467, -6.002730
0.635323, -1.479487, -4.724356
0.290086, -1.823290, -4.606001
0.744959, -1.827990, -6.105893
0.539617, -1.488536, -4.841305
1.268383, -1.522192, -5.183844
1.221919, -1.400747, -5.196222
0.875078, -1.800570, -5.844872
0.891011, -1.865075, -5.383419
0.134066, 1.140219, -6.032346
0.196381, 1.073627, -5.803097
0.378416, 0.112719, -3.586580
-0.220608, 0.552491, -4.974588
-2.002922, 1.521634, -5.899382
-0.946433, 0.937454, -6.180398
-1.651689, 2.196553, -5.942511
-1.592132, 1.513045, -6.082645
-0.302284, -1.032103, -6.055564
-1.983641, -1.090713, -6.157717
-0.689239, -0.412738, -5.483405
-1.436758, -0.877529, -6.249930
-0.394484, -0.775445, -5.778861
0.157022, -0.937278, -4.657654
-1.907501, -1.121041, -6.179945
-0.359036, -1.272507, -6.054935
0.731998, -1.612617, -6.085033
-0.059432, -0.995807, -5.940846
0.940495, -1.971952, -5.662563
0.878127, -1.938186, -5.587639
0.627485, -1.505372, -6.041595
0.674386, -1.794033, -5.421061
1.196070, -1.916472, -5.914236
2.104248, -1.992956, -5.866132
-1.696940, 2.006044, -4.263861
-1.717024, 2.249350, -4.449516
-1.051051, 1.819358, -6.148413
-0.797454, 1.398511, -6.043460
-1.170263, 2.280057, -6.115795
-1.228722, 2.257583, -6.240121
-0.701447, 2.176303, -6.254679
-1.012951, 1.127362, -6.212282
-1.442770, -0.095646, -5.831667
-0.591338, -0.343602, -5.276048
-0.262985, -0.655437, -5.284984
-1.001772, 0.012075, -5.311471
-1.678490, 0.198002, -5.823885
-1.989258, 0.104692, -5.438523
-1.971963, 0.086373, -6.040169
-1.833916, -0.171440, -5.130570
2.139216, 0.066392, -6.033869
2.141690, 0.162806, -6.260509
2.290566, 1.533422, -6.019448
2.260415, 1.201703, -6.102532
1.729983, 0.696692, -5.849140
1.962798, 0.013470, -5.909551
1.311348, 0.659396, -6.062884
2.161679, 0.955012, -6.141625
0.240085, -0.425348, -4.044829
-0.673338, -0.336186, -5.855955
-0.499162, -0.221166, -5.287207
-0.415972, -0.200205, -5.300739
-0.268697, -0.555507, -4.533451
-0.094628, -0.428933, -4.924467
-0.115305, -0.331111, -5.086903
-0.774494, -0.121577, -5.759437
1.199587, 2.285858, -5.874463
0.949808, -0.132242, -5.110934
2.093341, 0.357141, -6.081493
2.013892, 0.081393, -5.643582
1.217428, 1.805606, -5.887540
1.424134, -0.259186, -5.356310
1.450088, 2.209244, -6.152659
1.990968, 0.208353, -5.795478
-1.119665, -1.688895, -6.246580
-1.021100, -1.910829, -6.162643
-0.540503, -0.529800, -5.774461
-1.760288, -0.137623, -5.638969
-0.909342, -1.668067, -6.071357
-0.936799, -1.588792, -6.206670
-1.053877, -1.603209, -6.245932
-0.234340, -1.509998, -6.072736
-0.440518, 2.296316, -2.483937
-1.307382, -1.942064, -6.203508
-1.689593, -1.666159, -3.879514
-1.993245, -1.940095, -3.108721
-1.588180, -1.860808, -4.656404
-1.508694, -1.704691, -5.733186
-1.491666, -1.960809, -4.777116
-1.674665, -1.860925, -4.307819
-1.505917, -1.828224, -5.488731
-1.845038, -1.399052, -5.950665
-1.303015, -0.829766, -6.066994
-1.734610, -0.327012, -5.764980
-1.464120, -1.871849, -5.569029
-1.803121, -1.487424, -5.950220
-1.624313, -1.271474, -6.109395
-1.850931, -1.387337, -5.972030
0.329051, 1.845740, -5.791118
0.271150, 1.891312, -5.850177
0.357083, 2.083889, -5.242493
0.480997, 1.662116, -6.072423
0.544657, 1.752020, -5.873032
0.376671, 1.677718, -5.554968
0.534743, 1.719219, -5.902859
1.005623, -0.705318, -5.197070
-0.079741, -1.265388, -5.842412
-0.300555, -1.547568, -6.205678
-0.889321, -0.409876, -5.843722
-0.124588, -0.775895, -5.371816
-0.192171, -1.510211, -6.024839
-0.202448, -1.086705, -5.768223
0.121634, -1.278862, -5.784709
-0.267318, -0.777209, -5.481679
1.979970, 0.571567, -6.116751
0.506406, 0.223256, -5.253070
1.158578, 1.121430, -6.141427
0.491284, 0.255926, -5.339600
0.391361, 0.087620, -5.175207
0.512594, 0.236823, -5.253253
0.304244, -0.073913, -4.865976
0.132088, 0.026238, -5.143415
1.016519, -1.968843, -6.078611
-1.085035, -1.930776, -5.937424
-1.519269, -2.044043, -4.099736
-0.690777, -1.604357, -6.160014
-0.998481, -0.524943, -6.099252
-0.919705, -1.929650, -6.262482
-1.306466, -1.985812, -6.188539
-0.996474, -1.936949, -5.998572
-0.549641, -0.379634, -5.342439
0.064981, -1.132464, -5.677279
-0.166153, -1.868641, -6.128075
-0.587789, -1.564038, -5.872743
0.186100, -1.361381, -5.346610
-0.116988, -1.325074, -5.907363
-0.303133, -0.740819, -5.505315
-1.697985, -0.439157, -5.665883
0.106843, 0.494889, -3.619050
-0.251310, -0.444265, -4.629565
-0.192228, 0.352170, -3.603067
-0.938597, -0.272424, -6.148490
-0.875374, -0.263728, -6.034007
-1.116571, -0.463049, -6.211801
-0.855592, -0.299394, -6.224929
-0.445035, -0.145822, -5.522226
0.292616, -1.193108, -5.385328
-0.216233, -0.633969, -5.345127
-0.010257, -0.936742, -5.355696
0.062800, -1.222346, -5.276886
-0.426429, -0.658845, -5.065208
-1.135998, 0.032359, -5.049295
-0.219091, -0.676628, -5.248641
-0.551593, -0.284511, -5.113150
0.212084, 0.887320, -4.833896
0.802775, 0.835976, -5.578681
0.670127, 1.131430, -5.770727
2.294354, 2.299005, -6.165390
0.460232, 0.139890, -5.459493
0.826035, 0.082264, -5.231128
0.372981, 0.696003, -4.853852
0.320755, 0.793542, -4.868351
0.130455, -0.133790, -5.316421
1.363069, 2.165249, -6.193888
0.594429, 0.525077, -5.296171
0.569295, 1.130113, -5.465590
0.896819, -0.026770, -4.815846
-0.277986, -0.205519, -5.254498
-0.298023, -0.168594, -5.163711
0.406995, 0.254411, -4.723871
-0.805250, -1.873153, -6.090091
-0.870605, -1.801096, -6.240514
-0.017818, -1.566225, -5.990783
-0.385463, -1.654859, -6.032252
-1.529679, -1.981663, -4.456099
-0.767460, -1.566543, -6.119439
0.035986, -1.351865, -5.858840
-0.040564, -1.208917, -6.268534
0.430969, -0.981357, -5.818305
0.476996, -0.957719, -4.700774
-0.270958, -0.788185, -4.945175
0.416025, -0.653956, -5.964433
0.634708, -1.516856, -5.708802
0.571246, -1.358784, -5.723061
0.557825, -0.620539, -6.299809
0.451873, -0.954267, -6.225126
0.313909, 0.616814, -5.312537
0.427563, 2.061892, -5.226608
-1.645806, 0.339832, -5.854475
-0.082289, 0.567760, -5.368630
-0.015198, 0.622184, -5.635599
-0.170783, 1.856318, -5.946417
-0.592853, 0.181646, -5.100862
0.162573, 0.583208, -5.273947
-1.823014, -0.432673, -6.118093
-1.974365, -0.241060, -6.023071
-1.282208, 1.342090, -5.875662
-1.584118, 1.619990, -5.879356
-1.891575, 0.005623, -5.865603
-1.603911, 0.643690, -5.610760
-1.654038, 1.767787, -5.952943
-1.970798, 1.662879, -6.264426
-1.422934, -1.946189, -5.592047
1.805375, 1.525192, -5.994294
0.099242, -1.667144, -6.205507
0.083199, -1.878587, -6.226144
-0.931214, -1.841700, -1.721271
2.280859, -1.655008, -4.975913
1.097897, -1.713677, -5.855819
1.303770, -1.655095, -6.222279
-1.992777, -1.414983, -5.967762
-1.990289, -1.362662, -5.840002
-1.962437, -1.872612, -6.046951
-1.991609, -1.902602, -5.938615
-1.990924, -1.337554, -5.930505
-1.680347, -1.800538, -6.098906
-2.013269, -1.905315, -5.991816
-1.855113, -0.649059, -5.882178
-1.159808, -1.417640, -1.927220
-0.696586, -1.465262, -5.915424
-1.681654, -1.772810, -4.305572
-1.461097, -1.723818, -5.601597
-1.512944, -1.630484, -2.413755
-0.858181, -1.479408, -5.941835
-1.796476, -1.753928, -3.642173
-2.003681, -1.829922, -3.293579
-0.182021, -0.112711, -5.098989
-0.265629, -0.139057, -6.192907
-0.213137, 0.148618, -4.749079
0.776190, 0.170244, -5.062616
-0.229462, -0.125312, -5.270284
1.037060, 0.648391, -5.444685
0.637791, 0.747167, -5.102445
0.319021, 0.161398, -5.622925
-0.102882, -0.929775, -6.218780
0.072051, -1.064160, -6.007379
0.289769, -1.024830, -6.230332
0.343016, -0.903775, -5.716113
0.241550, -0.991516, -6.289797
-0.155133, -1.375524, -6.181309
0.633435, -1.460141, -4.602647
0.516615, -1.402684, -4.680602
0.439180, -0.239525, -6.035285
0.362890, -0.256630, -5.598547
0.561871, 0.031635, -5.955586
0.544065, 0.044023, -6.158695
0.554028, -0.233373, -5.652767
0.437660, -0.326760, -5.062814
0.682899, -0.189567, -5.821461
0.309485, 0.011286, -6.091755
0.046676, 0.397150, -5.081152
-0.428590, 0.169026, -5.428887
-0.775298, 0.694984, -4.953042
-1.664597, 0.287226, -4.918232
-0.039229, 0.265308, -5.145662
-0.281159, 0.293963, -5.012614
-0.992388, 0.471579, -4.997557
-0.542787, 0.162827, -5.123387
-1.944650, 1.868196, -6.093713
-1.889648, 1.282534, -6.213706
-1.903357, 2.131671, -6.145061
-1.945125, 2.233278, -5.848571
-1.097338, 2.098102, -6.296631
-1.796690, 1.415094, -6.291733
-1.310481, 1.671327, -6.206328
-1.862886, 2.129812, -6.248563
1.256830, -1.881182, -5.733195
0.286904, -1.972029, -6.253117
0.719764, -1.652070, -6.216097
1.888125, -1.990765, -6.179708
1.970749, -1.771842, -6.152904
1.765635, -1.731031, -6.273166
1.671178, -1.998049, -6.186141
1.718731, -1.201492, -6.219548
-1.398611, -1.619619, -1.364052
-1.973329, -1.965741, -1.944697
-1.805075, -1.388144, -5.967857
-1.828000, -1.990838, -4.421902
-1.867621, -1.010110, -1.500746
-0.616663, -1.159091, -5.958334
-1.681772, -1.588753, -5.745902
-1.599827, -1.798264, -5.224864
-0.002711, 0.602441, -5.942747
0.940448, 0.145431, -4.993145
0.123137, 1.961959, -5.304791
0.582727, 1.405186, -6.136497
0.600420, 0.455404, -5.345420
-0.526214, -0.141149, -6.081981
0.458125, -0.257998, -4.687554
0.703950, -0.006271, -5.325396
-0.036772, -1.000391, -5.425661
-0.030142, -0.704814, -4.407796
0.486063, -1.453198, -5.650298
-0.021484, -0.680269, -5.716126
0.492753, -1.207780, -6.009172
0.313132, -1.711004, -4.651453
0.297239, -0.634299, -4.528603
0.195989, -1.321542, -5.068689
-1.531587, -0.555283, -6.115859
-1.566748, -0.567995, -6.118804
-1.218801, -0.300729, -6.029370
-1.299534, -0.318976, -6.048551
-0.961960, -0.930112, -6.165732
-0.896377, -0.434933, -6.240883
-0.588507, -0.410002, -6.222166
-0.724329, -0.321299, -6.138810
-1.701206, 2.156679, -6.253301
-1.715176, 2.138307, -6.257913
-1.972558, 2.067601, -6.259223
-1.980943, 2.006224, -6.251462
-0.948338, 1.440060, -6.256702
-0.862312, 2.195384, -6.216800
-1.395177, 0.902740, -5.494507
-0.769617, 1.720238, -6.259554
1.759118, -1.838267, -6.145025
1.324803, -1.809493, -5.600111
1.689496, -1.977092, -5.670590
2.050316, -1.727671, -6.088326
1.911248, -1.663705, -6.152308
2.221530, -1.725803, -6.083990
0.864938, -0.973231, -6.178518
1.353818, -1.999035, -5.537984
-1.650457, -1.978831, -1.822379
-2.005236, -1.943926, -2.186464
-1.440982, -2.013329, -1.684892
-1.992830, -1.852783, -3.678260
-1.872185, -1.967379, -5.382511
-1.768578, -1.960589, -1.669506
0.229211, -1.385401, -5.831415
-1.961443, -1.979384, -3.651276
-1.536789, 0.560104, -6.073671
-1.913390, 0.550817, -5.812023
-1.415382, 0.664838, -5.774609
-1.195631, 1.149733, -5.645650
-1.340976, 0.547029, -6.029622
-1.577524, 0.544865, -5.929951
-1.435787, 0.565933, -5.520798
-1.449939, 0.901129, -6.075640
1.354136, -1.914006, -2.342177
2.273764, -1.865069, -4.313222
2.030348, -0.830415, -6.222466
2.160508, -1.193530, -6.227735
2.260640, 0.556095, -4.447718
1.576412, -1.908206, -2.506513
1.946738, -1.990271, -1.540313
0.996520, -1.313903, -6.229255
-0.214405, -1.167239, -5.018031
-1.162539, -0.757272, -6.206137
-0.044992, -1.411962, -5.015373
-0.254613, -0.991974, -4.958355
-0.505471, -0.684702, -6.127779
-0.590743, -0.551121, -5.526536
-0.895970, -0.504100, -6.030580
-0.327090, -0.644929, -4.839921
1.228526, 1.602247, -6.007464
1.828645, 0.612753, -6.214213
1.343420, 0.572300, -5.646234
0.452500, 0.399772, -4.835433
0.495499, 1.353695, -5.385600
1.165497, 1.599751, -5.892175
2.292660, 1.785088, -6.050763
1.053813, 2.199569, -5.938842
0.149132, -0.859669, -5.968397
0.236771, -0.952143, -6.248276
0.520877, -0.292623, -6.189035
0.149520, -0.366795, -5.483716
0.544238, -0.635100, -5.744415
0.108634, -0.612043, -4.281161
0.491849, -0.389980, -5.857940
0.894229, 0.339546, -6.123927
-1.639285, 2.277730, -6.046600
-1.393151, 2.295998, -6.047272
-1.741841, 2.035964, -5.790941
-1.204780, 1.527614, -6.219648
-0.710152, 1.205927, -6.097441
-1.400372, 0.818533, -5.669026
-1.539706, 1.666705, -6.224649
-1.097966, 0.660639, -5.431086
1.275342, -1.615016, -5.471773
1.260805, -1.765684, -5.320912
0.611163, -1.719487, -5.230432
0.813398, -1.922086, -5.408211
0.766841, -1.737609, -5.128456
0.686103, -1.645795, -5.188147
0.508976, -0.599913, -5.352252
0.115634, -0.647356, -4.863753
0.892521, 0.298370, -4.569128
1.042157, -0.259577, -5.233974
0.514832, -0.432332, -4.694079
0.916430, 0.151650, -5.516349
0.233785, -0.643008, -4.818968
0.194219, -0.698074, -5.376933
1.476089, 0.021512, -4.823738
0.747664, -0.061014, -6.299798
-1.420135, 0.248861, -5.019677
-1.864210, -0.055927, -5.944279
0.386084, 1.140661, -5.133285
-1.732224, 0.556484, -5.682481
-0.850767, 0.253269, -5.610394
-1.697296, 0.234886, -5.074388
-1.748315, 0.464212, -6.123294
0.187813, 0.440277, -4.963064
-0.462346, 1.558214, -6.243710
-0.890257, 1.052341, -6.253171
0.033980, 1.079255, -5.997379
-1.077259, 1.537216, -6.225017
-0.566364, 1.027240, -6.073704
0.195600, 0.787615, -5.445717
-0.127110, 1.099909, -5.842423
0.087541, 0.759574, -5.521467
1.182044, -1.062667, -6.245372
1.616064, -0.599276, -6.118967
1.100726, -1.599218, -5.823883
1.174737, -1.499254, -6.200466
1.514003, -1.289631, -6.223789
1.276012, -0.767126, -6.248353
0.807814, -0.199082, -5.720614
0.614969, -1.094011, -5.988913
2.006306, 1.929924, -3.805382
-1.891308, -1.997852, -4.022084
-0.063946, -1.166790, -5.772621
-1.862088, -1.983152, -2.632784
-1.910319, -1.505538, -3.676854
-1.879584, -1.980542, -2.452545
-2.032717, -1.870728, -3.125448
-1.245337, -1.841717, -1.624045
-1.576349, 2.037834, -4.596859
-1.029325, 0.985034, -6.158615
-1.753665, 1.879289, -3.343593
-1.700998, 1.742663, -3.298479
-1.723403, 1.827509, -4.029583
-1.738179, 2.027236, -5.748716
-1.723984, 2.029427, -4.270530
-1.713206, 1.636791, -3.207317
0.210484, -1.419490, -5.349004
0.730606, -1.561004, -5.276664
0.854142, -1.643071, -5.383348
0.971242, -1.922725, -5.977881
0.612610, -0.449747, -5.803356
0.966396, -0.042157, -5.187441
1.075951, -1.658263, -5.601294
1.145325, -1.655884, -5.586465
0.017248, 0.855651, -4.923116
0.138832, 0.435330, -4.997954
0.247619, 0.360804, -5.191154
0.036774, 0.739413, -4.879077
0.338439, 0.966485, -5.273872
0.065823, 0.422622, -5.039651
0.532642, 1.753563, -5.136185
-0.092105, 0.327044, -4.941662
0.842683, 0.055093, -5.852975
0.624537, -0.286426, -5.632761
0.786607, -0.007474, -5.742197
1.232659, 0.406866, -5.560283
1.486534, 0.028149, -6.186093
1.706374, 0.136809, -5.643111
0.028430, -0.719939, -5.436377
0.068011, -0.814806, -5.324342
-0.845353, 0.649795, -5.520472
-0.977765, 0.648187, -5.449404
-1.638744, 2.048870, -4.509462
-0.893643, 0.658667, -5.484983
0.344211, 1.163732, -5.285773
-0.000924, 0.267492, -5.374989
0.315425, 1.087595, -5.337589
-0.553983, 0.231550, -5.495344
0.363712, -0.561532, -5.301929
0.230584, -0.657394, -4.950202
1.626062, -0.003050, -4.894020
1.366331, 0.090161, -5.161283
1.830221, 0.105835, -5.193915
0.102317, -0.747528, -5.282428
1.920874, 0.010933, -5.063773
0.541058, 0.048837, -4.466736
-1.139993, 0.360789, -6.223603
-1.518171, 0.301941, -4.878161
-1.529735, 0.690197, -5.746645
-1.977878, 0.991040, -6.127511
-0.966267, 0.375589, -5.614042
-0.973799, 0.570837, -4.790635
-1.060797, 0.617876, -6.245552
-0.783497, 0.244926, -6.222905
2.316565, -2.041951, -4.701797
1.754943, -0.702049, -6.200428
2.087840, -1.827940, -2.526611
-1.972397, 2.061480, -2.576237
2.267674, -1.978808, -4.064435
1.873914, -1.527794, -5.322576
2.240704, -0.826538, -6.162732
2.272890, -1.902676, -3.715903
-0.187447, 0.320460, -5.064881
0.237772, 0.709377, -5.012866
-0.138768, 0.317324, -5.083899
0.039204, 0.641248, -4.808648
-0.396452, -0.049505, -4.833421
-1.825166, 0.554642, -6.013824
-0.615516, 0.012601, -5.952398
-1.622614, 0.366869, -4.954557
0.118873, -0.566826, -5.225654
0.101241, -0.290848, -5.094956
0.041502, -0.700642, -5.223043
-0.009608, -0.713877, -4.952055
0.729598, -0.193614, -5.793963
1.745353, -1.539225, -5.515239
2.224732, -2.010382, -2.892838
0.585815, -0.851455, -5.467718
-0.806269, 0.359606, -5.834025
-0.225108, -0.225909, -5.309693
-1.280043, 0.380916, -5.125173
0.055585, 1.019245, -5.729983
-0.515124, 0.467352, -5.722902
-0.667242, 0.296946, -6.276678
0.131167, 1.102518, -4.905402
0.551946, 1.883702, -6.061588
0.288841, -0.950278, -6.007407
0.331847, -0.398045, -5.248122
0.935928, -1.765853, -5.280550
0.761610, 0.019682, -5.777698
1.313616, 0.331333, -5.281056
1.840720, -1.876902, -5.833674
2.064344, -1.641009, -5.372076
1.119066, -0.350712, -6.217528
-1.059148, 2.165269, -6.149944
-0.817289, 1.940981, -6.227007
-0.773484, 0.906588, -6.059654
-0.102012, -0.584767, -5.160977
-0.474261, 1.479313, -6.203814
0.055394, 0.667775, -5.126604
-0.489281, 0.635435, -5.712541
0.021384, -0.582673, -5.600410
1.627719, -1.547375, -5.647846
2.234453, -1.742954, -4.557274
0.652688, -0.430084, -5.801605
2.002426, -1.617638, -5.446188
0.706531, -0.230771, -5.583890
1.802328, -1.537714, -5.362421
1.918866, -1.719615, -5.857936
1.989630, -1.811389, -5.883654
1.576794, 0.561181, -6.264819
1.608161, -0.096964, -6.104663
1.249480, 0.437890, -6.032690
1.588643, 0.387374, -6.081219
1.200616, 0.025623, -6.000959
1.418019, -0.013414, -6.006406
1.521146, 0.523530, -5.941383
1.770648, 0.387903, -5.815368
-0.442809, 0.926173, -5.632788
-0.432852, 1.099674, -5.892211
-0.330079, 0.196219, -4.727882
0.918453, 2.146035, -5.004910
-0.657479, 1.613416, -5.967921
-0.649025, 1.690034, -6.080511
-1.970390, 1.788217, -6.010397
-0.450454, 1.702045, -6.029312
-1.213669, 0.989231, -6.067790
-1.161673, 0.606905, -5.359369
-1.555149, 1.261252, -6.134400
-1.574458, 1.321273, -6.237129
-0.750639, 0.724001, -6.084314
-1.579342, 1.108967, -6.151980
-0.637449, 1.569786, -6.184302
-0.698485, 1.437303, -6.164787
1.175029, -0.959637, -6.216578
1.847324, -1.614109, -5.161086
1.229182, -0.508855, -6.205191
1.999077, -0.440318, -4.953770
0.183595, -0.550159, -5.356429
2.241418, -0.348035, -6.085709
0.463550, -1.175908, -5.989104
0.460164, -0.414397, -5.312308
-1.607983, 1.563659, -3.607043
-1.441420, 1.503044, -2.802941
-1.482148, 1.956312, -6.091358
-1.488200, 1.526755, -2.755415
-1.679180, 1.573562, -3.269621
-1.360847, 0.852476, -5.794085
-1.719922, 2.206402, -5.063798
-1.557506, 1.518271, -3.651326
0.625791, -0.646652, -6.284588
0.954989, -1.765590, -5.648775
-0.130444, 0.366432, -5.287280
0.444057, -0.393348, -5.805994
0.616605, -1.154541, -5.431950
1.286173, -1.805536, -5.425600
0.489854, -0.573848, -5.233397
0.611291, -1.154439, -5.835296
-1.797372, 1.338209, -5.914213
-0.902963, 0.706141, -5.749131
-1.176817, 1.244223, -6.221573
-2.022023, 1.666292, -6.001051
-1.601672, 1.457185, -3.390701
-0.545807, 2.289348, -3.643739
-0.646702, 2.261342, -3.649683
-0.580870, 2.280895, -3.537140
-0.275437, -0.086702, -4.177341
0.495731, 0.005019, -5.808215
-1.714537, 0.648468, -5.684007
-0.561710, -0.003563, -6.218215
0.538579, -0.310642, -6.054119
0.663123, -0.446031, -5.349090
-0.009519, 0.454875, -6.029643
0.677837, 0.179570, -5.862276
1.139996, 0.336884, -6.210333
1.661273, -0.041613, -6.102218
1.749874, -0.165385, -5.904149
1.569250, -0.058887, -5.982356
1.809119, -0.064825, -6.151006
1.460384, 0.494127, -5.522398
1.890206, 0.237533, -6.274102
1.474274, 0.322141, -6.074825
-1.743368, 2.037934, -5.818682
-1.701241, 1.884516, -4.021063
-1.137357, 0.798127, -5.867503
-0.542038, 1.455921, -6.116431
-0.758542, 1.355257, -5.971424
-1.209034, 0.773997, -5.876187
-1.357673, 0.919132, -5.913640
-1.755577, 1.090775, -6.089202
-1.492072, 0.315873, -6.126187
0.000728, -0.333868, -4.898039
-1.411291, -0.027287, -5.642639
-0.507053, 0.032236, -4.512574
0.379545, 0.119241, -5.896291
0.378781, 0.230989, -6.280449
-0.248824, 0.340448, -5.709765
0.675935, 0.373223, -6.093090
-1.694682, -1.749815, -4.035840
-0.927798, -1.429225, -6.140823
-1.686721, -1.808753, -4.213859
-1.600134, -1.918974, -4.377829
-1.756030, -1.664661, -5.834156
-1.652591, -1.670031, -5.937848
-1.928277, -1.591900, -5.942344
-1.710583, -1.794614, -5.709574
-0.301436, 0.122505, -4.730913
-0.186531, -0.733874, -5.144381
0.088060, 1.218395, -5.665664
-0.498325, 0.370125, -5.418738
-0.418113, 1.158498, -6.062721
0.162297, -0.552937, -5.941829
0.290772, 1.302916, -5.349427
-0.038553, 1.173097, -6.064019
0.068737, 0.404447, -3.663731
0.523978, -0.066767, -5.993215
2.060570, 0.157492, -5.602293
0.908310, 0.125080, -4.633005
0.187880, -0.134709, -4.180090
0.654105, -0.103244, -4.644695
0.884987, 0.266226, -5.396374
0.438854, -0.180173, -4.514935
-0.010253, 0.723345, -4.650836
0.252210, 0.825639, -5.830503
-0.168370, 0.754549, -4.761902
-0.286898, 0.732676, -4.828027
-0.021872, 0.656386, -4.684246
-0.137970, 0.637069, -4.717412
0.061454, 0.145616, -4.620497
0.181159, 1.096401, -4.718167
-1.422765, -1.570647, -5.298876
-0.173402, -1.468444, -5.836991
-1.693529, -1.789146, -5.908156
-1.815090, -1.997251, -4.689607
-1.520721, -1.315613, -6.076411
-1.144643, -1.381766, -6.113692
-1.803439, -1.931268, -5.788694
-1.608990, -1.668491, -6.092265
-0.402862, -0.052336, -5.083133
-0.563752, 0.417772, -5.623124
-0.443369, 0.289864, -5.785516
-0.638237, 0.416899, -5.960880
-0.401936, 0.023531, -5.278108
-0.235094, 0.043728, -5.002320
-0.607732, 0.954229, -6.163034
-0.594039, 0.468996, -5.954313
1.096959, -1.457199, -5.800436
2.059853, -1.648045, -6.093070
0.009080, 0.042488, -5.984168
-0.378853, 0.147009, -4.462789
0.251875, -0.631381, -5.316269
0.429609, -0.521877, -4.177624
0.161700, 0.033506, -6.062297
0.209772, -0.534897, -5.383319
-1.108790, -0.949452, -6.181338
0.134366, -1.279779, -5.378263
0.517568, -1.468156, -5.673483
-1.638413, -1.928450, -5.010509
-1.754855, -1.837229, -2.770812
-1.701850, -1.966738, -5.314830
-1.799425, -1.466829, -6.058158
-1.788393, -1.974177, -4.686933
-0.798249, -1.279400, -6.006742
-1.686304, -1.771977, -5.659752
0.413524, -1.712640, -5.850677
0.037331, -0.964478, -6.111618
-1.835968, -1.587529, -5.955112
-1.885204, -1.954272, -5.952631
-1.872712, -1.636726, -5.818058
-1.849931, -1.601755, -5.924223
0.483572, 0.023858, -5.070198
-0.337326, -0.107283, -5.388468
0.310853, 0.309873, -4.599336
1.364495, 2.189355, -6.197118
0.508555, 0.208137, -5.164015
0.556264, 0.351782, -5.213827
1.071295, 0.476662, -5.193972
0.721718, 1.325907, -5.757109
0.581581, -1.455900, -3.782558
-0.106600, -1.710074, -3.962421
-1.957767, -1.973806, -4.963850
-0.106099, -1.687108, -3.963723
-1.990124, -0.574800, -6.026657
-1.766703, -0.405978, -6.103557
-1.711382, 0.717863, -5.961097
-1.843356, 0.801138, -6.245013
1.650309, 0.367557, -5.789977
1.736840, -0.017633, -5.901745
1.571396, 0.313256, -5.771444
2.153316, 0.075505, -6.253302
2.080170, 0.067051, -6.211853
1.574419, 0.294385, -5.830181
1.628150, 0.228770, -5.968795
1.862640, 0.082747, -5.895511
-0.182160, 1.446702, -6.057831
-0.089302, 1.462800, -6.170187
0.170478, 1.400428, -5.816627
-0.094532, 1.623569, -6.202878
0.160374, 1.501828, -5.837249
0.107229, 1.623973, -6.073890
0.204685, 1.426162, -5.671320
0.162657, 1.483336, -6.153396
1.487987, -1.919042, -5.783853
-1.984037, -1.336945, -6.008570
-1.975240, -1.949813, -6.010862
0.929590, -1.989331, -2.906872
-1.612543, -1.847055, -6.127918
-2.013505, -1.229309, -5.788778
-1.937054, -0.854837, -6.004297
-1.996025, -1.170268, -5.854916
-0.308119, -0.276838, -4.742830
-0.324029, -0.271673, -4.729947
1.435972, 2.014192, -6.260019
0.536786, 0.779159, -5.211979
-0.345399, -0.052914, -5.744929
-0.302409, -0.133286, -5.579243
-0.311427, -0.185598, -5.072136
0.411157, 0.159176, -4.820660
-1.787044, -1.844481, -3.076435
-1.439386, -1.943055, -5.527580
-1.765579, -1.877091, -3.210487
-1.776768, -1.951437, -3.517150
-1.079772, -1.186531, -2.259024
-1.723272, -1.944211, -3.394475
-1.789643, -1.958199, -3.604308
-1.781307, -1.951671, -3.458360
0.129834, -1.908817, -4.088123
-1.756627, -0.376364, -5.842124
-1.864945, -0.710984, -6.290557
-1.954194, -0.303028, -5.936992
-2.013010, -0.198629, -6.091077
-1.773718, -0.644611, -5.750053
-2.006074, 0.007502, -5.763247
-1.965020, -0.161675, -6.151591
-0.616478, 0.266008, -5.009148
-0.444674, 0.538162, -5.778965
0.033369, 0.514999, -5.655067
-0.082498, 0.638598, -5.985178
0.073584, 0.600064, -5.829291
0.271369, 0.995802, -5.982224
-0.035873, 0.311394, -5.452990
-0.604051, 0.779155, -6.062181
0.761884, -0.168384, -5.106824
0.470077, 0.181893, -4.479623
1.117645, 0.268815, -4.638653
1.379607, 0.048818, -4.983614
0.669906, -0.248850, -5.921306
0.734522, 0.127604, -5.902423
1.756900, 0.459945, -6.049298
1.946940, 0.404484, -5.924013
-0.366660, -1.715045, -1.340741
-1.676586, -1.951214, -0.700522
-1.705261, -1.394912, -3.699630
-1.671392, -1.846254, -4.380246
-1.692214, -1.733278, -5.856073
-1.733205, -1.745602, -5.813883
-1.991272, -1.790493, -4.041493
-1.977417, -1.976590, -5.707372
0.980432, 1.230024, -5.934895
0.560981, 1.460790, -5.453334
1.260415, 1.644230, -6.114348
1.250045, 1.070176, -6.209588
1.068616, 0.431612, -5.160103
0.883410, 0.196754, -4.616573
1.100316, 0.637737, -5.631782
0.907273, -0.103003, -5.101382
-1.759558, 1.403507, -6.086329
-1.122289, 2.272480, -4.041529
2.280051, 2.091018, -1.545394
-1.889753, 1.455648, -6.224721
-1.684799, 0.437017, -5.585742
-1.658506, 0.966701, -5.963779
-1.659854, 1.973395, -6.171411
-1.935833, 1.571112, -6.147258
-0.019878, -0.792619, -4.578949
-0.577810, 0.006058, -5.012712
-0.400747, -0.029310, -5.152157
-0.272732, -0.097595, -5.346921
-0.502120, 0.650455, -5.793353
-0.570374, 0.380611, -6.146629
-0.434935, 0.035223, -4.989922
-0.700024, 1.396001, -6.185654
0.327434, -0.298698, -5.349592
0.554626, -0.499998, -5.376517
0.333396, -0.808808, -5.869157
0.245611, -0.492968, -5.409261
0.633115, -0.482383, -5.394898
0.767305, -1.427628, -6.101223
0.825235, -0.249918, -6.072896
0.337413, 0.064385, -4.596643
0.325297, 1.476987, -5.686031
-0.104081, 0.812086, -4.670105
0.484241, 1.210073, -5.500293
-0.168557, -0.443123, -4.663180
0.082508, 1.301641, -4.964023
-0.243689, 0.267412, -4.581802
0.217806, 0.209055, -4.710715
-0.152653, 0.667641, -4.726204
-1.957319, -1.994776, -4.034129
0.147954, -0.690111, -4.443350
-0.408152, -0.638719, -5.437230
0.390599, -1.691114, -5.595204
-1.995248, -1.817444, -3.928607
-1.989871, -1.904789, -3.005159
-1.920419, -2.005443, -3.911915
-1.932568, -2.006802, -3.856742
0.320536, -0.166730, -4.551322
0.047282, -0.062971, -5.188498
1.207466, 2.061221, -5.878988
0.737931, 1.583241, -6.191201
0.142623, -0.310553, -4.668029
0.025968, -0.213354, -4.896615
1.056043, -0.079616, -4.935635
1.250702, 1.352701, -6.214427
-1.683097, -1.316560, -6.083990
-1.164011, -1.622762, -6.006563
-1.414109, -1.336743, -6.094938
-0.476301, -1.671492, -6.187300
-1.160057, -1.950309, -5.887340
0.097302, -1.854904, -6.214373
-0.557066, -1.866246, -6.162801
-0.065103, -1.584630, -6.246816
-1.807060, 2.297012, -5.846831
-1.865977, 2.280843, -5.018669
-1.100560, 2.243846, -4.786925
-0.852916, 2.287728, -4.945874
-1.903058, 1.665557, -6.076591
-2.003769, 1.492160, -6.058185
-1.966149, 1.480106, -6.288499
-1.671486, 2.298880, -6.261086
1.022675, 0.851024, -5.933225
0.899988, 0.859778, -5.567966
1.134463, 2.079021, -5.864563
0.637526, 2.238659, -5.901447
0.943818, 0.472336, -5.154663
0.911383, 1.255206, -6.040421
0.260281, 0.947760, -4.929885
0.454471, 1.256335, -5.593815
-1.582362, 1.378372, -5.829449
-1.220208, 2.153781, -4.709150
0.675398, 1.741946, -5.565781
-0.290977, 2.295545, -5.357122
-1.913137, 1.269787, -5.956484
-1.745017, 2.154929, -6.165772
-0.736273, 1.390829, -6.171423
-1.052522, 2.010378, -6.258544
-0.410940, -0.046089, -5.689664
-0.648414, 0.332265, -6.023550
-1.041226, 0.415468, -5.880497
-0.659590, -0.000963, -6.230958
-0.272880, 0.625966, -5.737108
-0.492250, 0.015091, -4.957629
-0.185010, 0.672557, -5.961649
-0.140980, 0.724626, -5.705594
1.401511, -0.972894, -6.147133
0.472717, -0.515239, -5.372448
0.789992, -0.539903, -6.051143
0.804617, -1.242639, -6.045441
0.620815, -0.539284, -5.705409
0.849317, -0.205052, -5.321597
1.351349, -1.345376, -6.164641
1.211611, -0.448147, -6.114277
-1.394544, -1.725097, -1.593649
-1.603298, -1.570391, -6.076556
-1.996417, -1.814949, -4.529455
-1.974559, -1.960846, -5.706766
-0.755206, -0.868202, -6.120040
-1.942326, -1.950257, -3.426127
-1.602950, -1.900518, -4.984571
-1.641201, -1.885592, -5.808717
1.103934, 1.142150, -5.926162
1.566272, 0.619126, -5.414542
0.508208, 0.583985, -4.884109
0.483148, 1.448058, -5.843329
0.729838, 0.923249, -5.518456
1.192621, 2.006562, -6.032075
0.767017, 0.721229, -5.052067
0.407303, 1.402205, -5.231709
-0.347424, -1.391003, -6.040956
-0.046730, -1.563071, -6.095904
-0.056929, -1.709789, -5.938023
0.299737, -1.980213, -5.892012
0.095175, -1.534965, -6.247245
0.580971, -1.831143, -6.156635
0.971581, -1.982375, -5.662959
1.806968, -2.078992, -6.149586
-0.982575, 2.287955, -4.907959
-0.761606, 2.290138, -4.816594
-1.783087, 2.232640, -6.247317
-1.762059, 2.231826, -6.046870
-1.779442, 1.845100, -6.204550
-0.972394, 2.259871, -4.746176
-1.171277, 1.848044, -6.297911
-1.775452, 2.299343, -5.538584
0.697228, 2.270779, -6.197354
0.288131, 2.235401, -5.990088
0.397300, 2.181345, -5.997235
0.907586, 1.973217, -5.198268
0.436093, 1.774329, -5.529467
0.618236, 0.855029, -5.528245
1.203736, 0.674335, -5.713418
0.700417, 2.172877, -5.779208
2.188074, 1.905603, -6.135782
0.148439, -0.102149, -5.186161
0.781517, 0.153446, -5.072537
0.246756, 0.425911, -4.729795
0.592561, 0.297493, -5.266193
0.795043, 0.722014, -5.753304
0.891926, 0.089507, -4.842008
1.222767, -0.097013, -5.042162
0.869720, 2.300874, -3.945206
-1.678825, 1.727336, -3.770965
-1.707554, 1.144915, -2.476133
-0.853248, 0.964993, -6.129544
-1.654801, 2.075808, -5.670396
-1.798169, 2.300045, -5.370220
-0.907666, 1.143007, -6.144014
-0.828922, 1.371178, -6.106791
-1.564439, -2.018558, -3.918852
-1.409211, -1.965810, -5.668401
-0.778026, -1.870118, -6.110360
-0.782095, -1.881477, -6.194866
-0.471224, -1.713021, -6.251704
0.139771, -1.616544, -6.212994
-0.075181, -1.542457, -6.268435
0.509845, -2.047583, -6.041282
-1.365247, 1.980708, -4.546522
-1.206486, 2.164268, -4.726074
-0.954527, 2.226314, -4.857754
-1.256374, 2.065836, -4.667090
-1.915587, 2.199223, -6.161330
-1.677583, 2.089151, -6.256637
-1.813450, 2.298032, -5.252565
-1.620285, 2.029635, -6.296810
0.245906, 2.249378, -5.949168
0.353712, 2.217278, -5.746471
0.331502, 2.168465, -6.057252
0.453699, 2.153992, -5.622175
0.632660, 1.603363, -5.728408
0.690854, 1.990171, -5.354150
0.871546, 2.012607, -5.150906
0.464810, 2.021499, -5.374084
0.985838, 0.218882, -4.996106
0.536079, 1.439978, -5.869700
0.611483, 0.030823, -4.556421
1.204331, 0.474989, -5.056464
0.039690, 0.831020, -4.738729
1.223601, 2.144338, -6.078234
0.448637, -0.081356, -5.140536
0.813036, 0.384744, -4.911984
-0.069367, -1.920073, -6.156221
0.455480, -1.622681, -6.087397
0.481790, -1.780681, -4.750264
0.715599, -0.939731, -4.653153
1.557017, -1.954961, -5.609810
1.910159, -1.470276, -5.988442
0.885362, -1.908669, -6.091537
1.054467, -1.781691, -5.512322
-1.065177, 0.754626, -5.792029
-0.173028, 1.090461, -6.198253
-1.406570, 1.075008, -6.143334
-1.457642, 0.868544, -5.707212
-1.800510, 2.309346, -5.579227
-1.283203, 1.492779, -6.215879
-1.403509, 1.232867, -6.211371
-1.194982, 1.174936, -6.290127
0.093696, -1.684807, -6.214911
0.517103, -1.911661, -5.977474
-0.324388, -1.655912, -6.015550
0.227103, -1.633667, -6.160174
2.091241, -1.985626, -6.083678
1.461419, -1.986494, -5.876981
1.340770, -1.506291, -5.565884
0.824735, -1.488030, -5.811713
0.595742, 2.109217, -5.027068
-1.248131, 1.229015, -6.212759
-0.691544, 1.062498, -6.101493
-1.727715, 2.254675, -5.801105
-1.856165, 2.271514, -4.869794
-1.920249, 1.532943, -6.265132
-0.830070, 2.214152, -6.037717
-1.405628, 2.000720, -6.252536
0.407217, 2.254683, -5.920818
0.095248, 2.233325, -5.393778
0.360923, 1.942836, -5.741160
0.803764, 1.489630, -6.225086
0.634387, 1.902566, -5.252219
0.510929, 1.751820, -5.588516
0.796512, 2.217423, -5.883667
0.817001, 1.932646, -6.099087
0.279291, -1.832034, -5.006266
0.634124, -1.961025, -6.146331
0.310326, -1.818982, -5.862147
0.590054, -1.646468, -4.579082
0.877563, -1.809889, -5.344282
1.940924, -1.661492, -5.819758
0.537055, -1.624029, -4.814565
1.085552, -1.793631, -5.494530
-0.392305, 1.464467, -5.928135
-0.996159, 0.220074, -5.624986
-1.174132, 0.693537, -5.939601
-1.397011, 0.857630, -5.845592
-0.696340, 1.095537, -6.120114
-1.310258, 0.856590, -5.789241
-1.691438, 1.096882, -6.078249
-1.080130, 0.682765, -5.683894
-1.576654, 0.668713, -2.250061
-0.076923, 0.861452, -5.801847
-1.667322, 1.436612, -3.254246
-1.592216, 2.210606, -5.737234
-1.682635, 2.187954, -4.919602
-1.530787, 1.420010, -3.437050
-1.657456, 1.608936, -2.756504
-1.632831, 1.551157, -2.812325
1.370198, 0.516459, -5.088573
1.077080, 0.469421, -5.803517
2.198188, 0.753014, -6.131317
1.441710, 0.281940, -5.323143
1.751170, 0.521684, -6.237771
1.853379, 0.289515, -6.178274
2.251972, 0.397005, -5.898702
2.190473, 0.558537, -6.288904
0.574732, 1.604034, -5.557627
0.890757, 2.044634, -6.134097
0.549711, 1.751112, -5.531880
0.026845, 1.161098, -4.646695
0.364150, 0.268594, -4.808259
0.400969, 0.792268, -5.850868
0.478466, 1.808293, -5.709658
0.424479, 0.464773, -5.216942
-1.867447, 0.329547, -5.649145
-1.586059, 0.980687, -5.784220
-1.630454, 0.994721, -5.825000
-2.001379, 2.086869, -6.075126
-1.730395, 0.664545, -5.856520
-1.155278, 0.077159, -6.036747
-1.998071, 2.205953, -5.997496
-1.946460, 1.757447, -6.268064
0.004182, -1.848823, -6.173297
-0.219922, -1.694945, -6.170383
1.026830, -1.842510, -5.800985
0.142470, -1.772392, -6.194101
2.206335, -1.362685, -6.171744
2.279747, -1.585595, -5.170962
1.737576, -1.742709, -6.223981
1.979514, -1.631140, -6.231139
0.282421, -0.657248, -4.327063
0.203621, -0.589163, -4.606059
0.385947, -0.788435, -6.211076
0.164874, -0.860196, -6.249802
0.655181, -1.287937, -5.627641
0.634170, -1.417676, -5.323535
0.473063, -0.898038, -5.616402
0.579261, -0.826840, -5.893351
-0.863765, 0.419841, -5.546083
-0.120998, 0.774688, -5.702796
-0.395881, 0.066991, -5.137224
-0.257274, 0.656640, -5.835515
0.085457, 0.509004, -5.054567
0.118290, 0.506193, -5.146559
-0.049467, 0.140257, -4.872890
-0.352595, 0.264432, -4.886598
0.358806, -0.785735, -4.426982
0.920370, -0.639420, -4.810644
0.127512, -0.887766, -5.174036
0.385922, -1.011696, -5.385432
0.245584, -0.589073, -4.686117
0.523546, -0.695016, -4.468756
0.956578, -1.810671, -5.920889
0.201171, -1.698631, -5.300250
-0.860147, 0.427807, -5.787092
0.458404, 1.725206, -5.366690
-0.786210, 0.388282, -5.728397
-0.533227, 0.480093, -5.686054
0.017380, 1.293316, -5.756861
-0.361266, 0.375601, -5.898581
-0.646966, 0.080293, -5.333080
-1.754097, 0.219393, -5.294991
0.915794, -0.718491, -4.574479
0.895588, -0.677611, -4.888054
0.771546, -0.661735, -4.619395
0.766404, -0.693316, -4.688729
0.373581, -0.524875, -4.184191
0.830679, -0.674833, -4.508109
0.602499, -1.750491, -5.614506
0.392941, -1.779265, -5.285697
0.266126, 1.407987, -6.283970
0.019754, 1.195172, -5.739032
0.018099, 0.865545, -5.890055
-0.275951, -0.025258, -5.265556
0.364354, 1.529962, -5.437852
-0.372066, 0.909456, -5.515818
0.430193, 1.313058, -5.202279
-0.578167, 0.190904, -5.634092
-1.551218, 0.662448, -6.043497
-1.973723, 0.829148, -6.247468
-1.971154, 1.765183, -6.189978
-1.551812, 1.366479, -5.827590
-1.318790, 0.364701, -5.566896
-0.777276, 0.498088, -5.103729
-0.929205, 1.132826, -5.663753
-1.662571, 0.757289, -5.825784
1.952087, -1.884037, -6.167733
2.232354, 0.008601, -3.245571
1.393658, -1.686260, -5.959453
2.110657, -1.969881, -6.221207
2.013633, -1.974183, -6.160869
2.285999, -1.563996, -5.191346
2.199415, -1.154765, -6.280290
2.224293, -1.245245, -6.240836
0.182242, -0.683396, -6.105649
0.218316, -0.693498, -6.075713
0.134031, -0.747793, -5.920990
0.085947, -0.694895, -5.894972
0.606142, -1.542286, -5.761967
0.484390, -0.848593, -6.200759
0.585257, -0.873467, -5.914400
0.084189, -0.120112, -5.762414
-0.387299, 0.709047, -6.153688
0.189169, 0.875337, -5.858811
-0.088721, 0.321195, -5.042130
-0.120774, 0.454780, -5.676948
0.028356, 0.927244, -4.833274
0.137211, 2.099443, -5.540688
0.123461, -0.453069, -4.276843
0.457708, 1.847566, -5.226423
0.449322, -0.876127, -5.807699
0.425566, -1.719819, -4.602873
0.409023, -0.526563, -5.739702
0.371703, -0.608723, -6.154460
0.670890, -1.152086, -6.089335
0.640712, -1.904409, -5.666702
0.481852, -0.537124, -5.846649
0.668632, -1.141744, -6.139635
-0.218516, 1.894183, -6.083984
0.248704, 1.659648, -5.747502
-1.643093, 2.156770, -4.822784
1.818050, 0.030588, -5.436753
-1.688267, 1.605304, -2.674578
-1.621279, 1.641720, -3.636330
-1.330916, 1.384875, -2.807388
-1.690372, 1.777532, -3.538414
0.146964, -0.869728, -5.659766
0.619674, -1.406090, -6.135955
0.849802, -0.994403, -4.726785
0.214496, -0.842188, -5.862681
0.674788, -1.361337, -5.381110
0.677697, -1.567587, -4.645483
0.866899, -1.751077, -6.218232
0.839272, -0.645478, -4.743882
-0.874801, 0.804827, -6.010843
-0.793919, 0.813731, -5.864785
-0.942125, 0.949010, -6.018977
-1.737881, 1.595404, -6.124330
-1.170505, 1.095604, -6.161482
-1.200768, 0.733866, -5.400619
-0.905368, 0.834778, -5.971125
-0.961792, 0.755186, -5.866235
0.693744, -1.854092, -5.562902
0.534323, -1.327920, -5.903991
0.613283, -0.673901, -4.423827
0.769472, -0.699676, -4.631033
0.622432, -1.762445, -5.678895
0.840797, -1.984103, -5.995732
0.753743, -1.981899, -6.236712
0.780352, -1.787965, -5.644369
-0.080228, 1.094299, -5.615846
-1.088956, 0.868290, -5.996765
0.107996, 1.114858, -5.513667
-0.076436, 0.692043, -5.867643
0.104125, 1.135741, -5.521796
-0.891151, 0.091597, -5.508521
0.090850, 0.749906, -5.841471
0.049580, 0.271206, -5.305209
-1.922959, 1.945283, -6.043297
-1.571190, 1.339134, -5.807439
-1.896642, 1.795355, -6.140383
-1.917817, 1.435339, -6.099077
-1.554964, 0.367912, -5.520648
-1.230767, 0.283187, -5.090156
-1.365003, 1.420206, -5.706053
-1.301729, 1.570819, -5.830478
1.956608, -1.914447, -6.129295
2.245720, -1.407018, -6.259069
2.209888, -1.986672, -6.213152
1.868351, -1.679438, -5.954269
2.128938, -1.337741, -6.237075
1.944558, -1.700853, -6.214714
2.106417, -1.412204, -6.237394
1.643187, -1.753964, -6.035370
-0.032759, -0.525367, -4.631337
0.430126, -0.568797, -6.096720
1.040468, 2.139957, -6.207576
0.395869, 0.354745, -5.952087
0.331651, -0.342170, -5.252110
0.733544, -1.530645, -5.450707
0.374711, 1.117535, -5.767484
0.357835, 0.544176, -5.802716
-1.518258, 2.389074, -4.814037
-1.164219, 2.314632, -6.082412
-1.743228, 1.656731, -2.626625
-0.220124, 0.956922, -6.112880
-1.983868, 2.119627, -3.580786
-1.748973, 1.502040, -2.945105
-0.083017, 0.831869, -5.557532
-1.662099, 1.599722, -2.636892
0.359666, -1.866664, -4.988071
0.696863, -1.187359, -4.658082
0.631626, -1.670397, -5.475184
0.511189, -1.571337, -4.601274
0.705572, -1.622857, -5.290993
0.779842, -1.706482, -5.937613
0.399094, -1.442781, -5.723565
1.118894, -1.828704, -5.593621
-0.949323, 1.257524, -6.143118
-0.867794, 1.447917, -6.176748
-0.796618, 1.111833, -6.168751
-1.178839, 0.934339, -6.048620
-0.718630, 1.760149, -6.266030
-0.538070, 2.131250, -6.181564
-0.806799, 0.819779, -5.807789
-0.998778, 0.734217, -6.052410
0.434622, -1.073905, -6.187981
-0.030476, -0.847546, -4.967867
0.404194, -0.922173, -6.217819
0.272418, -1.002445, -4.780014
0.661680, -1.619338, -4.644730
0.807639, -1.961492, -5.945672
0.887385, -0.667308, -4.931739
0.640482, -0.758087, -4.580989
-0.854645, 1.378342, -6.056029
-1.087644, 0.715179, -5.870604
-1.631890, 1.821536, -6.211505
-0.885308, 0.803492, -5.831421
-1.015892, 0.718157, -5.918321
-1.447857, 0.672404, -5.289659
-1.048819, 0.861466, -5.977671
-0.356282, 0.389617, -5.458355
0.030796, -1.332618, -6.028429
-0.316507, -1.366307, -6.225165
0.192159, -1.692262, -4.759166
0.891150, -0.678091, -4.746451
0.590517, -1.815669, -5.154538
0.933546, -1.567428, -5.825151
0.788926, -1.831513, -5.262217
0.701354, -1.837728, -5.360353
-1.946429, 1.294964, -5.929068
-1.987077, 1.662113, -6.217220
-1.210746, 1.896905, -6.298826
-1.987677, 1.482537, -5.749365
-1.717279, 1.995211, -6.156076
-1.528525, 1.429849, -5.722713
-1.489762, 1.524244, -6.160987
-1.891451, 1.420581, -5.704094
0.475673, -1.787243, -5.268657
0.687035, -1.708187, -4.682320
0.765292, -0.811186, -4.845688
0.382119, -1.788294, -4.567524
0.349888, -1.504266, -4.917343
1.005872, -1.925343, -6.090050
0.639488, -1.388293, -5.420605
0.652118, -1.928290, -6.180476
-0.811548, 1.212170, -5.928202
-1.658059, 1.030049, -5.954713
-0.249432, 1.172861, -5.768549
-0.472900, 1.475500, -5.919942
-0.992613, 0.779032, -5.647117
-0.751043, 0.583344, -5.434518
-1.425205, 0.784476, -5.323102
-1.367366, 0.388900, -5.277848
-0.202011, 0.852310, -6.072731
-0.409215, 0.881283, -5.706575
-0.476663, 0.645916, -5.978625
-0.436330, 1.229412, -6.221389
0.376217, 0.637578, -5.629436
0.069835, 1.151644, -6.237637
-0.190820, 0.962680, -5.975788
0.162979, 0.713244, -5.791597
2.081355, -1.736814, -4.686300
1.809561, -1.526077, -5.761450
2.126987, -1.010733, -6.062099
2.288643, -1.999519, -4.248454
2.309575, -1.962006, -3.415896
1.925300, -1.510726, -5.470962
2.120044, -0.884703, -6.233364
2.291274, -1.799808, -4.853250
-0.094318, -0.959120, -5.462684
0.287503, -1.428226, -5.551160
-0.159015, -0.916085, -5.500227
-1.935205, 0.136373, -5.510921
-1.243372, -0.373608, -5.821599
-1.372244, -0.221343, -5.553988
-1.253553, -0.075278, -5.725713
0.059852, -1.158940, -5.826710
2.164828, 0.810789, -6.069612
2.255620, 1.190900, -6.014547
1.267531, 0.896412, -5.971505
2.133878, 1.283367, -5.968757
1.973207, 0.862006, -6.089158
2.034050, 1.800916, -5.984948
1.972964, 1.293685, -6.065392
2.125648, 1.125445, -6.185303
-0.250439, -1.237318, -6.262937
-0.176490, -1.491441, -6.119410
0.156369, -1.133990, -5.947056
0.272503, -1.356841, -6.135048
-0.217166, -1.109693, -6.285081
0.070365, -1.506040, -5.701254
0.897512, -1.965218, -5.600823
0.263524, -1.922111, -6.051157
-1.728806, 0.251986, -6.136619
-1.354527, 0.456504, -5.572087
-1.947876, 0.796481, -6.147516
-1.861030, 0.569754, -5.735582
-1.654684, 0.425966, -4.862206
-1.177223, 0.425896, -5.128718
-1.462777, 0.579301, -5.115784
-1.527093, 0.538035, -5.144883
-0.081972, 0.241188, -3.609842
-0.490926, 0.852243, -5.916507
-0.585295, 0.510036, -6.206814
-0.394269, 0.144743, -5.984068
0.062061, 0.017614, -5.272333
0.016636, -0.419738, -4.443539
0.110299, 0.503226, -5.428903
-0.196065, 0.063414, -4.167921
2.174073, -1.968998, -3.058763
2.187451, -1.958289, -3.646809
1.918360, -1.613252, -5.037694
2.226716, -1.939261, -3.483168
2.298988, -1.724692, -2.411237
2.039341, -1.860247, -2.686447
1.960796, -1.779057, -5.865716
2.267458, -1.754861, -4.854639
-1.733575, -0.283476, -5.745853
-1.549054, 0.029660, -5.630609
-1.297941, -0.299423, -5.650589
-0.970894, -0.349904, -5.661153
-1.573678, -0.128258, -5.558463
-1.640075, -0.401808, -5.898356
-1.379882, -0.254562, -5.669948
-0.634552, -0.602070, -5.979868
2.213165, 1.418571, -6.254373
1.750775, 1.801893, -6.154414
1.868063, 0.891250, -6.158896
1.856142, 1.970331, -6.282784
2.080806, 2.137342, -6.104158
1.937646, 2.198150, -6.280009
1.535062, 2.034607, -6.045427
1.990855, 1.782778, -5.981136
-1.684114, 0.079506, -5.913712
-1.346434, 0.254732, -5.911364
-1.332981, 0.314892, -6.273017
-1.674446, 0.404653, -5.903175
-1.472144, 0.137590, -5.912803
-0.966791, 0.272516, -5.561983
-1.372123, 0.311839, -5.927675
-0.994043, 0.226868, -5.494870
0.247421, -1.711668, -6.230481
0.260011, -1.774095, -5.976954
0.318437, -1.453591, -5.716119
0.004178, -1.704790, -5.714557
1.293536, -1.484688, -5.470647
0.751624, -1.514356, -5.378522
0.156517, -1.697835, -5.784463
0.620378, -1.880170, -5.320498
-1.949539, 0.996199, -6.145317
-1.751175, 1.182466, -6.019564
-1.895363, 1.282989, -6.158437
-1.876908, 1.798131, -5.932106
-1.635896, 1.074732, -6.277955
-1.999593, 1.117180, -6.097780
-1.290122, 1.887712, -6.198566
-0.765182, 1.122190, -6.262928
-1.079019, -0.996447, -6.112463
-1.696774, -0.280701, -5.747228
-1.743944, -0.357280, -5.682364
-1.453969, -0.188666, -5.646570
-1.571557, -0.283875, -5.870163
-1.415825, -0.607683, -6.080411
-1.157638, -0.326662, -5.963097
-1.952921, -0.323004, -5.683376
-1.180804, 0.192489, -6.083962
-1.201533, 0.225862, -6.057981
-1.414528, -0.164231, -5.903771
-1.282772, -0.023879, -5.883906
-1.609999, 0.020969, -5.994830
-1.632755, 0.382120, -6.122024
-1.413672, 0.204621, -6.069898
-1.865008, 0.016938, -4.919429
2.196179, -0.222935, -6.229806
1.801174, -0.013984, -6.221317
1.896257, -0.084260, -5.902536
1.810045, -0.231895, -5.928931
0.717945, -1.162818, -5.645844
2.245320, -0.193664, -6.178532
2.223374, -0.045149, -5.871853
1.645362, 0.310836, -6.065884
-0.824403, 1.888963, -6.081904
-0.503624, 1.500946, -6.028448
0.063097, 1.473371, -6.063073
-0.094311, 1.267904, -6.261396
0.221251, 1.368459, -5.564192
-0.151300, 1.510354, -6.172170
-0.794615, 1.838791, -6.084419
-0.628291, 1.553030, -6.129658
0.082180, 0.819118, -6.216194
-0.282967, 0.750446, -6.002363
-0.550970, 1.640116, -6.193084
-0.426590, 1.291154, -6.114031
0.350959, 0.856526, -6.093647
0.281967, 0.385324, -5.403154
0.202989, 1.465600, -5.950665
0.359864, 2.229993, -5.886067
0.417652, -0.135717, -5.332409
0.133671, -0.399510, -5.426559
-0.950967, 1.980007, -3.328052
2.308567, -1.759106, -2.430564
-0.482422, 2.305803, -4.065942
1.955649, -1.198061, -3.620949
-1.896077, 2.308180, -2.798121
-1.961138, 2.302956, -2.635589
1.879357, 0.792791, -6.119900
1.462212, 0.705766, -6.260058
2.190744, 1.584344, -6.245860
1.575035, 1.509801, -6.262937
2.224099, 1.256405, -6.250537
2.039173, 2.038084, -5.989591
2.207706, 1.419534, -5.964385
2.185149, 2.136686, -6.028117
-1.810534, -0.048108, -4.938235
-1.416430, -0.145937, -6.106412
-1.162524, 0.352449, -5.829485
-1.429224, -0.069545, -5.598637
-1.561782, 0.011414, -5.460719
-1.562518, -0.001047, -5.328874
-1.630399, 0.040184, -5.027339
-1.259259, -0.029601, -5.008603
0.096976, -1.801574, -6.053284
0.164852, -1.812809, -6.211875
0.087196, -1.846400, -6.237357
0.226756, -1.580942, -6.274659
0.519758, -1.911928, -6.103998
0.462462, -1.937605, -5.985955
0.523354, -1.796633, -6.287663
0.981421, -1.860532, -5.697868
-1.694716, -0.132275, -5.767761
-1.734967, 0.025905, -6.222593
-1.376250, 1.608708, -5.865565
-1.729735, 1.721739, -6.169024
-1.540492, 0.012400, -6.168613
-1.642734, 0.715356, -6.064749
-1.866560, 1.282441, -5.812407
-2.007977, 1.266027, -5.913338
-1.323355, -1.249139, -5.973525
-1.518442, -1.058250, -5.980612
-1.758861, -1.516657, -5.771246
-0.557889, -0.876966, -6.081011
-1.031380, -0.733672, -6.136261
-1.450970, -0.269025, -6.060098
-1.480605, -0.638825, -6.004306
-1.051858, -0.500783, -6.038668
-1.933406, 0.030448, -6.081702
-1.418876, 0.054947, -6.047600
-1.815385, 0.111562, -6.121219
-1.378489, -0.165149, -6.100003
-1.337192, -0.328030, -6.021191
-1.102248, 0.030957, -6.275425
-1.961484, 0.091978, -6.129325
-1.306821, -0.107937, -6.237633
-1.465530, -0.116518, -6.205061
-1.369078, -0.396450, -6.224287
-1.191414, -0.133459, -6.289206
-1.285830, -0.038007, -5.594667
-1.535406, -0.106329, -5.752465
-1.317317, -0.186637, -6.234792
-1.625406, 0.085198, -5.457949
-1.960425, -0.095160, -5.915568
0.309800, 1.286820, -4.944673
0.024200, -0.165497, -4.064239
-0.092361, 0.291137, -5.450274
-0.632798, 0.149814, -4.921665
-0.597487, -0.026651, -5.689612
0.266622, -0.661319, -5.789587
0.060479, 0.664334, -4.826862
0.215011, 1.528147, -5.008881
1.246172, 0.500600, -5.793180
1.109884, 0.169854, -5.428339
1.538090, -1.162019, -6.240873
0.238327, -1.104971, -5.703057
0.341614, -0.731561, -5.930928
0.241400, -0.469548, -5.204025
0.601619, 0.027573, -4.493999
0.395625, -0.454437, -4.519547
-1.376645, -0.521765, -6.177614
-1.120317, -0.049501, -5.370021
-1.840400, 0.543970, -6.149331
-1.714166, -1.043023, -6.009311
-0.892779, -0.146594, -5.582336
-0.691633, -0.200890, -5.513552
-1.429253, -0.010844, -5.314068
-0.858877, -0.162131, -5.427975
-0.660312, -1.912736, -6.229271
-0.523134, -1.919435, -6.124538
-0.456936, -1.648255, -6.219708
-0.009472, -1.688712, -6.157870
1.037966, -2.000668, -5.708788
0.227803, -1.957686, -5.993207
0.611212, -1.821641, -6.216190
0.588149, -1.999897, -5.988815
-1.398443, 1.042089, -5.750223
-1.882859, -0.715921, -6.165328
-1.465273, 1.596753, -5.967813
-1.234313, 1.242890, -5.832978
-1.834869, -0.640037, -6.142611
-1.651093, -0.254249, -6.040419
-1.984374, 1.899001, -6.287370
-1.804587, 1.159901, -6.254968
-0.515153, -0.664648, -6.118850
-1.194888, -0.743488, -6.121668
-1.600427, -1.063139, -5.994953
-0.504201, -1.013312, -6.027787
-1.456424, -1.229046, -5.947440
-1.504263, -0.997819, -6.013447
-1.512602, -0.717565, -6.037787
-0.911864, -0.688775, -6.128020
-1.922255, -1.007311, -6.226329
-1.963157, -0.652224, -6.167269
-1.820426, -0.139901, -6.102173
-1.774043, -0.205007, -6.158077
-1.503485, -0.190391, -6.256335
-1.637615, -0.160692, -6.284748
-1.338332, -0.007401, -6.107533
-1.920106, -0.040605, -6.173911
-1.459060, -0.691226, -5.655606
-1.775607, -0.226134, -5.972414
-1.990866, -1.743751, -6.230110
-1.954164, -0.385887, -6.061068
-1.830714, -0.537527, -5.984694
-1.765469, -0.094480, -5.111915
-1.434998, -0.270335, -6.130891
-1.957556, 0.115311, -6.012863
0.212849, -1.352558, -6.141677
0.398783, -1.514506, -6.157957
-1.392986, -0.472302, -5.587627
-0.705162, -0.243754, -5.221825
-0.218685, -1.273513, -5.996491
0.290284, -1.457745, -6.182316
-1.849773, 0.107155, -5.063242
-1.784063, 0.205728, -5.375653
0.652791, 1.747762, -5.147194
0.701218, 1.969818, -5.010635
0.837948, 1.878696, -4.996083
0.725162, 2.013289, -4.989659
-0.024435, 0.738422, -5.684474
0.296386, 1.054264, -5.382687
0.717784, 1.864101, -4.984966
0.033189, 0.366148, -5.038460
1.649992, 0.454791, -5.353882
0.480408, -0.413363, -5.255628
0.701273, -0.860768, -6.292715
0.297799, -0.374510, -5.149302
0.172041, -0.499658, -5.332493
0.288921, -0.810068, -5.277586
0.943300, -0.071658, -5.468929
1.076620, 0.195775, -5.489831
-1.643477, -1.113653, -5.886468
-0.495060, -1.252732, -6.208205
-1.313755, -0.868458, -6.251734
-1.738503, 0.633059, -6.112908
-0.910358, -1.265372, -6.220390
-1.401755, -1.489674, -6.235543
-1.912886, -0.565596, -6.224544
-0.921218, -1.205912, -6.211973
1.267732, 0.979960, -6.190923
2.052459, 0.665915, -6.149787
1.240482, 1.340642, -6.118323
1.380833, 1.031231, -6.161975
0.879691, 0.421232, -5.555941
2.076482, 0.560522, -6.113832
0.828011, 0.678599, -5.843112
1.471698, 1.648317, -6.239226
1.336193, 0.080282, -5.190827
1.363937, 0.051246, -4.743809
1.366717, 0.462176, -5.052522
2.232040, -0.088370, -5.758756
1.768857, 0.689116, -5.893578
1.540072, 0.347075, -6.053061
1.432686, 0.246103, -5.268604
1.520209, 0.800632, -6.049390
-1.969755, -1.977055, -5.534945
-1.642283, -1.990016, -5.913184
-1.641927, -1.975729, -6.202507
-1.831351, -1.874262, -6.009068
-1.281648, -1.324495, -6.167013
-1.815648, -1.297188, -6.103523
-2.002488, -1.271449, -6.189668
-1.278077, -1.561888, -6.227484
0.398220, 1.339860, -5.955466
0.408017, 0.490750, -5.434502
0.423224, 1.272105, -5.818113
0.362904, 0.927646, -5.136572
0.909975, 1.624421, -6.197206
0.467179, 0.834789, -5.612833
0.700066, 1.017119, -5.918808
0.499078, 0.791731, -5.520672
0.521008, -1.310192, -6.153398
0.363386, -1.705006, -4.837022
0.368577, -1.735800, -5.013793
0.531729, -1.601827, -6.137458
0.386835, -1.568577, -5.004853
0.839217, -1.823290, -6.222338
0.777610, -1.668268, -6.141448
0.749304, -1.747534, -5.678099
-0.865845, 1.608204, -6.149536
-0.143216, 1.678621, -6.069766
0.867901, 2.015525, -4.958736
0.465250, 2.069630, -6.237579
-1.558765, 1.918586, -6.088496
-0.327149, 1.572534, -6.005651
0.230419, 0.927160, -5.411309
-0.996512, 0.652646, -5.449458
1.296650, 0.814730, -6.047454
1.308784, 1.322446, -6.159708
1.488551, 1.591027, -6.222083
1.737132, 2.043013, -6.195926
1.702385, 1.216643, -6.175461
2.239586, 0.683959, -6.254277
1.703565, 1.087924, -6.171283
1.600352, 1.730128, -6.191415
0.871041, -0.022602, -5.493116
0.459383, -0.453394, -4.470666
1.929809, 0.175426, -6.041596
1.059344, 0.060707, -4.903738
0.406732, -0.166898, -5.114701
0.650337, -0.287548, -4.939708
0.875190, -0.086920, -5.265103
1.308825, -0.043186, -5.212692
-0.613711, -1.323108, -5.916789
-1.327810, -0.887289, -6.050836
-1.400599, -1.732740, -6.007673
-1.049681, -1.826450, -6.031781
-0.986433, -1.450971, -5.998982
-0.576374, -1.494673, -5.904475
-1.394066, -1.659847, -5.999686
-1.129842, -1.468819, -6.032378
-1.979568, -1.233745, -5.979430
-1.994403, -1.187436, -5.872363
-1.969311, -1.504942, -6.072268
-1.974699, -0.665423, -6.119944
-1.943234, -1.900802, -6.035417
-1.987253, -1.383403, -5.955227
-1.751111, -0.379730, -5.949875
-1.949779, -0.506437, -5.949692
1.384196, 0.412236, -4.987334
1.222169, 0.544429, -5.783212
1.306699, 0.530194, -6.019244
1.500863, 0.618652, -5.973379
1.226421, 0.149127, -4.724136
1.075287, 0.217865, -4.611677
0.565561, 0.351983, -5.556303
0.817169, 0.610092, -6.056275
1.958391, 0.533388, -6.157213
1.799600, 0.813758, -6.229189
2.132626, 1.070962, -6.260969
1.386141, 0.620512, -6.183601
2.050763, 0.735360, -5.951495
2.028563, 0.398467, -5.777867
1.900244, 0.743372, -5.725068
1.976758, 1.751604, -6.189586
0.327904, 0.520941, -5.662241
0.857691, 1.281954, -6.247544
0.673845, 0.732845, -5.879055
0.324199, 0.419981, -5.124432
0.633874, 1.540640, -5.858857
0.209453, -0.230769, -4.655905
1.110700, 2.208056, -6.004866
0.447029, 0.444858, -5.097650
0.851034, -0.458232, -5.993664
0.849560, -1.117059, -6.069199
0.710720, -1.037125, -5.833578
1.540708, -0.399935, -6.156705
1.201428, -1.373089, -6.141565
0.808272, -0.510044, -6.044699
1.566744, 0.100989, -6.168407
1.001036, -1.356965, -6.025206
0.885269, 0.690348, -5.883608
0.570317, 0.476913, -6.126132
0.185924, 0.108191, -5.272078
-0.268079, -0.117913, -5.000009
0.537894, 0.075555, -5.037558
2.264544, 0.543246, -6.037041
-0.047366, 0.116839, -5.588488
-0.215411, -0.141269, -5.387391
-0.762415, -1.833625, -6.103116
0.624729, -1.698745, -6.241948
-0.664617, -1.913046, -6.082220
-0.001740, -1.172667, -6.174099
1.614111, -1.753630, -6.229372
-0.565116, -1.855335, -6.254719
0.718446, -2.020213, -5.870376
1.167674, -1.817440, -5.145442
-1.995598, 1.452393, -6.034914
-1.891091, 1.699726, -6.270043
-1.895996, 2.197856, -6.157562
-1.988251, 1.296618, -6.079263
-1.819612, 2.159929, -6.260589
-1.900466, 1.298286, -6.279374
-0.994703, 1.984452, -6.094886
-1.649121, 1.815545, -6.273438
1.300498, 1.807263, -6.152016
1.704478, 2.063167, -6.210160
1.807400, 2.128652, -6.202302
1.887124, 2.293559, -6.160569
1.156963, 0.999197, -6.020891
1.127642, 1.348832, -6.011024
1.256140, 1.390972, -5.919960
1.316853, 2.143948, -5.980042
0.435498, -0.976798, -4.808627
0.318172, -1.877171, -6.171903
0.480637, -1.577840, -4.601451
0.226455, -1.594637, -6.127429
0.692044, -1.955400, -5.247170
0.496799, -1.496298, -5.294297
1.140401, -1.823469, -5.422055
1.592747, -1.978323, -5.683359
-0.807458, 2.082931, -6.124574
-1.373623, 2.070435, -6.223951
-1.737592, 2.260615, -5.460892
-0.796962, 1.448375, -6.048599
-1.616363, 2.190181, -6.273464
-1.104078, 1.175462, -6.155254
-0.934624, 1.749584, -6.138357
-0.945282, 1.217967, -6.110373
0.727206, 0.074653, -4.678442
1.773931, 2.157672, -4.242315
0.721776, 2.006486, -5.975242
0.977939, 1.931514, -5.869811
2.204271, -0.528595, -2.009872
1.235737, 2.123568, -5.673795
1.169864, 2.187881, -6.148369
0.705179, 0.284274, -5.311991
-1.901471, -1.983854, -2.379595
-0.215499, -1.493219, -5.892434
-1.859978, -1.998939, -2.287773
-1.904188, -1.983098, -2.586587
-1.336444, -1.238218, -5.983607
-1.432118, -0.970389, -6.137994
-1.598897, -1.213246, -5.964252
-1.538725, -1.800878, -5.291436
1.572760, 0.564500, -5.804156
1.490567, 0.376153, -5.729967
0.955203, 0.637780, -5.834745
1.051677, 0.634237, -5.948286
2.255585, 0.534218, -5.931857
2.078282, 0.376386, -5.709613
2.293071, 0.524149, -6.222931
2.250507, 0.450137, -5.952587
-1.687248, -1.800962, -5.833160
-1.628069, -1.795020, -5.904336
-1.706334, -1.958591, -5.959987
-1.985429, -1.950797, -6.136494
-1.685686, -1.738486, -5.648587
-1.748931, -1.975837, -4.865185
-1.588073, -1.917278, -5.929586
-1.693170, -1.779408, -5.674452
1.706845, -0.040556, -4.906095
0.871258, 0.392859, -5.914510
1.041502, 0.159274, -5.341258
0.802497, 0.316187, -4.532097
0.312065, -0.186478, -4.237956
1.041755, 0.248850, -4.649820
0.489790, 0.348792, -4.406381
1.586950, -0.110682, -5.207715
1.255758, 0.440933, -5.016847
0.522851, 1.370281, -5.775194
0.314576, 0.164250, -4.609854
0.325483, 0.464739, -4.641134
0.598958, 1.081799, -5.451956
2.157856, 0.707881, -6.052685
0.128838, 0.335048, -4.531502
0.792194, 2.160441, -6.109920
0.369484, -0.113527, -6.024777
0.939468, -1.792084, -5.877186
0.436749, -0.649847, -4.490468
0.269776, -0.113790, -5.338681
0.851090, -1.882886, -5.674619
0.796377, -0.582544, -4.417391
0.617329, -1.936857, -5.668479
0.251465, -1.556347, -4.544137
-0.097648, -0.534507, -5.270235
-0.443808, 0.386557, -5.474152
0.158594, 1.213791, -5.546341
-1.323970, 0.303678, -5.529391
-1.575158, 2.324602, -5.410676
-1.046346, 0.996036, -6.137426
-1.478582, 2.168274, -6.074622
-1.212328, 1.988893, -6.097201
1.095718, 0.240583, -4.651490
-0.228203, 0.597709, -3.267662
0.608272, 0.367754, -4.560985
0.327634, 0.067184, -5.657139
0.896873, 0.056540, -4.697910
1.033092, 0.292812, -4.637576
0.946940, 0.042307, -4.696988
1.067957, 0.252865, -4.634594
0.690036, 0.567461, -5.769800
0.967379, 0.581490, -5.574664
0.829699, 0.863046, -6.225450
0.754025, 0.742781, -6.061015
1.115651, 0.657120, -5.925683
0.705729, 0.444171, -5.505989
-0.049843, 0.223548, -5.907588
0.840272, 0.078146, -4.639583
0.561745, -1.781859, -6.243844
-0.322035, -1.011480, -6.241048
-0.178920, -1.765902, -6.179862
-0.064118, -1.703727, -6.162048
0.647252, -1.948812, -6.076402
2.123329, -1.912767, -5.784687
0.923841, -1.753513, -5.705168
0.777417, -1.637581, -6.059029
-1.977376, 2.224032, -5.958341
-1.965576, 1.861287, -6.188474
-1.718549, 2.019925, -6.199272
-1.791123, 1.656515, -6.299637
-1.936427, 1.272575, -6.270983
-1.832451, 1.521472, -6.199937
-0.974750, 1.667206, -6.208930
-1.737677, 1.972244, -6.239078
0.956845, 0.419024, -5.713231
1.001262, 0.452362, -6.226960
2.283167, 0.550146, -5.881689
2.136572, 0.553625, -5.810491
1.216164, 0.310845, -5.639008
1.054295, 0.428625, -5.821781
1.484185, 0.621303, -5.792296
1.985818, 0.599905, -5.757833
1.210800, 0.106754, -5.328889
1.597695, 0.396942, -5.953920
1.800317, 0.487247, -5.283100
0.809452, 0.294092, -4.534260
1.136629, 0.414624, -6.227355
2.170376, 0.479842, -6.169906
1.675798, 0.550201, -5.916129
1.469096, 0.671925, -5.749459
0.405517, 2.031373, -5.935879
-0.129571, 0.267356, -4.534551
0.440876, 1.761898, -5.754930
0.344634, 0.557023, -5.684137
1.434050, 2.156054, -6.196242
0.543648, 0.762974, -5.534793
0.762568, 0.913972, -5.855539
0.429551, 0.486620, -5.108545
1.049305, 0.580787, -5.336764
1.119767, 2.060485, -5.946039
1.037188, 0.648207, -5.561702
0.822166, 2.042931, -6.185344
1.911603, 0.845104, -6.142723
1.244937, 2.267068, -6.100520
0.695250, 2.249288, -6.069489
1.094555, 0.992461, -6.099762
0.710985, -1.046808, -4.645607
0.510153, -1.619014, -4.757237
0.539809, -1.745534, -4.611232
0.510627, -1.571109, -6.223025
0.911335, -1.877520, -6.077785
0.851716, -1.898929, -6.007558
1.174676, -1.929502, -5.967577
0.630235, -1.774058, -5.836567
-0.131839, 1.145896, -5.786015
-0.747973, 0.993072, -6.079154
-0.328591, 1.554189, -6.064804
-1.085818, 0.092463, -5.124184
-1.154890, 0.710559, -5.880964
-1.481232, 2.172501, -6.034787
-1.069995, 0.688037, -5.726949
-0.285122, 0.535212, -5.420455
0.945113, -1.529752, -5.860097
0.656234, -0.901901, -5.893817
0.087909, 0.099547, -6.002963
0.381168, -0.114540, -4.099141
0.698440, -0.416636, -6.014987
0.556428, -0.622643, -5.384403
0.639619, -0.156540, -5.489954
0.644780, -0.353602, -6.038793
0.267921, -0.645987, -5.405373
0.751389, -0.762158, -5.980243
-0.219426, -0.292431, -5.954797
1.011227, -1.381740, -6.205462
0.901924, 0.248107, -5.471539
0.810976, -0.713072, -6.029775
1.391239, -1.407104, -6.166997
0.876654, -0.107898, -5.452773
0.083324, -0.293347, -4.723694
-0.130597, 0.026781, -5.720448
-0.239690, -0.291514, -5.379473
-0.263412, -0.116390, -5.023021
0.323452, 0.409594, -5.927853
0.634182, 0.619990, -5.445084
0.340643, -0.215059, -5.241384
0.702942, 0.319052, -5.279201
1.178661, 1.302005, -6.096554
1.184890, 1.287849, -6.114102
1.238217, 1.297941, -5.915693
1.045261, 1.659120, -5.858632
-0.063153, -0.075501, -5.454631
-0.005095, 0.062216, -5.424553
1.360655, 0.868943, -6.248067
-0.296208, -0.299203, -4.567235
1.447794, 0.959708, -6.110735
1.698934, 1.122431, -3.734160
2.351435, -0.681929, -5.520383
1.551847, 1.747068, -6.143345
2.192867, 0.656325, -5.892434
1.749526, 1.852998, -6.000214
2.033442, 1.518111, -6.064200
0.915502, 1.360908, -5.823687
-1.313965, -1.951697, -1.550658
-1.796833, -0.071346, -5.051192
-1.899225, -1.593659, -3.909098
-1.279685, -1.857996, -1.554638
-0.783398, -0.327314, -5.952457
-1.464209, 1.549179, -5.787012
-1.884615, -2.004395, -2.260260
-1.395958, -2.002701, -1.614920
-0.019648, 0.733489, -5.862060
-0.038016, 0.657474, -4.886332
-0.112610, 1.117682, -6.042155
-0.295044, 1.009506, -6.093582
0.235713, 0.570964, -5.562706
0.144493, 0.933155, -5.972951
0.088244, 1.387200, -5.896302
0.303630, 1.055108, -5.868098
0.140126, -0.505285, -5.125416
0.454451, -0.908766, -5.972923
0.539228, -0.837760, -6.048481
0.479012, -0.877853, -5.670264
0.439183, -1.203768, -5.383686
0.611359, -1.563236, -5.581712
0.468759, -1.113383, -5.662816
0.632993, -1.268276, -5.490675
0.144020, 0.292724, -5.933692
0.297064, 0.403366, -5.973855
0.841391, 0.718304, -6.144640
0.670613, 0.653847, -5.772682
1.072128, 0.539913, -6.193025
0.744991, 0.559488, -5.910040
0.757885, 0.430741, -5.400647
0.903672, 0.684669, -6.168282
-0.930816, -0.965117, -6.097409
-1.729069, -1.644489, -5.927158
-1.733721, -1.339691, -5.929613
-2.014425, -1.667007, -5.932239
-0.949778, -1.176848, -6.086729
-1.041686, -1.247686, -6.237239
-1.771648, -1.351236, -5.976053
-1.844949, -1.998974, -4.416936
1.534236, 0.468760, -6.284066
0.409566, 0.002737, -5.419126
1.060146, 0.162043, -5.899358
0.938517, 0.188277, -6.206021
0.229695, 0.057459, -4.281308
0.780515, 0.583353, -4.559067
1.498845, 0.013401, -4.822482
1.135484, 0.272633, -5.827362
-0.161227, 0.124819, -4.967882
0.059869, 0.079031, -4.870677
0.041395, 0.872117, -6.074986
0.137176, -0.193779, -4.539834
0.137367, 0.587934, -5.665308
-0.026987, 0.452623, -4.770512
0.167486, 0.899287, -6.261395
0.212544, 0.685327, -5.897159
0.312035, -1.676607, -5.487029
0.135395, -1.406801, -5.329257
0.695536, -1.388410, -6.282792
1.055922, 0.164387, -5.412080
0.009871, -0.465757, -5.439262
0.765997, -1.686280, -6.048758
0.504393, -1.982694, -5.621276
0.535781, -0.937342, -6.155138
0.729778, -0.266307, -4.958431
0.812220, 0.273829, -5.956397
0.502900, -0.237168, -4.469986
0.701860, 0.255858, -5.691435
1.104017, 0.277722, -6.218404
1.083559, 0.294708, -6.112479
0.792696, 0.234674, -5.437979
0.835068, 0.423725, -5.817048
1.150111, 0.296218, -6.225224
0.858017, 0.122067, -4.855301
1.251796, 0.522134, -5.023951
1.443760, 0.456273, -5.864552
0.954767, 0.473943, -5.502395
1.642027, 0.293379, -5.366630
1.774052, 0.590463, -5.847225
1.499130, 0.139977, -5.115375
0.258157, 1.192391, -6.224144
-0.105115, 0.485414, -4.680535
0.337396, 1.473398, -6.058596
-0.117849, 0.998092, -4.966085
0.050700, 1.223318, -4.691486
0.389619, 1.179115, -6.107472
0.478096, 1.623361, -5.065115
0.438977, 0.577632, -5.213475
0.102267, -1.164606, -5.305731
0.393937, -1.859401, -5.540772
-0.045732, -1.495427, -5.767143
-0.237258, -1.963664, -6.117816
-0.604902, -0.624492, -6.110365
-0.365753, -1.160680, -5.986178
-0.902419, -0.543752, -6.058457
-0.370883, -1.148162, -5.994058
1.175099, -1.523322, -6.098842
1.557249, -1.534537, -6.159233
0.843660, -0.244047, -5.313231
1.349522, -1.630720, -6.083572
1.271998, -1.502817, -5.562645
0.212966, -0.797776, -5.266552
0.581506, 0.831730, -4.591431
0.606903, 0.059718, -4.549584
1.207310, 0.629968, -5.520193
1.423209, 2.188949, -6.197604
1.216547, 1.997819, -6.014232
2.290775, 2.189692, -6.029131
1.706005, 2.100939, -6.096132
0.818930, 2.128439, -6.163534
1.219283, 2.200181, -5.785261
1.695715, 1.827752, -6.214925
0.437761, -1.360619, -5.872194
0.339726, -1.699343, -5.838923
0.170665, -1.213844, -6.126264
0.260420, -1.207095, -6.044294
1.395525, -1.969162, -6.092000
0.511430, -2.001642, -5.338338
1.710746, -1.831431, -5.640827
1.603183, -2.018625, -5.850418
-1.670808, 2.058857, -6.202048
-1.894720, 2.222814, -6.231244
-1.724593, 1.891252, -3.678687
-1.709128, 2.004392, -3.856535
-0.878969, 1.560149, -6.251273
-1.041884, 1.886075, -6.252362
-1.510933, 2.230433, -6.198862
-1.396932, 1.902220, -6.226131
-0.912749, 0.131295, -6.001280
1.770142, -0.989393, -6.189884
0.835431, -1.289090, -5.900858
1.147304, -1.570670, -5.802967
0.274586, -0.441810, -5.643133
1.762658, -0.967207, -6.168785
0.122882, -0.128163, -5.943291
0.828756, -0.212072, -5.425819
0.337261, -0.331149, -4.352969
0.138043, -0.435630, -4.632408
0.181306, -0.745501, -4.579593
1.016175, 0.236619, -5.555120
0.281206, -0.489464, -4.575819
0.749229, -0.047889, -5.075172
0.702959, -0.496547, -4.994219
1.010156, -0.050469, -6.195620
0.888711, 0.167513, -5.989866
1.356231, 0.228375, -6.071369
1.308265, 0.289252, -5.939641
1.260233, 0.283025, -6.025556
1.511126, 0.287493, -6.257928
2.253161, 0.301180, -5.998476
1.103751, 0.185171, -6.069992
1.132284, 0.432638, -5.747638
-0.520638, 0.281603, -5.971786
-0.580332, 0.133221, -5.738642
-0.360866, 0.057580, -5.594360
-0.239781, -0.008105, -5.535084
-0.311277, 0.434262, -6.138783
-0.002595, 0.198472, -6.258055
-0.216882, 0.409784, -5.704622
-0.198793, 0.283160, -5.274355
0.131887, -0.450985, -4.976920
-0.030009, -0.765869, -4.889349
0.132013, -1.894510, -5.441220
0.149301, -0.525443, -4.940154
0.124090, -0.435276, -4.764406
0.282918, -0.271909, -5.048679
0.130949, -0.654350, -4.861577
-0.060490, -0.383560, -5.684236
0.732900, -0.360798, -5.179041
0.092737, 0.150825, -5.699024
0.540338, -0.170931, -5.199896
0.921840, 0.252746, -6.227023
0.860061, -0.258781, -5.079059
0.772728, 0.038915, -6.141640
0.791090, -0.141249, -5.368599
0.613406, -0.563655, -4.724176
0.369387, 0.146170, -4.350399
1.176178, -0.046936, -5.104421
0.398942, 0.234742, -5.540457
1.642147, -0.019017, -4.952429
1.024807, 0.162661, -4.738804
0.841303, 0.423621, -4.564287
0.932599, 0.534880, -5.801975
0.696849, 0.467642, -4.454391
1.568120, -0.145377, -5.999558
1.067077, 0.016421, -5.920516
1.619875, 0.600613, -5.826089
1.974237, 0.385271, -5.967875
2.249770, -0.178120, -6.133492
1.481649, 0.068152, -5.907004
1.951577, -0.104286, -5.989428
1.893133, 0.352789, -5.996061
-0.285377, 0.839817, -6.089527
0.177160, 0.754699, -5.876677
-0.424656, 0.548863, -5.941535
-0.593748, 0.633985, -6.119513
0.136338, -0.294660, -3.915433
0.076458, 0.560493, -5.013219
-0.096522, 0.655263, -4.642487
0.119778, 0.446562, -4.697185
-0.673872, -1.553836, -6.000979
-1.549235, -0.586716, -6.066494
-1.477242, -1.000038, -6.031807
-1.110942, -0.385099, -6.086281
-1.475437, -1.467589, -5.876116
-0.592153, -0.671001, -6.132244
-1.266719, -1.628803, -5.986580
-0.904360, -1.054946, -6.014149
-1.955068, -0.836827, -6.003156
-1.994779, -1.077633, -5.884576
-1.908216, -0.539688, -6.129384
-1.926738, -0.448310, -6.264990
-1.953472, -1.716294, -6.030457
-1.894447, -1.955883, -6.072177
-1.916643, -0.528927, -5.947878
-1.665394, 0.788286, -5.756382
1.465298, -1.678749, -6.090076
2.011364, -1.577074, -6.195060
0.927925, -1.058377, -6.131593
1.180444, -1.417158, -6.151433
1.523882, -1.595631, -6.151742
1.844882, -1.372728, -6.221912
2.167783, -0.622328, -6.071572
1.759260, -0.260895, -6.120739
0.434061, -1.982016, -5.166139
-1.176371, -0.882164, -6.181400
-0.198201, -0.820442, -6.153935
-0.449569, -0.345718, -6.101226
-0.381061, -1.527310, -5.845998
-0.363774, -1.517762, -5.869298
-0.692415, -1.085561, -6.075521
-0.584483, -1.592045, -5.859662
0.944545, -1.344748, -5.822342
1.218586, -1.463410, -5.441362
1.382292, -1.676793, -6.260433
1.040533, -1.447837, -6.055181
1.298363, -0.332187, -6.162168
1.216519, -0.219430, -6.096204
0.241608, -0.573375, -5.235734
1.271872, -1.655242, -5.991050
0.846543, 0.049640, -5.820587
0.931071, 0.247886, -5.635409
0.558679, -0.298081, -5.062974
1.828922, -0.351795, -6.125816
0.738823, -1.572994, -5.882988
0.222016, -0.583923, -5.798008
0.571496, -0.247856, -4.874291
1.696022, -1.276988, -6.194006
0.413321, -0.462768, -4.653223
0.327350, -0.421479, -5.696963
0.476305, -1.655986, -6.141149
0.086740, -1.623013, -5.308457
0.479045, -1.448586, -4.663906
-0.135023, -0.249184, -5.187965
0.282530, -0.838965, -5.380063
0.400742, -0.686849, -4.739450
1.061709, 0.004707, -5.331364
0.950151, 0.134382, -5.425221
0.875706, 0.161493, -4.676253
1.544116, 0.161437, -5.255518
1.234112, 0.259452, -5.399687
1.081085, 0.414368, -5.885860
1.209850, 0.069284, -5.313783
1.984531, 0.640586, -5.895570
-0.152877, -0.144464, -3.955321
-0.243718, 0.544833, -4.964859
-0.400277, 0.599024, -5.360754
-0.236193, 0.745782, -5.517378
0.268064, 0.735558, -6.052529
0.024831, 0.825720, -6.014367
0.137104, 0.324066, -4.630898
0.305661, 0.971873, -5.943648
0.145820, -0.922463, -5.261195
0.126431, -0.406084, -5.785567
0.270351, -0.345169, -5.075814
0.234078, -1.992116, -5.147073
0.662288, -0.170948, -5.288930
0.985829, 0.270885, -5.977607
0.427871, -0.361075, -5.228460
0.494512, -1.204361, -5.434845
1.178024, 0.297761, -5.913734
1.247342, -1.611217, -6.017765
0.739452, -0.071198, -4.792083
0.678514, -0.217480, -4.752712
1.714116, 0.651088, -6.173278
0.835639, 0.172703, -5.599222
1.770779, 0.635246, -6.010657
1.644088, -0.156327, -5.364046
-0.149602, 1.097139, -5.702090
-0.161813, 1.035336, -5.678623
-0.312993, 0.960316, -5.939869
-0.531723, 2.233346, -6.052461
-0.318436, 0.807415, -5.868232
-0.287252, 0.834131, -5.712393
-0.154563, 0.778537, -5.728312
-0.423280, 0.686627, -5.784379
0.689816, -0.818688, -5.869119
0.344950, -0.612507, -5.473884
0.653259, -0.570103, -5.783819
0.689165, -0.499634, -4.989579
0.946933, -1.315838, -5.990368
1.036219, -1.392713, -5.961158
0.651323, -0.760408, -5.864536
0.771048, -0.860465, -5.978928
0.136075, -1.192971, -5.864777
-0.466963, -0.444347, -5.195329
-0.222989, -1.201869, -5.958766
-1.367971, -0.247165, -5.658828
0.656460, -0.281234, -4.132033
-0.114660, -0.408487, -5.306920
-0.453279, -0.633929, -4.873630
-0.962512, 0.008586, -5.062031
1.471372, -0.813245, -6.193490
1.345898, -1.766734, -5.420559
1.525969, -0.587852, -6.119796
1.083382, -1.632327, -5.136534
1.102961, 0.173116, -5.685727
1.724605, -1.019405, -6.181572
0.606039, -0.588939, -4.883143
1.580178, -0.682630, -6.160382
1.863731, 0.674064, -5.975888
1.721576, 0.622966, -5.604081
0.400852, 0.372189, -5.912524
0.428006, 0.703542, -5.001672
0.795464, 1.961970, -6.109881
0.787177, 1.292368, -5.940033
1.727243, 2.222841, -5.869897
0.118755, -0.293232, -4.751877
-1.877262, -0.063164, -5.075589
0.160537, -0.300761, -5.832644
-0.454714, -0.425570, -5.347460
-0.853118, 0.045913, -5.141797
-0.964180, -0.368314, -5.761670
-1.985179, 0.051609, -5.943398
-1.835112, 0.285688, -5.391275
-0.796677, -0.185693, -5.236293
1.734107, -0.303610, -6.182383
0.348475, -1.126832, -5.804071
0.461957, -0.972897, -4.649775
0.483710, -1.503518, -5.560523
0.610693, -0.048434, -4.515892
0.483039, -0.738306, -5.951002
0.415243, -1.427440, -5.758266
0.155962, -1.369631, -5.328891
1.178924, -0.105940, -5.328986
0.842940, 0.453861, -4.604205
1.460089, 0.625525, -6.089168
1.019430, 0.311448, -5.152014
1.515338, -0.171879, -5.272676
2.182399, 0.290480, -6.163177
1.370032, 0.361418, -5.493913
1.554864, 1.061269, -4.924053
0.347305, 1.191995, -5.965764
0.316668, 1.362069, -5.973902
0.198032, 1.978901, -5.712584
0.775437, 1.983693, -6.139663
0.502712, 1.779744, -6.065283
0.648526, 0.955559, -5.901687
0.149265, 2.082004, -5.737441
0.227761, 1.318009, -5.936378
0.203874, -0.969721, -4.743611
2.067405, -0.303739, -6.060958
0.434182, -0.412468, -4.412992
0.468878, -0.306782, -4.452749
0.479189, -0.941791, -4.582860
-0.209169, -0.267828, -6.063811
0.335984, -0.654416, -4.573682
-0.150406, -0.625674, -5.531463
1.133750, -1.921820, -5.187956
1.157779, -1.730503, -5.131701
1.217125, -1.937144, -6.216126
1.515666, -1.612927, -5.744492
1.640442, -1.858149, -5.783833
1.148202, 0.160036, -6.170151
0.916331, 0.147534, -6.011652
1.347438, 0.217256, -5.812909
0.608466, -1.373559, -4.663726
0.254122, -0.879647, -5.663849
0.374180, -0.848862, -6.086385
0.571286, -1.759883, -6.266798
0.675578, -1.838971, -5.239110
0.447566, -1.112290, -6.102802
0.717823, -1.111070, -4.630424
0.371126, -2.021088, -6.146910
0.247536, -1.454415, -5.136468
0.428611, -0.979256, -5.074159
0.969578, -1.733546, -5.761922
0.956265, -1.854971, -5.754132
1.048115, -1.621733, -5.754968
0.626294, -1.155693, -5.372969
0.537441, -1.089154, -5.242252
1.184243, -1.926110, -6.140034
0.731172, -1.868169, -6.190542
0.462674, -0.260646, -4.080663
0.726650, -0.814105, -4.865368
0.900723, -0.674255, -4.889886
0.601824, -0.851237, -5.148461
0.757916, -1.390695, -6.274741
0.187106, -0.291246, -5.965314
0.802111, -1.672552, -5.990526
-1.015661, 0.433656, -4.966481
-1.219415, 1.478912, -5.809559
-1.922441, 1.510869, -5.774017
-1.897129, 1.462038, -6.076115
-1.108233, 0.573450, -4.962528
-1.134203, 0.515876, -4.948309
-1.890945, 0.046915, -4.971049
-1.455983, 0.758453, -6.002404
1.775230, -1.868004, -6.215887
1.728661, -1.840100, -5.603392
2.042204, -1.795745, -6.109473
2.098704, -1.963930, -5.789466
1.987112, -1.356245, -6.268072
2.080222, -1.711706, -6.214131
2.106413, -1.868182, -6.103941
2.099410, -1.996179, -6.072598
0.210439, -0.820141, -4.484360
0.330927, -0.895979, -5.737009
0.263013, -0.933055, -4.782523
0.439718, -1.095851, -6.186193
0.344353, -1.735515, -5.243233
0.616350, -1.458102, -5.899056
0.414643, -1.090445, -6.015195
0.459408, -1.311175, -6.053622
0.815003, -1.915606, -5.951859
0.323082, -1.018912, -4.774879
0.773693, -1.563185, -5.701130
0.864881, -1.591580, -5.449478
0.787441, -1.321622, -5.705865
0.202494, -1.420774, -5.172813
0.780160, -1.498201, -5.515008
0.767535, -1.671367, -5.995690
1.114387, -1.981622, -6.129181
0.963251, -1.808130, -5.769234
1.102274, -1.822006, -6.066486
0.893846, -1.511408, -5.718019
1.466484, -2.043454, -6.253432
1.165618, -1.934512, -5.898740
1.224562, -1.990146, -6.037569
1.410602, -1.806962, -5.568058
1.751986, -0.009895, -5.047803
1.551019, 0.221850, -4.997907
1.511322, 0.111084, -4.914759
1.336101, 0.113752, -4.917266
0.595013, 0.953113, -5.400449
1.728613, 0.609145, -5.523542
0.750694, 0.496510, -5.377882
1.069590, 0.116059, -4.751867
-0.123318, -1.306224, -4.956337
0.096130, -0.882803, -5.782560
0.298320, -1.198587, -5.541248
-0.320149, -0.770435, -4.842000
-0.079612, -0.557943, -5.913551
0.034818, -0.898378, -5.097382
0.021248, -0.902964, -5.790969
0.430802, -1.495735, -5.533938
0.874073, -1.562717, -6.200695
0.890371, -1.589098, -6.031242
0.627708, -1.222523, -5.582730
0.832810, -1.518666, -6.265298
1.347776, -1.836760, -6.175617
1.231900, -1.753709, -6.124619
1.242052, -1.534975, -6.208437
1.018406, -1.413640, -6.030857
0.468157, -0.123391, -5.439091
0.125515, -0.115905, -5.536412
0.388320, -0.722454, -4.440042
0.347298, -0.772751, -6.147574
0.098237, -0.248255, -4.325006
0.849223, -0.630284, -4.798824
0.804458, -0.897859, -4.699250
0.001635, -0.746853, -4.429460
1.097609, -1.821486, -5.613735
1.154395, -1.818028, -6.077332
0.296955, -1.099200, -4.839123
0.598509, -1.186864, -5.246703
0.652600, -1.452737, -5.332551
0.566537, -0.561712, -5.353198
1.017618, -1.603571, -5.780702
0.704092, -1.943609, -5.369487
0.184452, -0.641759, -4.293615
0.362757, -0.831666, -5.937532
0.217687, -0.785121, -4.481705
0.716861, -0.691896, -4.458810
0.282068, -0.815774, -4.605299
0.166483, -1.692385, -5.149992
-0.020084, -0.616501, -4.357275
0.144222, -1.533082, -5.179838
0.704139, -1.962102, -5.734430
0.351824, -1.741729, -5.037729
0.290565, -1.658160, -5.017920
0.214740, -1.094580, -5.180057
0.616912, -1.774347, -5.617194
0.222047, -1.852841, -4.627416
0.570084, -1.760638, -5.667088
0.270853, -1.984366, -5.155788
1.536684, 0.100085, -4.748420
1.205609, 0.336698, -5.049258
0.895302, 1.727244, -5.855694
1.005749, 1.503450, -5.843730
1.278594, 1.842127, -6.069284
1.151814, 1.720852, -6.171159
1.096570, 1.720805, -6.042053
0.300168, 0.124091, -5.748149
0.202432, -0.250565, -5.888168
-0.138701, -0.499085, -5.077359
-0.090339, -0.788156, -4.535921
0.200339, -1.664734, -4.937529
0.528629, -1.398121, -4.728025
0.149263, -0.642434, -4.386253
0.136285, -0.642522, -4.597552
-0.191635, -0.693536, -4.386975
-1.551960, -0.237053, -5.742484
-1.270075, -0.382421, -5.875533
-0.223736, -0.640942, -6.011040
-1.257775, -0.289663, -5.678635
-0.783695, -0.518433, -6.176092
-1.877781, -0.117981, -5.152792
-0.216630, -0.707790, -5.439517
-1.944071, -0.150729, -5.804253
-0.246097, 1.533675, -6.110521
0.507164, 1.669010, -5.239702
-0.129979, 1.824929, -6.073190
0.140565, 1.004265, -5.857997
0.714930, 1.455994, -6.287400
-0.062119, 2.097631, -5.842065
0.260792, 2.110579, -5.905445
-0.051903, 1.930595, -6.144910
2.170037, -1.876969, -3.289617
2.147099, -1.945879, -3.197155
2.095770, -1.719088, -4.960597
2.320713, -1.961768, -3.296200
2.299684, -0.812465, -6.183685
2.323004, -1.548422, -5.357950
2.192734, -1.951636, -3.218299
2.121219, -1.895023, -3.681956
-1.688019, -0.049419, -5.054655
-0.113645, -1.015673, -4.924955
-0.587097, -0.407991, -4.961589
-0.088347, -0.915384, -4.813801
-0.029497, -1.495305, -4.913326
-0.101748, -1.047411, -5.077108
-0.080019, -1.451496, -4.966459
-0.679672, -0.586109, -6.143413
1.603117, 1.311957, -6.136076
1.016040, 1.711388, -6.087040
1.080627, 2.017307, -5.504417
1.629524, 1.385636, -6.186266
1.936111, 1.940688, -6.015706
1.480471, 1.343430, -6.122188
1.322913, 0.574696, -5.710382
1.042749, 0.870246, -5.801980
0.555876, -1.605515, -5.850149
0.414401, -1.763871, -4.542800
0.809044, -1.144230, -4.827512
0.421055, -1.668346, -4.604044
0.426343, -1.841907, -6.005888
0.260791, -1.742155, -4.825243
0.426644, -1.647375, -4.732413
0.875295, -1.949624, -5.948963
-1.892231, 0.852533, -6.074957
-1.652828, 0.835036, -6.220237
-1.203447, 1.165853, -5.647169
-1.484736, 0.676967, -5.191264
-1.582351, 0.459703, -5.046356
-1.532342, 0.678983, -5.631582
-1.749331, 0.378331, -5.066811
-1.400473, 0.801039, -5.595739
-0.740480, -0.452190, -6.116271
-0.028651, -0.569880, -5.671629
-0.980076, -0.503654, -6.111402
-0.183977, -0.555918, -6.248024
-0.568114, -0.505581, -5.858435
-0.336740, -0.850172, -4.865973
-0.346624, -0.857531, -5.893995
-0.289120, -0.524504, -5.000470
1.309316, 0.331679, -5.724566
1.257495, 0.337075, -6.127726
2.311804, 0.518325, -6.059407
0.847804, 0.423902, -5.593862
1.175848, 0.329440, -5.990687
1.109314, 0.226617, -6.062359
0.582087, 0.371524, -5.754404
1.201885, 0.594931, -5.335130
-0.077683, 0.747974, -6.278964
-0.228747, 0.459158, -5.605393
0.173346, 0.756329, -5.624614
-0.019185, 0.928474, -5.914536
0.292099, 0.650541, -5.888696
-0.080762, 0.796680, -6.091327
0.332197, 0.278680, -5.015839
0.111572, 1.002718, -6.199910
0.188418, -0.987098, -5.542385
0.525083, -1.253164, -5.560239
0.928179, -1.527326, -5.879598
0.335316, -0.580949, -4.989086
1.087278, 0.430451, -5.679429
0.060296, -1.426485, -4.868057
0.735809, -1.878938, -5.677594
0.546238, -1.106002, -4.648307
0.894934, 0.067171, -5.996160
0.893755, -0.700063, -6.179791
0.857926, -1.424437, -5.668275
1.222710, -1.589360, -5.379748
0.985410, -0.211052, -6.130953
1.809576, -0.834458, -6.177321
1.037597, -1.632322, -5.293007
1.947734, -1.994997, -5.855002
0.541008, -0.959947, -4.683993
0.024835, -0.644916, -5.929585
-0.046762, -0.638102, -5.046833
0.221768, -0.852012, -4.989830
0.416195, -1.237213, -5.657500
0.685439, -0.896484, -4.694343
0.785845, -0.632795, -4.529964
-0.107418, -0.561171, -4.746998
-0.097126, -0.608605, -4.364647
0.525963, -1.363904, -5.834644
0.116107, -1.713418, -5.232983
0.404097, -1.874981, -5.273923
0.506172, -1.439786, -5.792132
0.497225, -1.518434, -5.631219
0.436225, -1.051851, -5.675222
0.310371, -0.993262, -4.789403
0.803021, 1.857416, -5.884048
0.891405, 0.955435, -5.835890
0.559158, 1.921067, -5.584886
0.941645, 0.559114, -5.500158
1.103086, 0.610949, -5.831670
1.055980, 0.734541, -6.012328
0.935371, 2.057285, -5.892482
1.119150, 0.556341, -5.445828
-0.111696, -0.499148, -5.409295
-0.276495, -0.828824, -4.966518
-0.052107, -0.703699, -5.747369
-0.068934, -0.852403, -5.999332
-0.194243, -0.739707, -4.477626
0.061247, -0.641935, -4.381915
-0.188317, -0.541238, -4.253205
-0.111570, -0.614047, -4.320270
0.121349, -0.908118, -5.690722
-0.494627, -1.385427, -6.137826
-0.961524, -0.963350, -6.237286
-0.558121, -0.299443, -5.907989
-0.363319, -0.747501, -6.054595
0.109130, -1.727630, -4.893224
-0.494009, -0.427505, -5.731581
0.197648, -1.048221, -5.316369
-0.078447, 1.579375, -6.184897
-0.212909, 1.832505, -6.057112
-0.183409, 1.813675, -6.081159
-0.328907, 2.043918, -6.053484
0.099165, 1.974225, -6.258104
-0.234307, 1.838534, -6.224451
0.013713, 1.992125, -6.233672
0.114345, 2.000134, -6.215891
-0.304210, -0.963691, -2.489977
2.159665, -1.902500, -3.395299
1.937918, -1.602804, -3.030475
2.292277, -1.950779, -4.506161
2.127024, -1.634799, -3.778697
1.968419, -1.027928, -0.978489
-0.933001, -0.456146, -3.353145
1.990867, -1.221769, -1.038148
-0.008017, -0.926540, -4.901765
-1.329765, -1.211393, -6.237577
-0.899590, -0.734428, -6.227906
-0.923193, -0.624764, -6.154830
-0.710694, -0.665009, -6.060715
-0.468080, -0.568990, -5.834942
-1.077981, -0.785340, -6.164028
-1.497190, -1.388435, -6.213156
1.929781, -0.000711, -5.650464
1.078141, -0.056248, -5.130515
1.199723, -0.092524, -5.380595
2.087788, 0.750288, -5.853169
1.576946, 0.920854, -6.140730
1.301362, 1.035575, -6.029125
0.163326, 2.020052, -5.264278
0.776631, 1.753871, -5.983604
0.324961, -1.496994, -4.580840
0.427404, -1.882295, -4.592964
0.538459, -1.329040, -6.195440
0.587032, -1.660633, -6.179996
0.668192, -1.613897, -4.551526
0.606115, -1.467926, -4.833261
0.498015, -1.539127, -6.224651
0.750603, -0.742665, -4.769148
-1.608259, 0.173266, -5.311087
-1.959062, 1.107789, -6.251472
-0.857291, 0.558485, -5.923856
-1.398044, 0.222126, -5.350153
-1.469733, 0.234196, -5.197405
-1.268720, 1.136729, -5.613348
-0.256796, 0.769416, -5.457287
-0.696830, 0.452494, -5.195911
-0.356253, -0.558830, -5.156710
-0.354201, -0.388196, -5.194747
-0.237748, -0.434238, -4.408145
-0.777810, -0.664075, -6.086863
-0.112234, -0.503799, -5.765105
-0.343524, -0.721220, -4.863629
-0.377846, -0.641000, -4.601366
-0.397625, -0.784085, -4.842669
-1.183555, -0.606563, -6.251930
-0.296760, -0.628934, -5.258228
0.254858, -1.365749, -6.119400
0.282173, -1.520662, -5.890826
-0.153888, -0.746351, -6.148320
-1.353594, 0.008000, -5.718240
-1.086339, -0.539222, -6.256335
-0.468091, -0.478135, -5.941545
-0.022139, 0.359414, -5.419960
-0.612351, 0.366003, -5.405131
0.690150, 1.599999, -5.060084
-0.340240, 1.581298, -6.219185
0.624566, 1.319170, -5.339764
0.677514, 1.919281, -5.056419
0.048752, 1.215354, -5.687273
0.855284, 1.967059, -4.947805
0.036151, -0.758603, -5.149058
1.110568, -0.949855, -6.243366
1.189242, -1.275683, -6.225247
1.157317, -1.088001, -6.196104
2.048674, -1.295908, -5.952475
1.974398, -1.270616, -5.756888
2.282611, -1.866401, -4.661266
1.636987, -1.190276, -6.065405
-0.039912, 0.026657, -6.073562
0.225937, -0.703835, -4.763331
0.198886, -1.557141, -4.990171
0.617576, -0.392735, -5.302174
1.175353, -0.034617, -5.223680
0.852845, 0.185217, -5.715403
1.121783, -1.494148, -5.883225
1.046546, -0.687306, -6.169862
0.180112, 0.160528, -4.242916
0.560180, 0.586036, -4.471528
0.488834, 0.321229, -4.409029
0.057436, 0.180947, -3.855522
0.226400, -0.124364, -4.282939
0.843902, -0.177101, -5.201722
1.259553, 0.603090, -6.089708
0.926649, 0.424925, -5.460001
0.798994, 0.880980, -4.825467
1.165308, -1.480698, -5.812293
2.025299, -0.510585, -6.241573
1.409938, -1.697400, -5.597829
0.311422, -1.190385, -5.292767
1.185708, -1.707347, -6.169290
0.082446, -1.377072, -4.917240
0.519409, -0.256358, -4.987289
-0.248737, 0.603668, -6.252832
0.331886, 0.294512, -6.033778
-0.131555, 0.709232, -6.011161
0.079093, 0.568628, -6.103168
0.349179, 0.033506, -5.673953
0.351225, 0.068014, -6.087386
-0.133369, 0.513926, -6.002246
-0.072648, 0.646611, -6.118336
1.510439, 0.188653, -6.137429
1.589569, 0.433536, -6.197475
1.030335, 0.416753, -5.926232
-0.584256, 0.601557, -3.906709
-0.201990, 0.251420, -4.994641
0.732141, -0.062717, -6.216569
0.462131, -0.000081, -4.495322
0.521146, 0.094682, -4.550539
-0.649619, 0.029273, -5.896078
0.016646, 0.825750, -5.775891
-0.644111, 0.092167, -6.143904
-0.712887, 1.769761, -6.193934
-0.660934, 0.845183, -6.005489
-0.767825, 0.934902, -6.005315
-0.173763, 0.123953, -4.778347
-0.342745, 0.518557, -5.676270
0.334796, -0.708456, -6.252440
0.341863, -0.667030, -4.591938
0.136627, -0.477762, -5.601630
0.412094, -0.323509, -5.878470
0.447370, -0.602372, -5.868276
0.271243, -0.563524, -5.395197
0.467889, -0.349109, -5.743839
0.198444, -0.237990, -5.152154
-0.231480, -0.876862, -4.880012
-0.829960, 0.194644, -4.834279
0.339331, -1.323447, -5.489994
-0.823029, -0.298662, -5.548882
0.425345, 0.106920, -3.731458
-0.680771, -0.256620, -4.887040
-1.630870, -0.019512, -5.119504
-0.661290, -0.244264, -5.005270
-1.621880, -1.402455, -6.231067
-1.942328, -1.716574, -6.160641
-1.601785, -1.031401, -6.240849
-0.828606, -0.325673, -5.748081
-1.633307, -1.327413, -6.204444
-1.771390, -1.319838, -6.229223
-1.635836, -1.059499, -6.222725
-1.570080, -0.752794, -5.984616
0.576973, -1.790104, -5.496017
-0.034553, -0.796515, -4.620368
0.724423, -0.794016, -4.721824
0.296329, -0.793271, -6.059916
0.819327, -0.622690, -4.782893
0.814228, -0.943586, -4.750500
0.388344, -0.083250, -3.842935
0.350674, 0.092144, -3.757288
-0.262712, 1.439416, -6.160942
-0.417857, 1.059934, -5.834604
-0.909857, 0.627834, -5.657040
-1.021043, 0.761826, -5.497370
-0.819575, 0.582074, -5.792848
-1.229622, 0.327789, -5.340229
0.216795, 0.867356, -5.648784
-1.132437, 0.785657, -5.810212
-1.087379, -1.040256, -6.172667
-0.747448, -0.808890, -6.169097
-1.609734, -1.279165, -6.219174
-1.139892, -1.085077, -6.160291
-0.338505, -0.574516, -4.688163
-0.307275, -0.697590, -5.035240
-1.211850, -1.027115, -6.181193
-0.079489, -0.717534, -5.541973
-1.259752, 0.047631, -6.122046
-1.551603, 0.413312, -5.583265
-1.823450, 0.183242, -5.789904
-1.208197, 0.445261, -6.165931
-1.062545, 0.302411, -5.464783
-1.112625, 0.399810, -5.895437
-1.202867, 0.466354, -6.019186
-1.098785, 0.408927, -5.829065
0.354123, -0.541476, -5.158978
0.852344, 0.204082, -5.966039
1.431447, -0.114327, -5.080487
0.506457, -0.395980, -4.913416
1.878125, 0.011253, -4.968223
1.285111, 0.361126, -5.281663
1.087560, 0.345828, -4.644642
1.760556, 0.174819, -5.177328
0.465977, -0.311576, -6.130394
0.336312, -0.324078, -6.093699
0.343857, -0.297839, -6.223044
0.593171, -0.162300, -6.166710
0.581593, -0.317698, -5.979734
0.559003, -0.214700, -6.226131
0.705226, 0.024258, -6.235194
0.590665, -0.148217, -6.045745
0.086045, 1.634745, -5.680676
0.900866, 0.547137, -5.336449
0.321775, 0.847445, -4.898530
0.391434, 1.039739, -6.017291
1.151489, 1.718835, -5.822834
1.421819, 0.739096, -5.750195
0.502986, 1.739157, -5.621048
1.430028, 0.247626, -5.065206
0.272750, -0.950654, -5.776880
0.236505, -0.957044, -5.886284
0.067409, -0.928716, -5.867723
-0.215890, -0.603581, -6.216120
-0.065744, -0.668039, -4.388978
0.160454, -1.886019, -4.895878
0.233551, -0.917995, -6.140874
-0.051870, -1.182452, -6.006657
-0.319745, -0.554320, -5.563827
-1.114762, -1.048532, -6.189313
-1.509622, -1.869427, -6.239106
-1.724106, -1.132980, -6.221116
-1.169643, -0.825030, -6.211992
-0.973988, -0.700346, -6.205399
-0.864698, -0.847685, -6.232146
-1.607427, -1.125677, -6.203306
-0.425828, -0.367742, -4.848977
-0.649021, -0.260803, -5.724168
-1.082076, -0.193419, -6.065197
-0.882687, -0.213915, -4.999829
-1.333132, -0.280025, -5.900634
-1.509381, -0.335532, -6.052304
-1.397772, -0.219761, -5.710564
-0.996985, -0.093602, -5.991585
0.655051, -1.874598, -5.546562
0.468859, -1.643748, -5.456940
0.149837, -0.493204, -5.866213
0.364829, -1.066303, -6.223644
0.372011, -1.982728, -6.021273
0.779002, -1.935530, -5.683577
0.483203, -1.211864, -5.817854
0.586112, -1.144915, -5.705302
0.336989, 1.176048, -5.525075
0.532093, 1.852526, -5.163081
0.348122, 0.883389, -5.557830
0.305546, 1.568761, -4.986187
0.126664, 0.397496, -5.145183
0.721209, 2.022390, -5.454717
-0.087968, 0.746573, -5.679861
-0.158107, 1.300087, -6.052929
-1.501450, -1.214349, -6.192771
-1.357704, -1.280987, -6.187439
-1.228364, -0.743018, -6.185460
-1.536270, -1.065416, -6.219888
-0.771979, -0.874656, -6.190007
-0.607330, -0.922248, -6.132781
-0.551959, -0.604525, -6.016527
-0.802666, -0.733976, -6.168296
-1.880165, -0.953875, -6.177579
-1.621034, -1.529014, -6.212272
-1.973192, -1.285336, -6.134227
-1.724385, -1.089922, -6.204021
-1.833871, -1.608628, -6.113008
-1.579396, -1.028509, -6.228585
-1.721369, -1.194598, -6.212218
-1.599033, -1.169466, -6.198993
0.016864, 0.612378, -4.599075
0.058260, 0.884322, -4.706815
0.937456, 0.076698, -5.028113
0.929007, 0.372796, -5.049073
0.036429, 1.103692, -4.810183
1.004489, -0.038164, -5.161764
1.230073, -0.145307, -5.388174
0.442980, 0.801287, -5.025888
-0.192809, -1.523330, -5.998707
-0.164382, -0.900609, -5.615915
-0.376049, -0.473788, -5.302989
-1.379005, -0.136880, -5.610177
-0.288884, -0.758507, -5.512273
-0.899599, -0.281452, -5.518355
-0.861745, -0.282835, -5.512387
-1.967743, -0.528096, -5.600023
2.312039, 0.613278, -6.163673
1.871060, 0.406898, -5.320001
-0.124585, 0.153792, -5.695716
1.539964, 0.195136, -4.823176
1.045342, 0.131143, -4.906151
2.038501, 0.435675, -6.084992
1.351483, 0.028801, -4.891511
1.181620, 1.545025, -5.925981
-0.527731, -0.631276, -5.941936
-0.667435, -0.553799, -5.885644
-1.739692, -1.472294, -6.225455
-1.908901, -1.310865, -6.180022
-1.400573, -0.884578, -6.191925
-1.080386, -0.688341, -6.181894
-1.531915, -1.363467, -6.211726
-1.267425, -1.131020, -6.187512
-0.531305, -0.372805, -4.742644
-0.458408, -0.232625, -5.001694
0.074615, -0.501938, -4.327899
-0.478799, -0.239735, -4.478178
-0.473781, -0.431153, -4.664771
-0.527260, -0.314081, -4.634737
-0.323560, -0.183524, -4.197276
-1.070090, -0.180891, -5.998301
1.062102, 0.185660, -5.039956
0.461663, 0.756618, -5.061844
0.599364, 2.153982, -5.803192
0.896848, 0.826499, -5.568044
0.049580, 0.930767, -4.712202
0.555549, 0.213827, -4.831564
0.550815, 0.881128, -5.202781
1.108268, 0.599570, -5.318543
-1.314341, 0.022170, -5.128222
-1.766560, 0.527401, -6.000503
0.032081, -1.149993, -5.102182
-0.168110, -0.884073, -5.140029
-1.971675, -0.379785, -5.945266
-1.773689, 0.423399, -5.754657
-1.344979, 0.087688, -5.192525
-1.092571, 0.345513, -4.894817
0.690620, 0.937378, -5.458534
2.138940, 1.717885, -6.221277
1.346335, 1.828525, -6.051945
0.736116, 0.677441, -5.035385
0.556259, 0.355118, -5.160418
0.564160, 0.415327, -5.268804
1.794394, 1.671821, -6.164837
0.338815, 1.916704, -5.963135
-0.638211, -0.217768, -4.670093
-0.939363, 0.016157, -5.713408
-0.591260, -0.163285, -4.613688
-0.998487, 0.042579, -5.544673
-0.836379, -0.018179, -5.619267
-0.562309, -0.341868, -4.772153
-0.962525, 0.170794, -5.913157
-1.048174, -0.131914, -5.951639
-0.999184, -0.209636, -6.014054
-1.133666, -0.175631, -5.980088
-1.081177, -0.090533, -6.215721
-1.180450, -0.117058, -5.729059
-1.379445, -0.254793, -5.955297
-1.553186, -0.320002, -5.770920
-1.625916, -0.044998, -5.798211
-1.028500, 0.066034, -5.586251
-1.983930, 0.168025, -5.266720
-1.879565, 0.239377, -6.185792
0.304984, -1.942861, -5.527276
-0.993351, 0.003979, -5.189537
-0.360055, -0.545011, -5.237832
0.322365, -1.806506, -5.632008
-0.258615, -0.812840, -5.330802
0.401271, -1.737535, -5.451604
0.554929, 2.032954, -5.828993
1.605147, 0.002469, -5.009984
1.142246, 0.035434, -5.088397
1.272732, 0.006856, -5.016224
1.081638, 0.922508, -6.171146
1.769466, 0.274108, -4.819521
0.636850, 1.422278, -5.815777
0.306332, 1.406075, -5.458723
-1.703773, -1.330868, -6.228608
-1.624587, -1.445487, -6.247287
-1.994635, -1.355189, -6.025854
-1.647353, -1.041253, -6.221800
-1.766567, -1.698411, -6.185825
-1.619776, -1.928359, -6.158608
-1.698370, -0.940016, -6.208432
-1.807416, -1.096784, -6.193017
0.167972, -1.175850, -6.245312
0.185999, -1.281108, -5.533004
0.106266, -1.053305, -6.002493
0.369403, -1.282967, -5.938341
-0.255125, -1.578302, -5.901194
0.252871, -1.244380, -6.284498
0.177542, -1.144341, -5.971060
0.338720, -1.709004, -6.126822
-0.491351, -0.108768, -4.344803
-0.520027, -0.141597, -4.582403
-1.026534, 0.338249, -5.934648
-0.803378, 0.092284, -5.039083
-0.586707, 0.119196, -4.637524
0.177401, -0.233485, -3.975324
-0.456102, -0.073515, -4.331361
-0.283050, -0.180869, -4.501754
-1.187718, -0.011652, -5.156037
-1.235196, -0.093078, -5.026203
-1.133688, 0.238887, -5.724745
-0.635380, 0.047958, -4.573672
-0.787333, 0.134200, -5.240977
-0.548980, -0.151844, -4.635691
-1.183629, 0.352616, -5.662493
-0.994682, 0.228115, -5.929930
-1.959129, -0.728174, -5.751764
-1.370555, -1.809800, -6.202870
-1.515248, -1.922689, -6.204195
-1.730600, -0.875045, -5.758113
-0.490221, -1.431779, -6.195111
-0.573604, -1.305456, -6.135429
-0.344536, -1.327744, -6.169696
-1.223072, -1.437843, -6.199162
1.530898, 1.629721, -5.920712
1.800221, 2.205414, -6.201473
1.758725, 2.002444, -5.884709
1.633606, 2.038010, -5.932182
-1.996473, -0.798768, -1.088288
2.241311, 0.599920, -5.272732
1.945591, -0.123443, -1.882497
1.843067, 2.095917, -6.009245
0.759266, -0.781987, -5.829452
1.849574, 0.189703, -5.234606
0.709224, -0.686541, -6.197889
0.724177, -0.030085, -5.773190
1.859423, 0.427655, -5.562488
0.237384, -0.253480, -5.219066
0.551503, -0.156649, -5.319593
0.953538, 0.193581, -5.629998
-0.945679, 0.403994, -4.990636
-0.895908, 0.682164, -4.921310
-1.469562, 0.647798, -5.539616
-1.161596, 0.505862, -6.129893
-1.417020, 0.369366, -6.006469
-1.098528, 0.414054, -4.741553
-1.431510, 0.659701, -5.693102
-1.491206, 0.668728, -5.614295
0.463039, -0.261262, -5.912634
0.379572, -0.304503, -6.105740
0.293411, -0.134052, -6.247702
0.451021, -0.302134, -5.813202
-0.100169, -0.171324, -5.060265
0.503951, -0.332380, -5.751124
0.314528, 0.066921, -5.769374
0.487110, -0.028161, -5.752868
0.250930, 0.626918, -5.302045
0.233689, 0.591365, -5.416301
-0.093332, 0.566718, -4.820206
-0.023418, 0.617208, -5.688237
-1.689719, 0.265876, -5.709817
0.345092, 0.749888, -5.322220
0.097200, 0.532712, -5.567460
-0.028852, -0.183883, -4.233052
-1.154457, -0.263708, -5.957426
-0.982508, -0.153957, -5.856547
-1.269417, -0.067566, -5.452806
-1.094371, 0.001109, -6.204428
-0.887882, -0.239245, -6.015881
-0.761403, -0.167259, -5.973952
-0.811231, -0.084272, -6.228220
-0.770645, -0.063211, -5.448870
-0.816925, 0.359019, -4.929204
-1.470688, 0.005224, -5.763540
-0.317367, -0.017973, -4.112010
-1.053966, 0.273747, -5.159191
-1.394603, 0.285879, -6.138039
-1.195874, 0.126170, -5.810077
-1.630673, 0.349322, -6.066362
-1.101570, 0.387995, -5.639356
1.610799, 0.069469, -5.727917
1.890467, 0.082295, -6.093899
1.836924, 0.102589, -6.153402
1.583358, 0.203878, -5.998627
2.143366, -0.677824, -6.216788
2.231285, -0.221379, -5.767582
1.965784, -0.008192, -6.180840
1.946582, 0.075209, -6.163398
-0.520595, 1.666999, -6.000111
-0.481116, 1.498605, -5.980017
-1.762891, 1.320845, -5.932136
-1.602750, 1.321015, -5.713228
-0.545835, 1.646852, -5.997813
-1.619696, 1.253235, -6.160191
-0.518120, 1.079219, -6.113044
-0.301582, 0.194905, -5.864605
0.986282, 0.496347, -6.020785
0.892239, 0.399902, -5.901260
0.994497, 0.513597, -6.230256
1.180309, 0.172879, -4.713403
0.432563, 0.049119, -4.353748
0.613505, 0.195939, -5.340933
0.550020, 0.459370, -5.828645
1.104706, 0.586794, -5.945140
-1.402805, -0.099958, -5.242306
-0.992773, -0.071956, -5.609564
-1.231141, -0.283363, -5.868361
-0.961054, -0.216100, -5.571076
-0.394105, -0.445942, -4.740734
-0.820752, -0.060616, -5.225742
-1.625288, -1.503827, -6.213094
-0.997609, -0.375592, -5.966712
-1.721308, -0.783119, -6.180105
-1.634367, -0.742721, -6.255498
-1.930281, 0.302917, -6.035165
-1.884886, 0.160991, -5.626166
-1.918724, -1.130787, -6.209806
-1.598924, -0.406805, -5.854778
-1.973319, -1.515926, -6.150646
-1.625593, -0.480091, -5.696325
1.808672, 2.144338, -6.152018
1.606373, 1.040337, -6.149525
1.709377, 1.639264, -5.296702
1.677883, 1.072259, -6.211565
1.996347, 0.607103, -5.741689
1.633569, 0.600976, -5.580456
2.282135, 2.376402, -4.449203
1.663028, 2.145376, -4.343784
-0.348003, -0.644173, -6.221700
-0.253923, -1.148125, -4.986156
-0.431562, -0.834549, -4.858974
-0.387580, -0.711380, -4.780716
-0.231107, -0.799929, -6.025114
0.100326, -0.804837, -5.787062
-0.328692, -0.815165, -6.160526
-0.040964, -0.762462, -4.651376
1.869521, 0.714896, -6.123785
1.495752, 1.568548, -6.119337
1.154605, 2.013232, -6.130527
1.880283, 1.630307, -6.165962
1.667769, 0.649441, -5.735564
0.603410, 1.912722, -5.433463
1.901260, 2.073661, -5.971106
1.680938, 0.597039, -5.604528
0.823074, -1.892989, -5.857468
0.776337, -1.738851, -6.103547
0.789511, -1.660436, -5.937809
0.777474, -1.623656, -5.960558
1.305176, -2.011180, -6.135559
0.851717, -1.525026, -6.223817
0.588249, -1.260078, -5.178744
0.768403, -1.658886, -5.990594
-0.834091, 0.833121, -5.027337
-1.324634, 0.537738, -5.786213
-1.415689, 0.663603, -5.927884
-1.819757, 0.513514, -5.548837
-0.699797, 0.783999, -4.980434
-0.785647, 0.821615, -5.043498
-0.797611, 0.472776, -5.992452
-1.014997, 0.626349, -5.803502
-1.714805, 0.113344, -5.538037
-1.712934, -0.033478, -5.778859
-1.676427, -0.038642, -5.845022
-1.297553, -0.128064, -5.709101
-1.041339, -0.068493, -5.511637
-0.937178, -0.180187, -5.577116
-0.776207, -0.372112, -5.806757
-0.402538, -0.259261, -5.700390
-1.083018, -0.680399, -5.968634
-0.223610, -0.821656, -5.633606
-1.629891, -1.790294, -5.243564
-0.048486, -1.136672, -4.955595
-0.325192, -0.536901, -5.335907
-1.757876, -0.868757, -5.844250
0.119892, -1.305907, -5.936091
-0.931671, -0.453163, -6.151674
1.687630, 1.977901, -4.934493
1.790746, 1.446470, -5.370019
2.299629, -0.391942, -2.742265
2.156604, 1.541236, -5.576882
1.479682, 2.026838, -3.932431
2.311020, 0.620903, -3.715123
2.316908, -0.182080, -1.660239
2.262253, 0.063880, -3.525420
-0.439397, -0.857183, -4.875497
-0.218605, -0.653838, -6.062466
-0.245742, -0.772776, -6.056828
-0.444637, -0.651882, -6.043386
-0.131931, -0.649091, -5.271938
-0.062035, -0.734740, -4.687053
0.460624, -1.162214, -6.009137
0.415021, -0.914434, -4.566633
1.852898, 1.732830, -6.266798
0.976224, 2.216151, -6.154384
0.431623, 1.739143, -5.493632
0.711336, 1.197168, -5.910527
1.995897, 1.354467, -6.215560
1.700660, 1.238907, -6.128994
0.209918, 0.557116, -4.661611
0.773216, 1.422131, -5.820231
0.812947, -1.900238, -6.000148
0.465689, -0.625802, -4.381907
0.286977, -0.634171, -4.427487
0.298608, -0.417627, -4.115861
0.674802, -1.670567, -5.555051
0.480213, -0.862645, -5.664500
0.489214, -0.848579, -5.736808
0.771837, -1.790872, -6.089793
-0.917552, 0.643062, -5.704097
-0.739615, 0.651416, -5.773878
-0.901778, 0.621799, -5.897598
-0.799100, 0.735701, -6.113370
-0.416968, 0.514721, -5.263397
-1.051212, 0.641223, -5.693464
-0.054927, 0.621407, -5.275972
-0.414614, 0.763833, -5.716494
-0.505727, -1.115789, -6.201983
-0.951249, 0.149160, -4.978643
-1.478724, 0.671774, -6.216075
-1.264683, 0.283220, -5.189798
-0.655040, -0.518887, -5.752166
-1.980806, 0.967808, -5.051306
0.509063, -0.103489, -3.898284
-0.749363, -0.112118, -4.887668
-1.874434, -0.361484, -5.699146
-1.522038, -1.746497, -6.157357
-0.113336, -0.762306, -6.037584
-0.180635, -1.234369, -6.108827
-0.404091, -1.523957, -5.964172
-0.148528, -1.398614, -6.097111
-0.505631, -1.387804, -5.872941
-0.373616, -0.886760, -6.010878
1.576305, 2.047824, -5.964825
1.848280, 1.421586, -5.400820
2.187188, 1.545937, -5.676595
1.616107, 1.978805, -5.961026
1.898139, 2.236391, -6.209736
1.823784, 2.141920, -4.463062
1.484636, 1.222991, -2.309252
1.336241, 2.096599, -3.975282
-1.122594, 0.592455, -4.970281
-1.295638, 0.450308, -5.687394
-0.964633, 0.808694, -4.990508
-0.967444, 0.717252, -4.963069
-0.942689, 0.273552, -5.035543
-0.937076, 0.085153, -4.719113
-0.980941, 0.578230, -5.786104
-0.632017, 0.668711, -4.925857
1.461811, -2.008362, -6.217093
0.134943, -1.735960, -6.191136
0.464765, -1.907511, -6.158889
0.497009, -1.584705, -5.206422
1.294771, -1.890651, -5.428704
1.096412, -1.773431, -6.045915
1.407787, -1.991514, -5.402914
1.106663, -1.714359, -5.377366
-1.115363, 0.118700, -5.735880
-0.984675, 0.136179, -6.156715
-0.946191, 0.264997, -5.243484
-0.936029, 0.246894, -5.055563
-0.350227, -0.360743, -4.594859
-0.668470, -0.175627, -4.768072
-0.985891, 0.145177, -5.585140
-1.040734, 0.287017, -5.823044
-1.314877, -0.115194, -6.041610
-1.103137, 0.119533, -5.791710
-0.041890, -0.037185, -4.002445
-1.713029, 0.402002, -6.071137
-1.349044, -0.118647, -5.719301
-0.618866, -0.269166, -4.594999
-1.594963, 0.167337, -6.145796
-0.894627, 0.239443, -4.672042
-1.611004, -0.503183, -6.141923
-1.771996, -0.590951, -5.953326
-1.593153, -1.215591, -6.266603
-1.718751, -0.827647, -6.136932
-0.487394, -0.944102, -6.215337
-0.617355, -1.060004, -6.234320
-1.015067, -0.721219, -6.207820
-1.375452, -0.181012, -5.716283
0.609408, 1.227353, -5.994632
0.817924, 1.783008, -5.816052
2.183149, 1.919989, -4.286338
1.022087, 1.490810, -5.844770
1.800260, 0.196572, -4.738096
0.716516, 1.698697, -5.953124
0.970258, 1.190416, -5.838859
2.215654, 2.167808, -6.189304
0.511708, -1.795551, -5.504791
0.302532, -0.965801, -5.705701
0.275908, -0.996202, -6.146249
0.000065, -0.475092, -5.038398
0.365033, -0.896578, -6.223169
0.201210, -0.670342, -5.615315
0.071569, -0.879204, -4.781012
0.300304, -0.615636, -4.606386
1.161855, -1.869108, -6.054052
0.537165, -1.129726, -5.296263
0.312148, -0.765882, -5.147628
0.454154, -0.828204, -5.160167
0.493802, -0.613018, -5.254900
0.695599, -1.164594, -5.590385
0.302281, -0.573853, -5.162702
0.049824, -0.937020, -4.978632
-0.500066, 0.358976, -4.639277
-1.187263, 0.599317, -6.017007
-0.746920, 0.470390, -6.028277
-0.888982, 0.597171, -5.659874
-0.780107, 0.483131, -5.676193
-1.375948, 0.676536, -5.598527
-0.617304, 0.817380, -5.080503
-0.865691, 0.552057, -5.859314
0.517525, -0.470058, -4.936841
0.465270, -0.967701, -5.082448
0.752070, -0.858723, -5.843715
-0.102578, -1.263715, -5.224742
0.621531, -0.911847, -5.568583
0.664139, -0.785699, -6.075126
0.219279, -0.504953, -5.392453
0.398292, -0.429739, -6.255056
-1.566061, 0.697838, -5.822641
-1.173452, 0.576590, -5.672413
-0.875752, 0.479502, -5.587773
-1.351905, 0.690700, -5.619596
-1.934816, 0.686027, -5.988143
-0.765375, 0.572722, -4.810596
-1.634933, 0.630807, -5.651197
-1.874086, 0.806183, -5.991449
1.394341, 0.405989, -5.475433
0.682107, -0.021713, -5.656343
0.716499, -0.214975, -5.580372
1.201435, 0.038002, -5.038243
0.647876, -0.173902, -5.060697
2.066902, 0.170296, -5.374193
0.689825, -0.179878, -5.443368
0.611735, 0.051839, -5.696646
-1.122221, 0.376896, -4.756121
-1.151335, 0.500802, -6.136517
-0.787889, 0.546303, -4.759927
-1.234969, 0.412790, -6.159491
-1.679289, 0.247301, -6.103357
-1.257867, 0.250499, -4.859821
-1.169339, 0.606772, -6.155982
-0.847169, 0.557564, -4.829569
0.467798, -0.377289, -5.797132
0.408233, -0.323431, -6.219377
0.544086, 0.083351, -6.162837
0.590258, -0.166518, -6.079292
0.455299, -0.440132, -5.775906
0.536313, -0.154647, -5.650292
0.533371, -0.060750, -5.797495
0.539988, -0.133838, -5.794396
-1.357882, 0.044045, -5.030186
0.428658, 1.576329, -6.195196
0.126904, 0.778989, -4.939070
0.321807, 0.638101, -5.463551
0.350091, 0.780967, -5.529096
0.358964, 0.731980, -5.561930
0.057420, 1.036518, -4.832801
-0.013444, 1.054927, -4.854963
-1.449269, -0.436935, -5.937052
-0.948473, -0.388196, -5.813518
-0.515831, -0.249587, -5.711380
-0.438695, -0.288327, -5.686831
-0.818152, -0.512774, -5.691220
-1.556233, -0.900136, -6.069650
-0.633240, -0.197040, -5.611805
-0.884204, -0.457109, -5.691318
-1.798948, -1.875181, -2.385945
-2.025418, -1.883310, -3.149529
-2.001160, -1.879234, -3.806781
-1.892912, -1.987126, -3.988020
-1.979488, -1.933740, -3.011701
-2.024261, -1.516393, -6.220949
-1.626825, -1.941050, -1.752082
-1.733069, -1.695183, -3.327538
1.748428, 2.148354, -4.252059
1.960548, 1.249299, -6.231627
2.143810, -0.106224, -1.672185
2.279984, 0.076504, -3.142353
2.295599, 0.119398, -3.470530
2.125290, 0.828894, -6.004133
2.318095, 0.437254, -3.815830
2.264105, 0.252144, -3.717942
-0.262638, -0.714672, -4.792720
-0.133993, -0.844904, -4.870053
0.616775, -1.090764, -4.689594
0.350826, -1.482752, -5.389336
0.438661, -1.013330, -6.197533
0.380935, -0.625031, -4.626164
0.385787, -1.696915, -4.637550
0.326957, -0.996244, -5.917667
0.758906, -1.317247, -5.655919
0.251537, -1.319329, -5.019867
0.245802, -0.928235, -4.926786
0.229886, -0.979114, -5.382738
0.474680, -1.035933, -5.144690
1.213470, -1.968303, -6.039947
0.683545, -1.328127, -5.590321
0.995874, -1.591604, -5.733160
-0.496685, 0.516625, -5.236449
-1.341638, 0.954556, -6.135333
-0.795949, 1.103196, -6.106005
-1.254993, 1.201592, -6.188144
-0.395907, 0.676183, -5.288103
-0.799201, 0.578077, -5.352013
-1.611010, 1.452161, -6.166610
-0.647138, 0.851935, -5.672040
0.502984, -0.291065, -4.875296
1.829046, 0.015266, -5.398308
0.187284, -0.452877, -4.859512
0.916667, -0.201222, -5.172576
1.454151, 0.114893, -5.256697
0.687664, -0.142793, -5.379387
0.121703, -0.360605, -4.958423
0.197906, -0.346672, -5.051451
-1.243001, 0.270308, -4.817144
-1.001517, 0.296036, -5.220369
-1.160839, 0.463458, -6.134309
-0.792603, 0.644422, -4.872121
-0.614606, -0.079583, -5.676471
-0.722240, 0.069500, -5.605003
-0.965825, 0.368219, -6.213959
-0.721884, 0.297461, -4.920648
0.627665, -0.489101, -6.172064
0.173071, -0.038408, -5.550082
0.336894, 0.015462, -5.810128
0.256893, 0.044683, -5.908972
0.707676, -0.237304, -5.713665
0.736393, -0.341993, -6.158378
0.592379, 0.206102, -5.761122
0.547071, -0.068901, -5.545323
-0.039555, 0.603479, -4.811524
0.076130, 0.728624, -4.885216
0.046595, 1.119222, -5.627154
-0.041098, -0.229785, -4.393883
-0.041167, -0.797905, -4.819483
0.131222, 0.334848, -4.967409
-0.073207, 0.645927, -5.794594
-0.170377, 0.025659, -4.508414
0.437230, -0.574733, -4.880287
0.197292, -0.843078, -4.943660
2.286442, -1.728584, -6.014758
1.515005, -2.027034, -5.790361
1.447083, -1.714716, -6.022428
0.824033, -1.372992, -5.630224
1.273304, -1.766718, -5.224805
0.848976, -0.472044, -6.075914
-0.866480, 0.749180, -6.164518
-1.385501, 0.973778, -6.172101
-1.826647, 1.774220, -5.848814
-0.727664, 0.749260, -6.047825
-1.785270, 0.775200, -5.929194
-1.983398, 1.328153, -5.877534
-1.853170, 1.547809, -5.702120
-1.907714, 1.429788, -5.700461
-0.350883, -0.400438, -5.697176
-0.703417, -0.392199, -6.289374
-0.954857, -0.080165, -6.052138
-0.766580, -0.169639, -6.237946
-0.274428, -0.499851, -6.225411
-0.411759, -0.464669, -6.147085
-0.752220, -0.266861, -6.162928
-0.212017, -0.422104, -5.871753
0.768892, -1.477436, -6.002156
0.516039, -1.430637, -6.280473
0.511819, -1.050461, -5.403587
0.413565, -0.916572, -5.721866
0.912711, -1.615069, -6.030853
0.889716, -1.602738, -6.179883
0.732954, -1.420171, -6.080674
0.287311, -0.969797, -4.910338
0.061491, 0.639286, -5.741977
-0.456964, 0.370922, -5.311801
-0.380766, 1.112599, -5.702753
0.109985, 0.937917, -5.443002
0.240518, 1.154653, -5.491477
-0.698720, 0.943836, -5.801103
-0.839510, 1.279543, -5.581111
0.172586, 1.182935, -5.763481
-1.535894, -0.565478, -6.120170
-1.347898, -0.309297, -6.144554
-0.927526, -0.151462, -5.898628
-1.147316, -0.194672, -5.991817
-1.209814, -0.360901, -6.063693
-1.043618, -0.193411, -6.033148
-0.788350, -0.144009, -5.766431
-1.083388, -0.195290, -6.101190
0.269500, -1.098716, -5.503322
0.436488, -1.005987, -4.738324
0.299864, -0.891990, -5.658958
0.537451, -0.875838, -4.606988
0.509190, -1.413759, -5.960846
0.462923, -0.998911, -5.908144
0.456914, -0.936029, -6.003625
0.478470, -0.892557, -5.995020
0.286219, 1.175770, -5.497800
0.266830, 0.831376, -5.172670
-0.425331, 2.099806, -5.999834
0.353322, 0.760781, -5.240746
0.096722, 1.684757, -6.246183
0.119621, 0.844662, -5.402123
0.036667, 1.912060, -6.108332
-0.228104, 1.024876, -5.673567
-1.142309, 0.099934, -5.819983
-0.989575, 0.186512, -5.735559
-0.866650, 0.209897, -5.027415
-0.870239, 0.252592, -5.298898
-0.828901, -0.249036, -4.757143
-0.747570, -0.137864, -4.817186
-0.876863, 0.272362, -5.024889
-0.921999, 0.323167, -5.388408
0.032165, -0.645266, -5.761939
-0.059539, -0.658981, -5.550829
0.292815, -0.169408, -5.603333
0.170023, -0.547509, -6.047822
0.106285, -0.168323, -5.621599
0.464187, -0.568792, -5.725352
0.598987, -0.631856, -6.096170
0.401939, -0.330961, -5.437043
-0.550042, 0.638161, -5.981868
0.366879, 1.117696, -5.479537
0.136021, 0.718167, -5.136045
-0.054562, 0.377750, -5.529918
0.302912, 0.686432, -5.494417
-0.237869, 0.330848, -4.754971
0.126528, 0.457500, -5.528143
-0.972951, 0.833470, -6.246630
-0.670671, -1.126723, -6.104280
-1.506729, -1.340771, -5.931798
-0.456706, -1.231074, -5.966674
-1.739061, -1.044652, -5.955410
-1.793969, -1.995350, -4.807347
-1.601036, -1.339931, -5.933928
-1.692371, -1.502747, -5.758299
-1.623284, -1.340269, -6.053686
-1.943889, -1.187689, -6.047335
-1.950218, -0.832645, -6.205391
-1.649051, -0.550806, -5.800300
-1.727216, -0.675854, -6.235042
-1.954965, -0.651574, -6.185935
-1.484420, -0.306788, -6.142168
-1.455974, -0.485007, -5.818676
-1.453092, -0.326921, -6.235782
0.271556, -0.130764, -4.308053
1.126657, 0.387560, -6.003254
1.277590, 0.634428, -5.344828
1.272810, 0.634288, -5.399498
1.342028, 0.329946, -5.480596
0.264969, -0.459764, -4.578195
1.841576, 0.183222, -4.923769
1.383411, 0.031496, -4.767785
-2.029669, -1.530907, -6.084778
-1.142783, -1.882188, -6.215893
-1.550722, -1.888406, -6.185346
-1.676927, -1.406841, -6.190329
-1.578558, -0.815827, -5.966340
-1.229848, -1.280108, -6.203579
-1.371324, -1.217247, -5.823948
-1.461320, -1.929025, -6.177459
0.476919, 0.184353, -4.480497
0.233751, -0.112389, -4.212799
0.752438, 0.702941, -4.582698
1.042632, 0.488305, -5.524650
0.847291, -0.085528, -4.740015
0.289840, -0.017951, -4.371994
1.738568, -0.029697, -5.217347
1.132359, 0.487054, -5.659515
-1.400798, -1.349707, -6.208772
-1.393505, -1.920347, -6.118107
-1.818786, -0.655273, -6.047881
-1.933208, -1.939859, -6.040786
-2.001548, -1.812190, -4.420068
-1.636567, -1.996427, -6.221822
-1.752306, -1.497684, -5.972919
-1.610528, -1.616231, -6.045577
0.048900, -0.137299, -4.366824
-0.001723, 1.260917, -4.822920
0.117104, 0.831343, -4.641450
0.605412, 1.733128, -5.106268
0.417458, 0.933490, -4.976091
0.443884, 1.111420, -5.504281
0.351799, 0.675519, -4.571360
0.344502, 0.657393, -4.616264
-0.150931, -0.439240, -6.282612
0.021358, -0.339654, -5.564848
-0.065626, -0.330677, -5.641085
-0.234506, -0.339517, -6.202747
0.107948, -0.334354, -5.493330
0.020376, -0.722761, -6.094572
0.270472, -0.714887, -6.242743
0.069660, -0.747630, -5.682967
1.109991, -1.788804, -5.815746
0.870118, -1.474076, -5.748611
0.979411, -1.566409, -6.295525
0.895172, -1.443354, -6.224240
1.398052, -1.893590, -5.902988
1.622889, -1.987678, -5.915778
1.072899, -1.658167, -6.122784
1.249148, -1.748005, -6.106214
-1.038607, 1.787096, -6.231753
-2.007489, 1.327670, -5.785743
0.586534, 1.581643, -5.436092
-0.709673, 1.872277, -6.203001
-1.903620, 1.399771, -5.724400
-1.424892, 1.373204, -6.252312
0.267626, 1.520803, -5.701530
-1.053917, 1.684580, -6.219760
0.441625, -1.821456, -6.160762
0.199305, -1.744962, -5.111840
0.432964, -0.949270, -6.199998
0.513186, -1.327682, -6.102356
0.842376, -1.815210, -5.450526
0.828861, -1.784594, -6.294451
0.310922, -1.254966, -5.518264
0.807613, -1.705906, -6.152673
-1.384125, 1.501713, -6.186466
-0.925406, 1.098821, -6.133536
0.050074, 1.389255, -5.990993
-0.384950, 0.959850, -5.590805
-1.008365, 1.581228, -6.195883
-1.367076, 0.912784, -5.945289
-0.957644, 0.656772, -5.405601
-0.952844, 0.674323, -5.423300
0.767713, 0.506390, -4.496147
0.395513, 0.318179, -4.360763
0.976895, 0.125124, -5.067832
0.857237, 0.719822, -5.946646
0.961240, 0.576426, -4.860874
0.887292, 0.104468, -4.643206
0.774534, 0.512814, -4.580069
0.699143, 0.682185, -4.529521
0.255643, 0.482236, -4.508008
0.476616, 0.825908, -5.101056
0.098907, 0.066742, -4.525702
0.843468, 1.798107, -6.175035
1.088821, 1.737859, -6.228283
-0.238832, 0.776263, -4.943079
0.494418, 0.832727, -5.501561
1.017575, 1.979421, -6.179587
1.287826, -1.539313, -6.182986
1.185697, -1.554715, -5.975681
1.926624, -0.722725, -6.182722
0.834058, -0.774263, -6.135282
0.254845, -0.753084, -5.197977
1.352049, -1.603872, -6.130698
0.724633, -0.939011, -5.718001
1.995856, -1.493514, -6.150100
0.188613, 1.355308, -5.711675
0.015930, 0.928916, -5.421307
-0.032955, 0.928888, -5.467594
-0.061141, 0.693448, -5.351175
0.333925, 1.396217, -5.418140
-0.944714, 2.040734, -6.162940
0.172487, 1.314620, -6.040940
-0.549628, 0.805367, -5.936909
0.188690, -1.228426, -4.796774
0.268598, -1.801436, -4.581575
0.477881, -1.623387, -4.583572
0.444300, -1.806880, -4.887400
0.900941, -1.950129, -6.139074
0.177344, -1.810661, -4.692952
1.095630, -1.869115, -5.811592
0.903269, -1.831406, -5.454621
-0.846640, 1.261125, -6.059362
-0.868381, 1.245091, -6.048395
-0.960002, 1.285672, -6.129283
-1.280942, 1.076282, -6.053902
-1.065245, 1.219185, -6.180916
-0.592258, 2.284426, -5.977409
-1.016945, 1.431549, -6.249868
-0.765828, 0.840282, -6.168504
0.419176, 0.397035, -5.108006
0.472245, 0.713845, -5.298300
0.222453, 0.583003, -4.578620
0.347622, 0.331057, -4.561620
0.313983, 0.441587, -5.100571
0.221571, 0.025108, -4.380754
0.228848, 0.239295, -4.510225
0.358689, 0.916884, -6.171209
0.408738, 0.111815, -6.292000
0.480849, 0.322974, -6.223302
0.468091, 0.152763, -6.290773
0.001733, 0.603212, -6.202204
0.658011, 0.215350, -6.154715
0.568937, 0.207906, -6.196326
0.178931, 0.150849, -5.937885
0.509889, 0.349715, -6.177847
1.364039, 0.335524, -5.946658
1.214199, 0.075740, -6.012079
1.897800, 0.319347, -6.196877
1.239130, 0.271925, -6.057278
1.531797, 0.361002, -6.074176
1.803826, 0.257189, -6.168530
1.054640, 0.397123, -5.931818
1.523848, 0.338868, -6.230460
-0.101970, -0.590261, -5.035301
-0.509488, 0.619609, -5.935400
-0.550106, 0.458108, -5.750272
-0.047748, 0.817129, -5.784925
-0.329341, -0.371872, -4.960536
-0.084265, 0.868353, -5.396063
-0.403655, 0.018567, -5.186897
-0.425970, 0.798195, -6.064131
-0.201448, -0.641671, -6.064666
-0.089652, -0.504167, -5.435379
-0.085115, -0.603953, -5.944835
-1.192563, -1.012770, -6.180263
0.141679, -1.199345, -4.914932
-0.308449, -0.779375, -4.847445
-0.059693, -0.745479, -4.697691
-0.315810, -0.722547, -4.672987
2.278436, -0.076710, -3.036808
1.643259, 0.720213, -5.929191
1.428784, 1.795650, -3.761449
0.337968, 1.738809, -5.461312
2.212872, 1.787855, -6.212232
0.125312, 1.945865, -5.116501
1.607517, 1.633506, -6.253588
0.651152, 1.207442, -6.224955
0.026082, -0.368069, -5.822179
-0.294003, -0.203597, -6.205078
-0.693678, -0.125376, -5.729400
-0.535741, 0.126294, -6.228930
0.203308, -0.564773, -6.275333
0.241667, -0.297816, -6.183270
0.311216, 0.310909, -6.241240
-0.092792, 0.115015, -6.268796
0.874826, -1.245753, -6.190192
0.819595, -1.169695, -6.150284
0.702066, -0.727260, -5.940270
0.585309, -0.631524, -5.346325
1.013147, -1.426212, -6.257864
1.208868, -1.499313, -6.191839
0.913263, -0.609349, -6.110448
1.204663, -1.241312, -6.121744
0.154631, 0.857531, -5.338771
0.570218, 1.940948, -5.283558
0.699751, 1.986609, -4.946206
0.581417, 1.740511, -5.216403
0.521563, 1.728144, -5.207412
0.301060, 1.577116, -5.575499
0.409240, 1.641701, -5.281290
0.616049, 1.969445, -5.262400
0.347782, 1.163186, -5.308671
-0.942235, 2.091552, -6.265480
-0.368235, 0.500686, -5.934751
0.163210, -0.629656, -4.511269
-0.500681, 0.479900, -5.116053
-0.482755, 0.691280, -5.937984
-0.084816, -0.704692, -4.784968
-0.216635, 0.111049, -5.491285
0.237724, -0.672331, -4.764794
0.936215, 0.177990, -5.966828
0.987330, 0.294285, -5.799480
0.707150, -0.630099, -4.311414
0.655738, -1.232611, -4.685034
0.392076, -0.476915, -4.434193
0.277915, -0.412132, -5.695981
0.861086, -0.220472, -5.266036
-1.907947, -1.795826, -3.272552
-1.511820, -0.834741, -6.057763
-1.772786, -1.739662, -3.746105
-1.961166, -1.983138, -3.642213
-0.393746, -1.964797, -1.015831
-1.879088, -1.998314, -2.423181
-1.697382, -1.810094, -4.128603
-1.409326, -1.597866, -5.219552
0.507034, 1.359597, -6.043555
0.198484, 1.160914, -6.226165
0.169291, 1.190182, -6.247594
0.429677, 1.347807, -6.203826
0.046907, 1.153137, -4.641409
0.102234, 0.842923, -4.641488
0.455237, 1.338301, -6.044872
0.399860, 1.156265, -5.667452
-1.373081, -1.405879, -6.193347
-1.272219, -1.451830, -6.188691
-0.930277, -0.433367, -6.066485
-0.309395, -0.563980, -5.142444
-0.038785, -1.117936, -6.061203
-1.123904, -1.029649, -6.169903
-0.295402, -0.706487, -6.113156
-0.098204, -0.675895, -5.770170
1.307325, 0.232287, -5.319051
0.080522, -0.330858, -5.013587
-0.198087, -0.790264, -5.129086
0.920496, 0.366874, -5.481996
0.096529, -0.758862, -4.801432
0.550737, 0.034649, -4.500697
0.099069, -0.728816, -4.818842
0.259459, -0.815407, -4.631985
-0.386230, 0.256974, -5.040904
-0.701994, 0.120196, -5.800409
-0.164422, 0.110883, -5.004011
-0.315625, 0.038519, -5.343390
-0.363113, 0.518040, -6.251184
-0.259284, 0.513556, -5.568422
-0.199783, 0.390413, -5.673150
-0.208688, 0.434876, -5.640265
0.756040, -0.038394, -6.207362
0.782653, -0.102482, -6.211527
0.853543, 0.152918, -6.067188
0.623102, -0.403005, -4.871966
1.228366, 0.111800, -6.031667
1.026222, 0.122836, -5.901423
1.316323, 0.284254, -6.225091
0.827603, 0.186653, -5.720706
-0.079727, 0.089383, -4.743676
0.400430, 1.609333, -5.280267
0.269061, -0.522703, -4.278596
-0.338793, 0.611126, -5.351727
-0.250197, 0.224831, -4.691309
-0.526665, 0.173819, -5.803281
-0.500286, 0.141243, -4.736964
-0.153413, 0.628148, -5.860848
-0.733971, -0.144854, -4.864789
-0.792039, -0.099207, -6.193019
-0.832478, -0.035686, -5.905805
-0.823692, -0.000479, -5.735567
-0.588151, -0.104961, -5.307345
-0.751359, -0.152406, -6.203306
-0.648911, -0.218453, -5.841861
-0.766639, -0.118680, -5.959899
0.574071, -0.934753, -6.051158
0.689934, -1.192446, -6.103795
0.369741, -0.416955, -5.142967
0.516743, -0.558054, -6.214237
0.404632, -0.478935, -5.894646
0.489217, -0.635631, -5.509260
0.544601, -0.566777, -5.963855
0.726232, -0.545880, -4.976745
-0.032325, 0.747119, -5.374535
0.396922, 1.187393, -5.137795
0.226610, 0.741158, -5.054275
-0.137690, 0.826383, -5.437635
0.266436, 0.792361, -5.434502
-0.784122, 0.703734, -5.482977
0.450526, 1.373876, -5.080452
0.248498, 0.707048, -5.353888
0.611180, 0.267994, -5.946261
0.660709, 0.378370, -6.046515
0.593158, 0.555405, -6.007136
0.684442, 0.446825, -5.988128
0.836917, 0.317768, -6.015710
0.827346, 0.320395, -6.004649
0.877417, 0.462719, -5.695981
0.544938, 0.356012, -6.243159
0.180213, 0.137049, -4.373367
0.057337, 0.025502, -4.137996
0.295452, -0.140525, -4.195327
0.370474, 0.071972, -4.415537
0.328997, -0.120519, -4.080751
0.540370, -0.358484, -4.732382
0.233335, 0.252181, -4.263623
0.337500, -0.020293, -5.536601
-0.214158, -0.380986, -5.183609
-0.052910, 0.713194, -5.279598
-0.429365, 0.030914, -4.609157
-0.532706, 1.174952, -6.284180
-0.851385, 1.654905, -6.226181
-0.419730, 1.056053, -5.894391
0.028024, 1.046321, -5.641425
-0.223963, 0.470684, -5.619818
-0.449805, -1.057937, -5.160172
-0.460583, -0.632020, -4.954461
-0.470551, -0.549166, -5.558525
-0.487300, -0.554205, -5.577806
-0.389285, -0.776133, -5.028588
-0.433445, -0.701408, -4.872841
0.004972, -1.076987, -5.634606
0.058695, -1.348060, -5.840706
-1.281829, 1.997817, -6.230439
-0.469203, 1.169111, -5.796313
0.464532, 1.304403, -5.013326
-0.001704, 1.147474, -5.586310
-1.123260, 1.774055, -6.224775
-1.576190, 1.593886, -6.209867
-0.425409, 1.236469, -6.018682
-1.108604, 2.270447, -5.903103
1.142590, -1.122844, -6.118003
0.921943, -1.316617, -5.769827
1.055817, -1.116959, -6.122103
1.602013, 0.005163, -6.062438
1.092353, 0.341806, -5.541247
0.932869, 0.026804, -5.424747
0.871595, -0.077338, -6.090506
1.318003, -0.231347, -6.067767
0.177241, 0.019998, -5.309314
0.546384, 1.150235, -5.622870
0.495147, 0.648260, -5.423493
0.292775, 0.376310, -4.725463
0.407461, 0.427878, -4.663570
0.394498, 0.255183, -4.610413
0.375849, -0.026480, -4.766940
0.393738, 0.250791, -4.584211
1.771397, 0.089855, -5.373932
1.452435, -0.025808, -5.131635
1.289523, 0.293948, -5.308332
0.266663, -0.203054, -5.461538
1.365066, -0.129121, -5.267344
1.495572, -0.236665, -5.161380
-0.052943, -0.232642, -5.053916
0.820731, -0.186655, -4.956514
-1.139715, 0.451100, -6.061033
-1.164245, 0.397917, -5.722056
-1.142238, 0.433340, -6.222626
-0.966402, 0.351139, -5.877961
-0.766668, -0.097041, -5.051834
-0.976028, 0.188900, -5.700438
-0.745067, 0.292447, -5.586334
0.019756, -0.745355, -4.766834
0.523958, -0.396038, -5.805297
0.146589, -0.225907, -5.601572
0.675674, -0.221499, -5.970016
0.465765, -0.088032, -5.631437
0.583267, -0.388183, -6.225680
0.603520, -0.432324, -5.308365
0.648501, -0.026370, -5.587586
0.540232, -0.187546, -5.415525
0.252763, 0.834318, -5.310896
-0.660398, 0.594878, -5.556555
0.212031, 0.609785, -5.539429
0.712765, 2.193645, -4.962734
0.815371, 2.159830, -4.942496
0.799303, 1.937984, -5.056837
-0.187291, -0.103137, -4.503161
0.373507, 1.585006, -5.335578
-0.383302, -0.933125, -4.976001
-0.128443, -1.378237, -5.122774
-0.224599, -0.761509, -5.813002
-0.326285, -0.879512, -6.157680
-0.030941, -1.233357, -5.116008
-1.744750, -0.195756, -5.754271
-0.885838, 0.042115, -5.109202
-0.427891, -0.755370, -5.062224
-0.306232, 0.484619, -5.194711
-0.481925, 0.348875, -5.290213
-0.947032, 1.312452, -6.205809
-1.154452, 1.773694, -6.163381
-0.891732, 0.792374, -6.196119
-1.762395, 0.996349, -6.116785
-1.745935, 1.221545, -6.143976
-1.049217, 0.829960, -6.125588
1.045616, -0.743268, -6.222446
1.050546, -1.342395, -5.716023
0.964204, -1.346908, -5.840776
1.200309, -0.280631, -6.127294
0.275942, -0.565852, -4.821648
1.304666, -0.379316, -6.181670
1.496831, -0.775948, -6.192454
0.217119, -0.498683, -4.763253
1.210513, 0.327303, -5.572357
1.049145, 0.092663, -5.330983
0.876520, 0.463743, -5.595035
0.996080, 0.549706, -5.848188
0.771174, 0.416687, -4.486901
1.211071, 0.322379, -6.033711
1.254162, 0.567786, -5.998008
2.215366, 0.501201, -5.837944
0.455651, 0.067286, -4.447482
1.040882, 0.083983, -4.812417
0.511028, 0.072691, -4.536059
0.425342, 0.166768, -5.263312
0.717956, 0.089268, -5.850558
1.093130, -1.488878, -6.062027
0.835847, 0.088216, -4.673575
0.724907, 0.056583, -6.111854
-0.512064, 0.777151, -6.139913
-0.282565, 0.778490, -5.749446
-0.217953, 0.855850, -6.128602
-0.587635, 1.027615, -6.182366
-0.352348, 1.026817, -6.051867
-0.287271, 1.045171, -5.966241
-0.323987, 0.630989, -6.224893
-0.436959, 0.833684, -6.188171
-1.919534, 1.285312, -5.875430
-1.911026, 1.622976, -5.739060
-1.035046, 2.117745, -6.225576
-0.965591, 1.907310, -6.196628
-0.588899, 2.129285, -6.095981
-0.845554, 1.407680, -6.159959
-0.172217, 0.518966, -5.182027
-0.668207, 1.888006, -6.151238
0.235182, -0.426528, -4.797106
0.399141, -1.139825, -5.680923
0.376852, -1.304120, -5.769671
0.431070, -1.102400, -5.798170
0.125586, -1.885548, -5.243045
0.552606, -1.326884, -6.037322
0.382873, -0.419253, -4.815270
0.434394, -1.162278, -6.227841
-1.800831, -1.749424, -6.140888
-1.022727, -0.875467, -6.160138
-1.148902, -1.246354, -6.227495
-1.974579, -0.580898, -5.605423
-1.697091, -1.911976, -1.661585
-1.853490, -2.027159, -2.161817
-1.813678, -2.008071, -2.038495
-1.725049, -1.861882, -5.330686
0.230530, 0.419041, -5.825411
0.326610, 0.853198, -6.015329
0.328666, 0.666200, -6.272615
0.324448, 0.508084, -5.700934
0.309316, 0.424042, -5.697055
0.361408, 0.823420, -6.170335
0.082180, 0.792492, -4.576603
0.106102, 0.572352, -4.594803
0.329810, -0.479472, -4.030888
0.346188, -0.434957, -3.712284
-0.347636, 0.001832, -5.269344
-0.352143, 0.296229, -4.990351
-0.157215, -0.240384, -4.327815
0.130771, 0.436958, -4.690286
-0.270837, 0.353581, -5.607522
-0.239753, 0.832631, -5.920468
0.740588, 0.186043, -5.613473
0.330700, -0.408574, -5.779187
0.572974, -0.217750, -5.006546
0.704291, -0.569061, -5.022923
1.614053, -0.197826, -5.227830
0.325302, -1.231665, -4.762290
1.366437, 0.036598, -5.036548
0.894146, -0.193620, -5.012647
0.347341, 1.184026, -5.751055
0.429103, 1.188383, -6.226635
0.378321, 1.367610, -5.949130
0.484739, 1.486335, -5.949204
0.533272, 1.205792, -5.986669
0.616325, 1.070319, -5.935852
0.380004, 0.971366, -5.998137
0.641887, 1.457764, -6.106301
0.163833, -0.511865, -6.199530
0.532775, -0.435551, -6.036392
0.414050, -0.158494, -6.287583
0.599899, -0.162032, -6.224381
0.547827, -0.670116, -6.264177
0.570705, -0.827245, -6.127931
0.363851, -0.345156, -5.551263
0.727282, -0.172543, -6.079518
-0.189130, 0.322383, -4.934953
-0.358648, 0.177844, -5.527964
-1.530404, 0.390240, -6.241961
-1.271494, 0.338202, -4.996463
-0.480021, 0.201229, -5.075080
0.020765, 0.302840, -5.002176
-0.777177, 0.388422, -5.080221
-0.231648, 0.273703, -5.176645
0.104063, -0.040792, -5.301534
0.546611, 0.533475, -5.351966
-0.497095, -0.307516, -4.188608
0.095011, -0.307027, -4.602285
0.845711, 1.084301, -5.776170
0.913763, 0.901979, -5.678964
1.112894, 2.226025, -6.036656
1.113749, 1.317610, -6.173180
0.746457, 0.505421, -5.915330
1.253114, -0.080820, -5.253035
1.416440, -0.027465, -4.800635
1.343032, 0.365479, -4.831483
0.320434, -0.032574, -4.427686
0.576529, 0.575584, -4.489620
0.382351, 0.234626, -4.394194
0.506623, 0.534707, -4.414385
-0.366410, -0.681626, -5.565407
-1.434947, 0.000804, -5.839357
-1.983468, -0.837477, -6.108243
-1.100553, -0.050913, -5.765246
-0.879108, -1.223050, -6.025497
-1.447215, -0.875033, -6.057930
-1.366250, -1.091025, -5.981447
-1.700888, -1.382769, -5.835996
-1.541839, -1.742113, -6.136213
-1.986165, -1.312311, -6.172413
-1.828474, -0.375664, -5.977624
-1.748533, -0.870377, -6.006133
-1.914860, -1.077660, -6.028548
-1.712335, -1.555610, -6.033747
-1.788848, -0.309413, -6.218949
-1.956417, -0.892473, -6.268166
-0.530642, 0.981597, -6.133676
-0.557677, 1.182412, -6.162912
-0.492512, 0.609066, -5.635978
-0.720506, 1.401874, -6.173086
-0.563050, 0.956622, -6.196935
-0.288799, 1.227658, -6.069136
-0.337391, 1.155919, -5.902366
-0.391384, 1.045501, -6.159900
0.642176, -0.828572, -4.671384
0.433410, -0.877740, -5.015903
0.110746, -1.824742, -5.401870
0.568552, -1.105051, -6.232560
0.070404, -1.782947, -4.622583
0.087784, -1.721181, -5.183215
0.774033, -1.812812, -5.422968
0.676321, -0.325270, -5.022196
0.560244, 1.001552, -6.250128
0.432155, 0.640163, -5.943572
0.430965, 0.628745, -6.289207
0.279024, 0.420167, -5.695807
0.676776, 1.135629, -6.215957
0.361271, 0.215465, -5.255626
0.439996, 0.991922, -5.883892
0.297025, 0.015018, -5.211643
1.850700, 0.500807, -5.959548
0.951912, 0.250489, -4.601417
1.956251, -0.049978, -4.868660
1.473438, 0.301575, -4.823135
1.242058, 0.137468, -5.375779
1.049441, -0.038702, -5.000678
0.956748, 0.541701, -5.743654
1.555622, 0.472123, -4.729822
-1.729214, -1.939490, -0.633997
-1.669520, -1.977834, -2.261771
-1.701593, -1.933480, -1.010020
-1.962097, -1.049415, -5.940703
-1.695081, -1.863743, -5.923785
-2.016847, -1.962444, -4.818501
-1.634068, -1.971551, -5.823524
-1.651399, -1.934614, -6.005518
-0.262825, 0.673188, -4.749678
0.086693, -0.219816, -4.434626
0.135997, 0.627177, -4.572127
0.160435, 0.821141, -4.595452
0.432556, 0.682638, -5.666403
-0.024733, 0.065030, -4.313582
0.147222, 0.979200, -4.625174
0.368862, 0.428140, -4.531222
-0.239908, 1.011774, -5.993706
-0.023207, 0.952840, -5.921007
-0.045666, 0.935112, -6.097351
0.194615, 1.027008, -5.607970
0.006109, 2.087513, -5.861528
0.126083, 1.311350, -5.730988
-0.289326, 0.361796, -4.555076
0.149458, 0.410441, -4.671782
0.513431, -0.772436, -5.720979
1.066336, -1.783786, -6.068712
-0.910157, 0.664544, -5.096106
1.154008, -1.958694, -5.896867
0.556886, -1.660759, -6.045742
0.639896, -1.463390, -5.713568
0.452397, -0.564079, -6.132548
0.034525, -1.806264, -5.362419
1.027881, 1.342023, -6.235772
0.925340, 0.808780, -6.244893
1.120856, 1.544237, -6.279005
0.758007, 1.026204, -6.032200
1.244338, 1.210579, -6.142903
0.657959, 0.450744, -5.305827
1.035038, 1.302580, -6.234176
1.070356, 1.693075, -6.261796
-0.098433, -0.116127, -4.314034
-0.290912, 0.387176, -4.469912
0.011990, -0.463735, -6.013095
-0.179268, -0.649277, -5.066735
-0.106755, 0.259780, -5.630760
-0.164167, 0.222837, -4.529777
-0.117212, 0.334373, -5.019983
0.090972, -0.065967, -4.778732
0.692115, -1.825422, -4.708771
0.656149, -0.476138, -5.080902
0.196077, -1.429685, -4.765320
-0.039070, -0.959151, -5.079850
1.111437, -1.975746, -5.510013
-0.549908, 0.255006, -5.390476
0.578157, -1.680528, -5.760540
0.544737, -1.887502, -5.641601
1.271138, 2.095634, -6.223711
1.224227, 2.034270, -6.201130
1.165567, 1.930421, -6.158550
1.345054, 2.268565, -6.225123
1.301932, 2.180850, -6.180165
1.286205, 1.680652, -6.254469
0.829297, 1.293466, -5.942303
1.421519, 2.119667, -6.201710
0.744998, -0.776027, -6.098961
0.706928, -0.743324, -6.223092
0.574520, 0.030441, -5.464882
0.696140, -0.387163, -6.139175
0.802909, 0.068861, -6.265587
0.796840, -0.666833, -5.949848
0.836287, 0.361185, -5.788764
1.027510, 0.281522, -6.087742
0.118381, 0.421049, -5.190525
-0.554929, 0.359304, -4.960499
-0.006856, 0.257950, -5.282321
-1.181249, 0.141514, -5.488510
-0.772464, 0.492787, -4.998105
0.081129, 0.338553, -5.259891
-0.310546, 0.430074, -5.168406
-0.766591, 0.261679, -5.658545
0.465809, -0.556902, -5.007933
1.966306, 0.298165, -6.140975
0.991847, -0.219616, -5.392583
1.498476, 0.326650, -6.098283
2.016525, -1.541812, -6.184441
0.426058, -0.630026, -4.923440
0.238842, 0.293082, -4.312933
0.220023, -0.111045, -4.205272
-1.174650, 0.178734, -5.560504
-1.773896, 0.295652, -5.425285
-1.848403, 0.266179, -5.037045
-1.614557, 0.284875, -5.620777
-0.000572, 0.827551, -5.522622
0.589702, 1.990136, -5.172281
-1.711283, 2.181852, -4.569325
-0.443498, 1.016361, -5.689242
1.304912, 1.473333, -6.230435
1.451300, 2.194837, -5.907367
0.701463, 2.186856, -6.100132
0.551380, 1.546769, -5.665369
0.676988, 2.201879, -5.790021
1.338937, 0.511633, -5.147679
1.213805, 1.701461, -6.020128
1.406249, 1.776046, -6.201192
1.296934, 1.070860, -6.263751
0.948943, 2.205608, -5.970644
0.180921, -0.344903, -4.670166
0.650658, 1.553197, -5.880069
2.182592, 1.739609, -6.084352
0.707963, 1.403873, -5.977329
0.540564, 1.087478, -5.512820
0.633996, 1.778673, -6.012920
0.537391, 0.495712, -4.422856
0.024102, -0.140583, -5.075273
0.415643, 0.213963, -4.362718
1.433150, 0.493429, -4.697951
0.219534, 0.602756, -6.207569
0.176121, 0.452209, -6.081102
-0.252144, 0.483167, -4.954823
0.425004, 0.037967, -4.427788
0.002375, -1.093470, -5.446659
0.124005, -1.147756, -5.382689
0.228156, -1.432469, -5.374838
-0.343304, -0.521953, -5.319992
0.262521, -1.619985, -5.991709
0.122890, -1.879954, -5.775638
0.373059, -1.665114, -5.483274
0.370047, -1.616195, -5.535703
2.250484, 2.104295, -6.199714
1.880395, 2.099550, -6.222519
2.304017, 1.958554, -4.988683
2.284301, 1.838811, -5.650209
1.529073, 0.805644, -5.964095
1.611602, 1.818027, -6.257345
2.306437, 1.942940, -5.093404
1.879403, 1.408124, -5.428089
-1.182425, -0.003305, -5.582414
-0.138373, -0.682195, -5.637375
-0.445702, -0.486596, -5.322027
-0.353453, -0.391698, -5.536217
-0.421020, -0.972698, -6.057061
-0.224615, -1.081126, -4.960405
-0.484672, -0.412854, -5.212131
-0.465365, -0.297079, -5.434638
0.380259, -1.823640, -5.244142
0.179429, -1.714546, -5.311570
0.319995, -1.946939, -5.102853
0.897725, -0.745470, -4.536646
0.603597, -1.667715, -5.272565
0.452930, -1.498424, -5.772707
-0.099241, -1.112346, -4.924088
0.081299, -1.668005, -5.150667
-1.628415, 0.528242, -5.581892
-0.677543, 0.367322, -5.440432
-1.313727, 0.485875, -5.138186
-0.814432, 0.647197, -5.852305
-0.790277, 0.408432, -5.491554
-0.809516, 0.767383, -4.982892
-1.810105, 0.575245, -5.616308
-1.014557, 0.630965, -5.716547
-1.882606, 0.888661, -6.129895
-1.254615, 0.638287, -4.950161
-1.862618, 0.673082, -5.925523
-1.551053, 0.759308, -5.580030
-1.232513, 0.426909, -4.941254
-1.968457, 0.806214, -6.189048
-1.843750, 0.401518, -5.509301
-1.268770, 0.596570, -5.810664
2.165077, -1.579803, -6.244282
2.171900, -1.716221, -6.178574
2.241730, -1.109849, -6.201065
1.281715, -1.806870, -6.121037
0.431613, -0.474146, -4.503212
1.078697, -1.102994, -6.164219
1.714489, 0.046218, -5.829751
1.277546, -0.573980, -6.232269
-0.474614, -0.236988, -4.463419
-0.806643, -0.033537, -4.820303
-1.023415, 0.146234, -5.738809
-0.753086, 0.048869, -4.951445
-0.752242, -0.202239, -5.905723
-0.415950, -0.038640, -5.873304
-0.657319, -0.044773, -6.245364
-0.714210, -0.072483, -5.022857
-1.714875, 0.196865, -6.148581
-1.565218, 0.403786, -5.530151
-1.503225, 0.593302, -5.441254
-1.649340, 0.514133, -5.448356
-1.031324, 0.809199, -5.032467
-1.158867, 0.411703, -5.983232
-1.680767, 0.740536, -5.945690
-1.388474, 0.533920, -5.582664
1.701504, -1.710321, -6.053760
1.509131, -1.784042, -6.108487
1.730147, -1.529883, -6.276542
1.723151, -0.554871, -6.074639
1.409872, -0.625722, -6.257756
1.441368, -0.507708, -6.193376
1.513261, -0.601764, -6.217011
0.959683, -1.314350, -6.256216
0.087902, 0.357730, -5.417222
0.631617, 0.621929, -5.130080
-0.343031, 0.145052, -5.935489
-0.225006, 0.590113, -4.963532
0.029462, 0.292702, -4.908626
-0.536269, -0.526120, -5.751690
0.887767, 1.963161, -6.100425
1.044651, 1.914665, -6.193391
-1.057122, 2.138025, -6.153451
-0.558285, 1.986306, -6.052840
-0.391841, -0.089955, -5.102390
0.047247, 1.137309, -5.747891
-0.096390, 1.423143, -6.225946
-0.824136, 0.605202, -6.154320
-0.842269, 0.598187, -5.693959
0.154056, -0.526155, -5.974977
0.041610, 1.786156, -5.187669
1.678890, 0.071541, -5.067446
0.131888, 0.583717, -4.762953
1.166582, -0.056851, -4.955080
0.849017, 0.698597, -5.174076
0.722079, 0.383172, -5.090312
1.049864, 0.117235, -5.062202
0.425058, 0.681532, -5.050399
0.032583, -0.990558, -5.199175
-0.933248, -0.023791, -5.234072
-0.297174, -0.547398, -5.971754
0.021979, -1.169705, -5.099984
-1.969544, 0.365400, -5.653309
-1.236611, 0.075449, -5.178481
-1.562996, 0.162024, -5.037261
-0.472799, -0.266902, -5.320826
0.333980, 1.369220, -5.258155
0.275452, 1.339532, -5.156594
2.287584, 0.848596, -5.875848
0.446894, 0.376929, -4.795487
0.744114, 1.067033, -6.016401
0.712749, 2.093364, -5.968370
0.296108, 0.555103, -4.812811
0.358430, 1.553556, -5.117288
-1.630200, -1.934710, -6.230003
-1.738281, -1.630463, -6.243148
-0.117879, -0.981102, -5.958733
0.223845, -1.528152, -5.920209
-0.242990, -1.078819, -6.151263
-0.170747, -1.945734, -6.149489
-0.804469, -1.318344, -6.231602
0.110046, -1.646557, -5.862741
2.290545, 1.458139, -6.233285
2.257385, 2.038451, -6.126553
1.353098, 1.540668, -6.062011
2.246315, 1.457934, -5.926560
1.760831, 0.254821, -5.159576
0.194457, 1.217143, -5.480673
1.843202, 0.187735, -5.650897
0.757004, 0.825114, -5.395430
-0.262846, -0.381788, -4.242399
-0.582150, -0.126507, -4.811439
-0.705970, 0.277832, -4.605478
-0.427738, -0.097181, -4.436493
-0.414694, -0.088089, -4.314006
-0.489814, -0.005021, -4.468425
-0.271197, -0.086531, -4.155149
-0.698266, 0.274663, -4.740758
0.721338, 1.248586, -5.735669
-0.044553, 0.172226, -4.588197
0.040537, 1.439729, -5.017154
0.461935, 0.508984, -4.851979
0.610181, 1.691695, -5.685282
0.678112, 0.748976, -5.328278
1.419322, 0.501589, -5.335145
0.543060, 0.992310, -5.418036
-0.904654, 0.474406, -5.408216
-0.351609, 0.283793, -5.133674
0.193186, 0.382276, -5.036215
-0.525849, 0.169283, -5.118505
-0.865637, 0.785966, -5.926456
-0.421882, 0.181247, -5.354247
0.338068, 0.864211, -5.480661
0.336932, 1.334423, -4.951158
0.333144, -1.548086, -5.436704
0.345901, -1.929891, -5.694736
0.267396, -1.202213, -5.243625
-1.529017, 0.059984, -5.596790
-1.898807, 0.042217, -5.086930
0.370326, -1.608624, -5.607435
-1.282284, -0.468652, -6.166401
-1.843871, 0.153219, -5.646032
2.273903, 2.069442, -4.082494
2.287112, 1.944701, -4.237031
2.295617, 1.737095, -2.246040
2.297187, 1.692529, -2.429312
1.693194, 1.590355, -5.194715
2.038205, 2.100669, -4.293336
2.277483, 2.145077, -3.899489
2.302689, 1.717258, -3.927709
-0.315512, -0.838021, -4.985184
-0.795062, -0.710352, -6.061943
-1.655015, -1.802143, -6.182348
-1.501307, -1.413844, -6.212883
-0.673734, -0.491687, -5.951512
-0.687862, -0.581749, -6.072289
-0.968847, -0.812206, -6.168861
-1.709538, -1.486763, -6.218121
0.115891, -0.097457, -5.692181
0.831731, -1.116909, -4.808450
1.027712, -0.574483, -5.093387
0.681674, -0.730196, -4.515976
1.068657, -0.551800, -4.971360
0.759658, -0.838071, -4.830238
0.394015, -0.467265, -4.159327
0.637218, -0.479775, -4.338046
-1.131373, 0.343336, -5.154621
-1.084565, 0.634983, -5.523230
-1.831117, 1.405798, -5.735335
-1.735322, 1.658637, -6.234069
-1.059761, 0.544448, -5.931239
-1.322845, 0.706243, -5.900914
0.284633, 0.980310, -5.156974
-1.671198, 0.917043, -6.225623
0.103182, 2.158259, -5.929010
0.045835, 1.320129, -4.956581
0.498314, 0.802726, -5.325413
0.383904, 0.795105, -5.031164
1.468952, -0.129476, -5.092861
-0.226894, -0.005100, -5.969263
1.744282, -0.133854, -5.181702
1.989068, 0.050493, -5.895103
-0.921892, 1.186683, -6.237821
-1.657781, 1.267373, -5.928031
-1.722981, 1.209494, -6.288069
-0.688768, 1.526563, -6.252170
-1.064218, 0.901236, -6.087155
-0.899502, 0.956357, -6.072312
-0.979449, 1.115396, -6.104167
-0.588794, 1.823170, -6.235748
0.550894, 0.386099, -5.878730
1.807822, 2.296910, -6.180710
0.636948, 0.453533, -5.118215
1.284075, 0.122298, -4.872744
0.265287, -0.150961, -6.079168
0.851333, 0.542187, -5.125381
0.649233, 0.804336, -5.286254
0.666849, 0.367606, -5.014085
-0.242054, -0.733824, -5.155434
-0.099000, -1.032320, -5.119545
-0.214565, -1.010816, -5.092464
0.098960, -1.790227, -5.177945
0.089449, -1.022586, -5.210955
-0.104136, -1.190633, -5.118324
-0.038003, -1.013961, -5.195057
0.091648, -1.150339, -5.175962
0.105921, 1.683548, -5.045403
0.633798, 0.426009, -5.753343
0.502812, -0.055161, -4.808473
0.019082, 1.443423, -4.986008
1.036200, 0.311567, -4.800367
2.150921, 0.637295, -5.823220
1.414346, 0.250647, -4.746471
0.559915, 0.153709, -4.918566
-0.747497, -0.378100, -5.559376
-1.620111, -0.309011, -5.556787
-0.246298, -0.816284, -5.536489
-1.097493, -0.337573, -5.640180
-1.774932, -0.506191, -5.879766
-0.964899, -1.365537, -6.197017
0.021684, -1.429638, -5.869889
-0.067475, -1.132183, -5.970496
-0.978478, 0.295014, -4.804762
-0.531393, -0.010360, -4.621681
-0.948442, 0.220490, -6.218204
-1.027347, 0.373267, -5.768701
-0.919363, 0.197143, -6.131579
-0.462512, -0.190956, -4.397631
-0.992662, 0.358890, -5.605100
-0.998019, 0.181686, -6.082449
0.436255, 0.711107, -6.234101
1.811366, 0.199940, -4.790050
1.105288, 1.793511, -5.805098
1.661664, 0.311013, -5.155182
0.910985, -0.002327, -5.220068
1.985759, -0.042387, -5.601945
0.743993, 0.666342, -5.301084
0.774403, 0.612881, -5.332473
-0.763344, -0.048279, -5.200213
-0.564608, -0.249440, -5.749627
-1.257934, 0.068679, -5.096074
-1.270365, 0.049829, -5.104734
-0.420390, -0.473517, -5.130382
-1.463345, -0.103323, -5.746242
-0.540562, -0.248081, -5.802041
-0.706641, 0.085826, -5.406996
1.003869, 0.018960, -4.686184
0.331805, -0.123410, -5.141279
0.087961, 0.230489, -4.516850
0.281986, 1.630617, -5.049753
1.803568, 0.071447, -4.742055
1.259145, 0.280769, -5.110049
0.286242, 0.118256, -5.641657
0.803786, 0.559062, -6.279437
2.217656, 1.372955, -6.078007
1.306209, 0.662347, -6.034334
2.134108, 1.950570, -5.988580
2.137305, 1.268097, -6.115980
2.285277, 1.041586, -6.160273
1.481875, 1.510518, -6.265707
2.198216, 1.428303, -6.149760
1.858333, 0.886805, -6.266926
-0.513577, -0.200319, -4.504283
-0.800522, -0.237201, -4.733250
-0.264984, -0.378427, -4.272514
-1.062033, -0.109970, -6.225035
-0.438073, -0.273875, -4.316546
-1.056988, 0.039028, -6.230984
0.051625, -0.399260, -5.454681
-0.475564, -0.217852, -4.378885
0.907431, 2.019593, -5.946851
1.420634, 0.246064, -4.793489
0.928518, 1.917832, -6.171874
0.999891, 1.971503, -5.820492
1.121255, 0.866148, -5.844063
0.645680, 0.084069, -5.318212
0.757323, 1.686592, -5.588252
0.861691, 0.625286, -6.295629
-0.185350, -0.232978, -4.600923
0.543759, 0.215151, -5.766332
0.510748, -1.192205, -5.808786
0.663178, -0.628303, -4.504459
0.325236, -1.198767, -5.524390
-1.040417, 0.227308, -4.759126
0.071082, -1.673963, -4.880433
0.089915, -0.393353, -4.163614
0.718143, -0.447378, -5.916596
1.004611, -1.407163, -6.053387
0.658935, 0.148470, -4.639750
0.745021, 0.099623, -5.694430
1.876195, 0.336916, -5.315205
1.575015, 0.333634, -6.149182
1.728131, 0.686022, -5.910874
1.547845, 0.546179, -5.741620
-1.652681, 1.421813, -3.287466
-1.570115, 1.552714, -3.650204
-1.691755, 1.875613, -3.911688
-1.691985, 1.875438, -3.923408
-1.704548, 1.961711, -4.168930
-1.739546, 1.866985, -4.052534
-0.537591, -0.175944, -6.276184
-1.704249, 2.172268, -4.915811
0.622137, 0.715396, -5.079062
0.709463, 1.208405, -5.657287
0.052045, 1.640392, -5.080669
0.017253, 1.067938, -4.775870
-0.257044, 0.174335, -6.289845
0.623710, 0.101785, -5.093675
0.699413, 0.012313, -4.923876
0.718761, 2.014366, -5.959134
-1.642456, 0.991155, -5.843016
-1.594460, 0.783994, -5.737415
-1.972529, 1.933113, -6.113535
-1.757094, 1.834811, -6.010735
-1.184371, 0.849785, -5.672213
-1.941424, 0.655236, -6.071312
-1.557697, 1.285318, -5.758348
-1.966244, 1.687529, -6.174540
2.078877, -2.032332, -1.540124
2.273929, -1.876315, -3.824881
1.404461, -1.624836, -5.726418
1.836155, -1.264605, -6.264434
2.294745, 1.017510, -0.878807
2.262387, -1.878829, -3.882906
1.941222, -1.251738, -6.264644
2.215922, -1.949577, -4.160922
0.644023, -0.308035, -5.984395
0.699986, -0.449432, -6.103000
0.771486, 0.113540, -5.512391
0.541905, 0.523639, -4.489232
0.861715, -1.177765, -6.069879
0.969924, 0.227445, -6.079878
1.479367, 0.486442, -5.983624
1.998758, 0.581455, -6.216068
-1.763385, 1.932599, -4.114556
0.025557, 0.920387, -4.876383
-1.715907, 1.915401, -4.140372
-0.094561, 0.426806, -5.841735
-0.774987, 1.497362, -6.125053
-1.189389, 1.423102, -6.228851
-0.638868, 0.177252, -5.341147
0.188675, 0.393343, -5.512695
0.345353, 1.559646, -5.085928
0.522657, 2.138855, -6.010849
0.673881, 1.831258, -5.310541
0.669555, 1.325729, -6.282742
1.033813, 0.911616, -5.882010
0.731966, 1.011921, -5.671907
0.536439, 1.735066, -5.545904
0.664991, 1.305175, -5.704479
-0.414363, -0.808970, -4.881637
0.037343, -0.615350, -5.650180
-0.400024, -0.544595, -5.424539
-0.087724, -1.388038, -5.710922
-0.353369, -0.913083, -4.905328
-0.445654, -0.664033, -4.997715
-0.077385, -0.971153, -5.598314
-0.332778, -0.527961, -5.401691
0.172134, 0.119128, -5.947739
0.195825, 0.061755, -5.715473
0.381711, 0.396316, -5.945261
0.334075, 0.228546, -5.784214
0.786992, 0.277553, -6.096280
0.504656, 0.209847, -5.735457
0.846777, 0.451177, -6.184024
0.668268, 0.437545, -6.171141
0.759799, 0.242398, -4.673737
0.156523, -0.077650, -4.104571
1.462271, 0.307911, -6.125244
1.523349, 0.183891, -6.150464
0.106376, 0.081933, -4.243760
1.020149, -0.124253, -4.936617
0.712668, 0.338885, -4.590824
0.951441, 0.006659, -4.694462
-0.328296, 1.001275, -5.705855
-0.521675, 1.399641, -6.163799
-0.300133, 0.021783, -5.499876
-0.396141, 0.629064, -5.550164
-0.408589, 0.373018, -5.549398
-0.511098, 0.596440, -5.723435
-0.480001, -0.106671, -5.860044
-0.071497, 0.977048, -5.668007
-0.748876, -0.157350, -5.216262
-1.156635, 0.372245, -5.090708
-0.766385, -0.125385, -4.872497
-0.095243, -0.096121, -4.105505
0.179002, -0.494188, -6.221850
-0.580147, -0.335982, -6.296482
-0.378977, -0.276886, -5.419464
-0.593671, -0.250777, -6.203862
1.694508, 0.170618, -5.165708
1.328327, 1.072649, -5.926388
-0.061588, 0.269181, -5.895720
1.173838, -0.173318, -5.381613
1.079334, 1.735312, -6.010643
0.510079, 0.783545, -5.187109
-0.173044, 0.536133, -6.284479
0.164949, 0.241970, -5.713292
0.936120, 0.042975, -5.516839
0.947197, -0.324724, -5.270458
1.121702, 0.449242, -6.086986
1.092150, 0.592254, -5.983614
1.102865, 0.378164, -6.093475
1.086842, 0.477009, -6.106101
1.303195, 0.582369, -5.523465
1.361158, 0.477142, -6.196027
0.614506, -0.156083, -4.610622
1.258468, 0.307670, -5.820403
0.901883, 0.117926, -4.629513
0.984186, 0.283680, -5.391217
0.613480, -0.110532, -4.628701
0.773763, -0.221572, -5.082225
2.026669, 0.220312, -5.344054
1.509454, 0.263042, -6.181030
-0.545916, 0.061925, -5.409695
-0.609064, 0.447019, -6.098065
-0.380023, 0.681312, -5.651726
-0.420911, 0.629897, -5.709896
-0.461594, 0.669010, -5.669397
-0.123636, 0.940548, -6.228869
-0.562191, 0.519301, -6.009447
-0.258057, 1.117453, -5.878232
0.574246, 2.133267, -5.502723
1.423242, 2.267805, -6.153776
0.805394, 0.557294, -5.403036
0.893730, 0.067105, -5.122947
0.794989, 1.314207, -5.826936
0.058423, -0.050050, -4.529481
0.499533, 1.401929, -5.572981
0.768204, 1.473044, -5.865278
0.931464, 1.188448, -5.917832
-0.285475, 0.252392, -5.710475
-0.134150, 1.892232, -5.274150
0.386386, 2.050740, -5.186537
0.285899, -0.354474, -4.660845
0.376104, -0.244258, -4.224579
0.656819, 0.777216, -5.206384
0.444238, -0.071585, -4.813103
-0.289867, -1.052431, -5.093043
0.394697, -1.539669, -5.530188
0.254677, -0.284102, -6.060302
0.129172, -1.201816, -5.835442
0.027316, -1.595575, -5.136154
-1.730160, 0.261403, -5.596164
-0.311772, -0.839085, -5.053548
0.165232, -1.841756, -5.191638
-0.082505, 0.220263, -4.861446
-0.727320, 0.312858, -5.208349
-0.111710, 0.997222, -5.733454
-0.480079, 0.205694, -5.711832
-0.365961, -0.136817, -5.864718
0.221565, -0.612465, -5.937807
-0.477372, 0.170487, -4.903155
-0.511420, 0.088355, -5.203416
0.692652, -0.180530, -5.967596
0.557600, -0.422812, -5.925047
0.709618, -0.106330, -6.058945
0.286408, 0.047395, -5.909478
0.631607, -0.549469, -5.434523
0.721335, -0.080505, -5.736138
0.789778, 0.103423, -5.806431
0.743018, -0.136623, -6.097921
-1.071771, 0.281296, -5.418699
-0.658344, 0.274642, -4.740458
-0.952871, 0.394586, -4.711804
-0.768006, 0.528737, -4.742774
-0.690011, 0.074493, -6.153538
-0.676271, 0.020692, -5.474260
-0.717146, 0.155587, -5.599468
-0.631591, 0.134135, -5.392647
0.785706, -0.172184, -4.879581
1.007281, 0.024537, -5.904658
0.441529, -0.381765, -4.788583
0.155369, -0.347375, -4.936095
0.328138, -0.294287, -5.174348
1.495884, 0.425932, -5.399928
0.161611, -0.426545, -4.973345
0.093008, -0.205886, -5.365584
0.591228, -0.735783, -5.493834
1.123349, -1.607796, -5.839824
0.289708, -0.312405, -5.791878
0.768928, -1.168015, -6.055876
0.299268, -0.654043, -5.545681
0.758402, -0.618027, -5.946026
0.399162, -0.566785, -4.992910
1.103325, -0.241314, -5.123619
-0.728353, 0.625932, -5.976974
-0.683616, 0.285702, -5.940914
-0.515554, 0.675167, -5.817266
-0.363384, 0.603133, -6.002408
0.397464, -0.398151, -3.891775
-0.219241, -0.023847, -4.910384
-0.478028, -0.053402, -5.135534
-0.185449, 0.888354, -5.943532
1.564489, 1.013974, -6.162336
1.831059, 1.574782, -6.242696
1.570521, 0.583815, -5.470898
1.623836, 0.583807, -5.507329
1.648035, 0.802073, -6.260942
2.060415, 0.910904, -6.232422
1.024450, 2.264761, -5.917782
0.402923, 2.200949, -5.824074
2.233924, -0.902326, -6.220441
2.197671, 0.026737, -5.960948
2.233416, -0.087909, -5.901822
2.274828, 0.170925, -6.027062
2.015111, 0.115215, -6.169035
1.774038, 0.413918, -6.262507
2.216994, 0.197909, -6.135476
2.199487, 0.189848, -6.128572
-0.273623, 1.870673, -5.995240
-0.035056, 1.616134, -6.058661
-0.363794, 0.368977, -5.854481
0.098704, 1.648430, -6.168229
0.060445, 1.589098, -6.245493
-0.283226, 1.584416, -6.124004
0.104002, 1.645842, -6.179920
0.266494, 1.443564, -6.094866
1.329697, -0.018089, -5.132267
0.784096, 0.433289, -4.479201
1.327109, 0.803662, -6.114366
1.423041, 0.586902, -5.784131
2.031486, 0.114149, -5.396137
1.927413, 0.470075, -5.839232
2.016878, 0.270362, -5.665325
1.439585, 0.691648, -6.088959
0.455263, -0.128445, -3.885328
-0.153751, -0.414903, -4.324283
1.271357, -0.671092, -4.794599
-0.611086, -0.305762, -5.825537
-1.071219, -0.170479, -5.411189
-1.513895, -0.788728, -6.224205
0.609956, -0.223970, -4.100234
-0.595514, -0.217295, -5.699702
-1.532713, -0.611314, -6.154928
-1.009264, -0.396386, -5.834584
-1.368046, -0.437296, -6.073030
-1.182154, -0.257368, -6.171564
-1.691427, -0.972915, -6.203138
-1.455161, -0.709148, -6.241799
-1.479079, -0.381526, -6.079848
-1.282067, -0.312411, -6.151567
1.467631, 0.388485, -5.132381
2.139601, 1.445605, -6.235997
0.249190, 0.107704, -5.545184
-0.004264, 0.226955, -5.954212
-0.068941, 0.227656, -5.714071
1.075547, 0.175077, -5.058919
1.447326, 2.225635, -6.034005
-0.295298, -0.342700, -5.736077
0.164288, -1.255731, -5.556249
-0.075601, -0.999605, -5.546361
-1.559453, 0.051041, -5.703811
0.139764, -1.126138, -5.165226
-1.375640, -0.260014, -5.581093
0.189166, -1.422250, -5.849613
0.065766, -1.103687, -5.065453
-0.121240, -1.091103, -6.149080
-1.188488, 0.270826, -4.984644
-1.613943, -0.475197, -5.999081
-1.535475, -0.761656, -6.220170
-1.648723, -0.481038, -6.000420
-1.841095, -1.464922, -6.201334
-1.531485, -0.694822, -6.204200
-1.430258, -0.748571, -6.246059
-1.594707, -0.608607, -6.148400
-0.243319, -0.715016, -6.053619
-0.271236, -0.716733, -5.069376
-0.242850, -0.734667, -6.073393
-0.265022, -1.079842, -4.976551
0.235203, -0.230074, -5.738114
0.061126, -0.784585, -6.089647
0.215555, -0.935961, -5.976804
0.463061, -1.767470, -6.046622
1.669134, 1.746811, -6.027340
0.263430, 1.829693, -5.745441
1.021786, 0.178014, -5.091637
0.546317, 0.154430, -4.938148
0.842294, 1.207747, -5.858415
0.981933, 1.912818, -5.928374
0.979169, 2.143114, -6.038814
0.968639, -0.105540, -5.211223
-0.177975, 1.734244, -5.966754
-0.067292, 1.621359, -5.999466
-0.152826, 1.569686, -5.977094
-0.024940, 1.268986, -5.998764
-0.083966, 1.646592, -6.249336
0.073249, 1.419109, -6.182484
0.195147, 1.656767, -6.266279
0.240923, 1.598012, -6.234339
1.806563, -0.930763, -6.277220
1.930684, -0.631055, -6.190535
2.309695, -0.997307, -6.158392
2.240814, -0.278592, -5.859210
1.809036, 0.101027, -6.086442
2.181141, 0.020624, -6.207689
0.408594, -0.392072, -5.338459
1.684324, 0.177524, -6.064141
-0.503859, -0.655335, -5.743730
-1.587045, -0.355782, -5.834052
-0.202954, -0.737597, -5.172858
-1.124239, -0.201671, -5.719617
-1.127664, -0.167970, -5.685332
-1.899402, -0.118570, -5.211140
-0.924146, -0.237932, -5.383430
-1.383021, -0.411192, -6.192876
1.563001, 1.316387, -6.221685
1.708514, 0.949324, -6.171760
0.919223, 0.937354, -5.703318
1.385779, 0.893872, -5.912205
1.178535, 0.473419, -5.156240
1.658976, 1.421811, -6.202006
0.759689, 0.524721, -5.095863
0.620925, 1.985287, -5.712341
-0.134878, -0.340887, -5.632738
-0.280966, -0.069088, -4.517549
-0.524558, 0.226935, -4.798336
-0.765139, -0.174917, -5.611815
-1.519564, 0.220180, -5.555304
-0.704978, 0.362512, -5.054426
0.371905, -0.504830, -5.816267
-0.377430, 0.043115, -5.646571
0.322246, -0.035945, -5.240695
0.801977, -0.250661, -6.059330
0.859687, 0.144958, -5.916588
0.805161, -0.322503, -5.138480
0.836115, -0.417153, -5.998709
1.088003, 0.126856, -6.234762
1.435339, 0.303864, -5.854932
1.328856, 0.304135, -5.994814
-0.041130, -0.591431, -5.159383
-0.093577, 0.223447, -5.148029
-0.143112, -0.344190, -5.316331
-0.131827, 0.150887, -5.087371
-0.361168, 0.320628, -5.765139
-0.099185, 0.127217, -5.270100
-0.130869, 0.066253, -5.430540
-0.140601, 0.031081, -5.485816
0.718709, -0.143328, -4.770879
0.605828, -0.113459, -4.546641
0.496396, -1.256646, -4.747578
0.488045, -0.404764, -4.541242
0.275326, -0.280756, -5.047017
0.810872, 0.050040, -5.955265
0.129024, -0.785807, -5.531888
0.352528, -1.580530, -5.574718
0.106774, -0.409965, -5.119344
0.732436, -1.009665, -6.041211
0.862303, -0.624399, -4.979894
0.399597, -0.108567, -4.373654
1.379871, -1.662876, -6.046048
-0.034632, -0.098230, -5.878573
1.659932, 0.001333, -5.387046
0.615817, -0.357788, -5.974627
-0.280935, 0.533610, -5.979933
-0.068575, -0.164681, -4.631309
-0.398203, 0.580351, -5.907341
-0.146887, 1.138305, -6.192256
0.068413, -0.000123, -4.748490
-0.192694, 0.227242, -4.422077
-0.037970, 0.725289, -5.913483
0.108057, 0.479930, -5.492353
0.727929, 1.825872, -5.858253
0.708277, 2.221346, -5.835299
0.760522, 1.164500, -5.913148
0.706234, 1.809977, -5.711324
0.357230, 1.131667, -5.237516
0.526426, 0.516886, -6.219970
0.917041, 0.789665, -5.673096
0.684801, 1.438183, -5.801156
1.504849, 1.053091, -6.234154
1.459438, 0.885548, -6.074364
1.399948, 0.647087, -6.222968
1.791096, 0.054745, -5.041120
1.116125, 2.151465, -5.649546
1.010979, 0.259183, -5.094693
0.858082, 0.040660, -5.079214
0.687908, 0.693862, -5.821216
-0.086483, -0.214562, -4.125730
0.447455, 1.715536, -6.151527
0.803289, 1.982090, -5.026941
-0.974278, 0.700535, -5.351241
0.499364, 1.458616, -5.147083
-0.422648, 1.026847, -5.856263
-1.216453, 0.596214, -5.274954
0.366241, 0.948769, -5.406942
1.378582, -2.003782, -6.290224
1.091530, -1.824331, -6.055936
0.973453, -1.566361, -5.582266
0.948887, -1.618677, -5.906486
1.427814, -1.985668, -5.963290
1.553580, -1.977755, -5.613461
1.219005, -1.833397, -5.118033
1.560004, -1.995030, -6.042360
0.510394, -0.767838, -4.522593
0.544679, -1.179277, -4.720569
0.505154, -0.643195, -4.236376
0.718628, -1.256455, -4.626266
0.548488, -1.715153, -5.408610
0.746348, -1.603651, -5.609326
0.630422, -0.959490, -6.051732
0.417532, -0.435291, -6.068957
-0.639155, 1.327478, -6.187277
-0.620625, 0.538253, -5.868289
-0.575262, 0.991831, -6.131833
-0.609246, 1.180213, -6.162730
-0.420450, 1.148263, -6.137851
-0.257980, 1.241016, -6.084006
-0.463433, 1.413775, -6.219844
-0.456651, 1.855034, -6.130990
-1.438786, -0.642749, -6.213419
-0.741669, -0.252310, -5.876369
0.480647, -0.151594, -4.084923
-0.594760, -0.279377, -5.542270
-1.578943, -0.949784, -6.199613
-1.003828, -0.232048, -5.451700
-0.295072, -0.384363, -4.987334
-1.414127, -0.399216, -6.137697
-0.073584, -1.425625, -4.946343
-0.159677, -0.784589, -4.661945
0.119592, -0.783342, -6.227585
0.158442, -0.823354, -5.583645
-0.234177, -1.114895, -5.998162
-0.337339, -1.295057, -5.174816
0.499289, -1.221304, -4.767780
-0.299519, -1.290219, -5.027458
2.258400, 1.726928, -6.095902
1.230138, 2.109472, -5.795606
1.166492, 1.255129, -6.141378
2.031340, 0.660174, -6.130511
1.710662, 0.084697, -5.069776
1.771247, 0.007564, -5.035228
0.860517, 1.042396, -5.931024
1.118558, 0.538914, -5.257662
-1.259514, -0.262748, -5.644464
-0.148203, -1.097170, -5.956230
0.293719, -1.471388, -5.532110
0.291414, -1.450440, -5.502009
-1.503461, -1.799924, -6.229935
-1.956019, -0.968975, -5.845605
-1.268050, -0.302940, -5.684805
-1.980453, -1.017069, -6.220407
-1.616892, 0.113582, -5.842726
-1.049081, 0.159025, -5.209991
-1.156974, 0.272287, -5.659140
-0.815312, 0.246363, -5.248296
-1.103753, 0.316199, -5.644080
-0.830176, 0.210458, -4.842681
-0.903156, 0.182960, -4.834728
-1.510426, 0.371584, -5.821998
-0.562395, -0.655658, -5.687348
-0.585081, -1.023884, -6.228425
-0.673346, -0.521588, -5.697153
-1.581049, -0.449051, -5.993263
-0.804137, -1.109170, -6.215660
-0.919434, -0.890652, -6.228619
-1.228439, -0.694078, -6.211792
-1.624383, -1.762476, -6.232166
-1.331470, -1.564162, -6.224096
-0.419340, -0.779830, -5.998680
-0.364902, -0.607894, -4.825074
0.025487, -0.276844, -5.101254
-0.063365, -0.626992, -5.333942
0.173954, -0.276839, -5.960508
-0.201667, -0.712983, -4.409587
0.534977, -0.262055, -5.269439
1.839751, 0.625922, -5.637732
0.854561, 1.335754, -6.107790
2.067486, 0.175497, -5.590879
0.439980, 1.737239, -5.511255
1.480117, 1.035045, -6.241283
1.551605, 2.188697, -5.880355
2.269795, 1.405828, -6.134904
1.077600, 1.997750, -5.646779
-0.992947, -1.592899, -6.207695
-1.113186, -1.099723, -6.057698
-1.574859, -1.601726, -5.632202
-1.239172, -0.731834, -6.105334
-0.585633, -0.788564, -6.126991
-0.080669, -1.389079, -5.671359
-1.201617, -1.133691, -6.041210
-0.188556, -0.861322, -5.626731
0.268075, 0.905562, -5.173679
0.456790, 1.668443, -5.915916
0.947433, 2.229414, -4.909107
0.552581, 1.578868, -5.012451
0.573514, 1.744442, -5.240414
0.164023, 1.408161, -5.996797
0.768548, 1.928236, -5.121655
0.119874, 1.283919, -6.007217
1.355593, -1.880210, -5.341036
1.372549, -2.002330, -5.796625
1.462939, -1.758105, -6.010666
1.351936, -1.766242, -6.198046
1.069390, 0.199561, -5.435603
1.134249, 0.187368, -5.282539
0.930915, 0.217843, -5.757048
0.193869, -0.758062, -5.434895
-0.087230, -1.005437, -5.104749
0.014204, -1.573106, -5.133657
-0.416258, -0.831551, -4.930933
0.207102, -1.937819, -5.699533
-0.003198, -1.216298, -5.105309
0.278037, -1.622128, -5.418928
0.309627, -1.880060, -5.440005
0.285036, -1.943693, -5.615050
0.658521, 0.672606, -5.043543
0.781931, 0.212553, -4.899642
0.188142, 2.091393, -5.278507
1.170014, 1.215706, -5.962004
0.605758, 0.061659, -4.920994
0.588583, 0.805250, -5.239295
1.051014, 0.571038, -5.471653
1.133034, 1.286470, -5.945944
-0.068724, -1.091059, -5.334287
-0.165003, -0.977440, -5.805655
-0.252178, -0.624154, -5.940392
-0.567818, -0.855268, -6.140481
-0.271509, -1.228082, -6.146238
-0.054183, -1.003081, -5.867756
-0.007108, -0.733675, -5.668878
-0.080110, -1.049675, -4.949281
-1.646990, 1.331143, -6.129368
-1.254951, 1.706189, -6.187879
-1.194691, 1.536224, -6.259096
-1.071985, 2.080543, -6.189623
-0.760989, 1.751912, -6.151724
-0.524111, 2.168733, -6.093788
-0.511099, 2.164961, -5.802652
-0.788222, 1.854161, -6.164959
0.396968, -1.042465, -5.811635
0.337099, -1.067400, -5.827223
0.148533, -1.061291, -4.975642
0.597485, -0.249160, -4.953424
0.542233, -1.391268, -6.279205
0.430459, -1.463643, -5.575047
0.150465, -0.946377, -4.657024
0.417522, -0.407134, -4.693608
-0.201536, -1.307508, -5.878442
-0.104812, -1.527736, -5.764812
-0.165160, -1.232802, -5.857965
-1.354243, -1.855604, -6.170381
-0.467646, -0.600887, -5.474477
-1.631971, -0.042200, -5.068176
-1.874280, -1.963581, -2.653919
-0.331246, -1.254653, -5.907122
-0.057898, -0.489933, -5.936745
-0.034583, -0.245918, -6.276243
-0.581254, 0.022307, -6.058814
-0.502085, 0.215337, -6.206634
0.076907, -0.350191, -5.983901
0.271398, -0.459649, -6.192588
-0.316704, -0.037233, -6.217143
-0.371092, 0.011791, -6.218981
-0.430943, -0.057741, -4.316368
-0.243402, 0.192236, -4.276486
-0.347582, 0.369306, -4.525830
-0.485666, 0.418175, -4.743885
-0.285292, 0.129137, -4.252441
-0.368025, 0.203004, -4.452959
-0.852321, 0.527281, -4.866134
-0.894406, 0.437974, -4.802245
0.936031, -0.396691, -6.188853
0.559176, -0.903212, -5.304900
0.627445, -1.659314, -5.118416
0.554353, -1.154752, -5.973862
0.653871, -0.910609, -5.672318
0.504109, -0.731716, -5.314867
0.555347, -0.792641, -5.408678
0.801121, -0.918065, -6.161022
0.035510, -0.696805, -6.233222
-0.267933, -1.053437, -5.088123
0.021445, -1.454465, -5.105301
-1.984936, -0.034319, -5.894315
0.271242, -1.480032, -5.446270
0.264962, -1.553005, -5.321150
-1.959215, -1.219972, -6.250183
0.127928, -1.299368, -5.262351
1.550988, 0.162948, -5.002332
1.910994, 1.838925, -6.098567
1.185843, 1.014211, -5.898520
1.202501, 0.628581, -5.668691
1.534446, 0.156563, -4.996982
1.113619, 0.309997, -5.082482
0.533819, 2.161992, -5.585725
1.024245, 1.786768, -5.872149
0.286262, -1.385628, -6.044762
0.007377, -0.569664, -5.707205
-0.065450, -0.607327, -6.215097
-0.005892, -0.587192, -5.611297
-0.258642, -0.877163, -6.153851
0.174987, -1.094707, -5.677622
-0.103449, -0.691638, -5.213535
-0.310187, -1.192563, -5.083028
1.879025, 1.850359, -6.122042
1.954601, 1.941948, -6.045764
1.604092, 1.615196, -6.099442
1.672632, 1.653506, -6.102923
1.493904, 2.218198, -6.086455
0.844240, 1.101712, -6.227925
0.576480, 0.598825, -5.649048
0.718034, 0.137751, -5.230709
-1.165908, 2.300848, -5.978362
-0.167281, 0.601193, -5.770790
0.276253, 0.695224, -5.483327
-1.067662, 0.407851, -4.991819
-1.109845, 0.697553, -5.905773
-0.370521, 0.494942, -5.439983
-1.640779, 2.069744, -4.511983
-1.093833, 0.444831, -5.422547
0.411766, -0.042833, -5.307882
0.179404, 0.179437, -5.926663
1.868727, 0.610065, -6.013030
1.148649, -0.150965, -5.240025
-0.891505, 2.037639, -6.247631
0.051012, 0.555714, -6.037782
-0.322653, 0.745208, -5.694464
-1.024460, 0.537373, -4.994471
-1.691882, -1.394677, -5.982235
-0.428672, -1.053464, -6.099079
-1.836545, -2.019923, -2.074885
-1.876511, -1.993143, -2.500024
-1.683156, -1.837617, -5.340203
-1.833577, -1.997692, -4.570051
-0.132489, -1.423986, -5.873517
-0.444606, -1.564148, -5.961448
-0.559556, 0.105862, -4.793341
0.292563, -0.610749, -5.410316
-0.758633, 0.520988, -4.891020
0.141272, 0.638122, -4.851944
-0.517863, 0.033068, -4.926787
-0.216644, 0.688622, -5.706174
0.198647, 0.330036, -5.125050
0.527105, 1.993960, -5.162256
-1.028327, 0.428849, -5.634640
-1.136409, 0.285705, -4.764781
-1.142141, 0.410876, -5.911246
-0.931204, 0.364577, -5.465996
-0.924774, 0.455041, -4.673244
-0.999714, 0.371380, -5.482890
-1.132095, 0.534075, -6.100584
-1.256723, 0.420921, -6.000346
1.004406, 0.020771, -6.238323
0.808995, -1.534072, -5.155912
0.487452, -1.935451, -5.220166
0.804814, -0.156744, -5.014010
1.070879, -0.446200, -6.151704
0.966209, -0.158107, -5.974056
1.613501, 0.285327, -5.267370
1.504459, 0.045478, -4.975383
0.673187, -0.545163, -5.626475
0.737464, -0.301408, -5.925691
0.713532, 0.030947, -6.169726
0.774128, -0.355023, -5.165325
0.679702, -0.692775, -5.940421
0.750566, 0.136872, -5.931391
0.811470, 0.211739, -5.754077
0.835357, 0.156360, -5.739672
-1.083703, 0.681447, -4.979560
-0.371591, 0.281248, -5.103844
-0.866030, 0.008355, -6.095253
-0.434962, 0.196722, -5.555892
-0.901168, 0.449566, -4.963529
0.221708, 1.217984, -5.491096
-0.291675, -0.361002, -5.600247
-0.793782, 1.248051, -6.115435
-0.504278, 0.311104, -4.708490
-1.415174, 0.368493, -6.110208
-1.123480, 0.613249, -5.407898
-1.949687, 0.844228, -6.042751
-0.178994, -0.411062, -5.363922
-0.570988, -0.207565, -4.986305
-0.166337, 0.211276, -5.097305
-0.607295, 0.254958, -5.299895
0.730171, -0.006394, -5.414674
0.340840, 0.218511, -4.331986
0.835093, -0.073964, -5.309384
1.280594, -0.092140, -5.300288
-0.141389, 0.547971, -6.185577
1.181694, 2.022748, -6.242996
0.811954, 0.165622, -5.362089
0.286033, -0.101187, -4.280055
-0.801231, -1.874353, -1.615799
-1.872111, -2.025577, -2.286239
-0.503114, -1.919816, -1.329756
-1.855045, -0.734684, -5.937373
-1.815174, -1.998164, -4.506567
-0.128189, -0.213979, -2.501609
-0.911218, -1.871609, -1.665689
1.982993, 1.516176, -3.482122
-0.160391, -0.465432, -5.935554
-0.592472, -0.175108, -6.267902
-0.546773, 0.085498, -6.232870
-0.732979, -0.078456, -5.972636
0.194428, -0.529603, -6.224536
0.240456, -0.559444, -6.021748
-0.243673, -0.058129, -6.214758
-0.613048, -0.011162, -5.972267
1.626364, 0.581779, -5.251598
1.790133, 0.338255, -5.201375
1.569055, 0.323228, -5.155926
0.815549, 0.505881, -5.344287
1.534685, 0.828904, -6.226675
1.758778, 0.774477, -6.179523
1.534212, 0.246602, -5.018858
1.449122, 1.402279, -6.241818
-0.587880, -0.380754, -4.895857
-0.473119, -0.788818, -6.120455
0.093680, -0.926627, -4.735349
-1.000983, -0.621214, -6.138309
-1.328906, -1.565621, -6.071841
-0.417333, -0.564315, -6.050922
-0.584491, -0.491002, -6.123962
-0.687034, -0.380786, -5.872325
-0.459732, -0.662982, -6.080282
-0.523475, -0.631084, -5.993679
-0.530361, -0.438666, -6.290843
-0.684147, -0.542266, -6.191987
0.387609, -0.979915, -5.421303
-0.136006, -0.699671, -6.102286
-0.169938, -0.574512, -6.080105
-0.200674, -0.556425, -6.124862
0.059258, -0.055835, -5.325368
0.842018, 2.288243, -5.990514
1.077623, 0.325641, -5.012125
1.330642, 0.641277, -5.423431
-0.215011, 0.012656, -6.047684
0.286329, -0.107281, -5.267058
0.043755, 0.618698, -5.966288
1.035257, -0.063719, -4.932738
-0.934598, 0.112596, -5.578308
-0.983061, -0.014785, -5.883345
-0.731788, -0.043268, -5.387363
-0.970289, 0.153395, -6.024508
-0.378577, -0.248809, -5.496063
-0.758470, -0.017211, -5.816860
-0.892062, 0.004341, -5.807818
-0.782351, -0.015308, -6.098873
0.128621, 0.187106, -5.881506
0.452112, 0.503333, -5.687559
0.945451, 0.722117, -5.623466
0.556704, 0.488337, -6.032343
0.737870, 0.605010, -5.499837
1.078178, 0.782917, -5.890147
0.761262, -0.040710, -5.111331
0.913525, 0.090330, -5.028943
1.053341, -0.062992, -5.007476
-0.094037, -0.214146, -5.939190
1.442735, -0.129410, -5.094612
0.999273, 0.445801, -5.142829
1.957279, 1.960726, -6.214279
0.723257, 0.971794, -6.253294
0.862224, 0.870753, -5.752392
1.688462, 0.651273, -5.847938
-0.655797, -0.795410, -6.141781
-0.324319, -0.446747, -5.829603
-0.401494, -0.427871, -5.624267
-0.434178, -0.445549, -5.944378
0.399165, -1.026836, -5.403032
0.314762, -1.782477, -6.160233
-0.188985, -0.541999, -5.805488
-0.274342, -0.615208, -6.076527
0.684363, -1.800425, -6.030470
0.629980, -1.965526, -5.714154
0.602886, -1.629123, -5.763755
0.644174, -1.745631, -5.649006
1.067133, -1.977410, -6.282925
0.783208, -1.917906, -5.549420
0.959013, -1.771466, -5.872685
0.829414, -1.887250, -5.900682
-0.463174, 0.492764, -4.933048
-0.811889, 1.035819, -6.196909
-0.859687, 0.305441, -5.301723
-0.512656, 0.831290, -5.554151
-0.078805, 0.839638, -5.386393
-1.736762, 1.529065, -6.235202
-0.014863, 0.938757, -5.433029
-0.125276, 0.642133, -5.306118
-0.100591, 0.487451, -4.790676
0.332958, 1.908646, -5.255850
-0.449636, 0.403108, -4.968019
-0.362449, 0.253421, -4.783135
-1.814457, 0.197497, -5.260213
-1.410807, 0.420583, -4.956502
-0.406679, 0.239791, -4.898561
-0.229073, 0.492046, -4.778839
0.307874, -0.625241, -5.986313
0.391420, -0.331764, -5.699595
0.560989, -0.301864, -6.199186
0.168078, -0.054059, -6.228906
0.488730, -0.527049, -6.183989
0.507589, -0.496063, -6.064443
0.605564, -0.099836, -5.837832
0.433049, 0.041461, -5.907697
-1.002468, 0.237775, -4.758609
-0.611750, 0.234708, -4.561040
-0.568053, 0.591797, -4.839870
-0.180141, 0.247408, -4.244242
-1.582221, 0.164548, -6.062049
-1.304545, 0.416674, -5.785024
-1.317098, 0.589326, -5.537776
-1.366982, 0.661748, -6.180499
1.744371, 0.436828, -5.528219
1.664786, 0.386670, -5.534616
0.797205, 0.053779, -5.638768
0.726054, -0.033369, -5.623803
1.866574, 0.396880, -5.482972
0.243506, -0.914231, -5.459390
0.547860, -0.234882, -5.101021
0.275488, -0.496509, -5.083778
1.055339, 1.272689, -5.954164
0.780688, 2.235214, -6.047699
2.149992, 1.791269, -5.998856
1.031655, 2.252296, -6.020472
0.521873, 0.155413, -5.087237
1.039672, 0.722988, -5.785439
0.889721, 0.949543, -5.917666
1.398072, 1.450443, -6.224415
-1.421129, 0.265114, -5.688147
-1.308106, 0.225965, -5.937012
-0.921919, 0.363632, -5.333765
-0.848343, 0.178765, -4.995986
-0.980326, -0.016166, -5.992952
-1.027220, 0.002532, -5.618996
-0.895612, 0.244180, -5.315397
-0.805176, -0.017329, -5.901077
0.701091, 0.869247, -5.883589
0.671272, 0.157320, -5.340402
1.601233, 1.815554, -6.187934
0.652492, 0.671003, -5.203635
0.753394, 0.782821, -6.001674
-0.388485, -0.014413, -6.101176
0.468403, 0.140634, -4.832033
0.053965, 0.350946, -5.770650
1.508523, 0.730602, -5.448505
0.757347, -0.024746, -4.667083
1.670768, 0.652360, -5.914518
1.498705, 0.620978, -5.621207
0.579737, -0.484564, -5.888534
0.531025, -0.655636, -5.405691
1.647894, -0.144946, -6.225787
2.197418, -0.224887, -6.070035
0.200187, 0.768620, -4.915613
-0.113543, 0.471196, -5.855279
-0.325487, 1.640302, -6.141791
0.314042, 0.822685, -5.079180
0.680427, 1.388591, -5.669503
0.550617, 1.237726, -5.989611
-0.407326, 2.064380, -5.896558
-0.365724, 1.747727, -6.237855
-0.152212, -0.190889, -5.564172
0.174684, -0.416361, -5.656482
-0.389362, 0.399094, -6.204331
-0.233110, -0.079690, -5.684057
-0.251704, 0.270763, -5.747222
-0.386370, 0.564024, -6.163665
0.141216, 0.706121, -6.224133
0.154540, 0.536883, -5.338068
1.651989, -0.166746, -6.080962
0.179606, -0.803876, -5.429569
0.999645, 0.131163, -5.474784
0.104586, -0.694721, -5.274036
1.301356, -0.077605, -5.190161
-0.578624, 0.089616, -3.733634
0.300141, -0.498996, -5.058717
0.161533, -0.996301, -4.831362
-0.367913, -0.202736, -6.165115
-0.425489, -0.324893, -5.894812
-0.590464, -0.027672, -5.904314
-0.399590, 0.075964, -5.813165
-0.123057, -0.338167, -6.228417
-0.280054, -0.211092, -6.238944
0.090296, -0.076483, -6.167548
-0.131654, -0.070513, -6.226544
-1.145524, -0.689914, -6.109910
-1.432753, -0.792517, -5.996357
-1.020454, -0.670721, -6.237546
-2.008274, -0.894587, -5.834027
0.007427, -1.208928, -5.694560
-0.014460, -1.040240, -5.585858
-0.443145, -1.073840, -5.852726
-0.317307, -1.477312, -6.114911
-0.533019, 0.795383, -6.024394
-0.474017, -0.095092, -4.325902
-1.189855, 0.187465, -5.275301
0.344324, -0.463959, -6.042066
0.207746, -0.821165, -4.440175
-0.418139, 0.162058, -4.850832
-0.411079, 1.198864, -5.802867
-0.263080, -0.347351, -5.128702
1.178629, -1.633486, -5.904617
1.164067, -1.480816, -5.672059
0.701962, -1.076801, -5.744172
0.638114, -0.799169, -5.448165
0.710810, -0.790867, -5.668657
0.689230, -1.019158, -5.786658
0.362400, -0.134983, -4.151284
0.216309, -0.116830, -5.798372
-0.246465, -0.149664, -4.406700
0.283839, 2.010301, -5.476710
-1.645420, 0.515446, -6.211324
-0.603624, 0.424955, -4.885639
-1.620407, 0.141509, -5.332152
-1.368906, 0.326507, -4.958243
-1.340640, 0.557616, -4.937479
-0.620626, -0.068050, -5.136333
0.493449, -0.333673, -6.178085
0.311185, -0.168760, -5.774188
0.520572, -0.205569, -5.488516
0.130280, -0.149761, -6.237116
-0.056885, -0.161084, -5.146927
0.153561, 0.014531, -5.705104
0.435011, 0.006350, -5.673232
0.637673, -0.067050, -5.992390
-0.256351, 0.157269, -4.307968
-1.164415, 0.329925, -5.640436
-0.398467, 0.304032, -4.596384
-0.960873, 0.456660, -4.894604
-1.537375, 0.289461, -6.012599
-0.946817, 0.358248, -5.149271
-0.678670, 0.707864, -4.912940
-0.844975, 0.732366, -4.911063
0.345378, -0.518928, -5.161121
0.986860, 0.084668, -5.493176
1.214986, -0.288845, -6.210076
0.968694, -0.611474, -6.255832
1.685304, 0.350987, -5.272003
0.229641, -0.452616, -5.818247
1.674384, -0.388964, -6.145347
1.515931, -0.261835, -6.193176
-1.748585, 1.706542, -2.551206
-1.179795, 0.364782, -4.993226
-1.976801, 1.115063, -0.549410
-1.164577, 2.261173, -3.825182
-0.412172, 0.413703, -5.868952
-1.407053, 0.931801, -5.944476
-1.741488, 1.691766, -2.425956
-1.912609, -0.263384, -3.370870
0.332961, 1.843804, -6.183719
-0.053960, 2.049439, -5.939735
0.838016, 1.852928, -5.514225
0.829065, 1.847167, -5.521957
0.419175, 2.236342, -6.154131
2.069841, 2.348864, -5.573972
2.327159, 2.334319, -5.513804
1.714187, 2.330666, -5.664612
-0.333019, 0.145371, -5.677896
-0.195962, -0.148115, -5.496376
-0.186027, 0.449107, -5.482892
-0.290738, -0.323082, -4.945678
-0.464348, 0.307228, -5.977851
-0.314624, 0.140344, -5.397117
0.150944, 0.297653, -4.985256
-0.153788, 0.145261, -5.236597
0.209992, -0.387355, -4.983628
1.413628, 0.339120, -5.675648
0.071657, -0.757538, -5.096084
0.319355, -0.423692, -5.227919
0.177850, -0.812651, -5.508065
0.586293, -0.721478, -5.526616
0.221940, -0.839562, -4.424188
0.075583, -0.749688, -5.208717
0.075549, -0.631657, -6.224323
-0.272997, -0.926103, -5.050257
0.166196, -1.265500, -5.805252
-1.304565, -1.888292, -6.111024
-1.882234, -1.257706, -5.991857
-0.588147, -1.210177, -6.143681
-1.694858, -0.245403, -5.828192
-1.741682, -1.065359, -6.115158
-1.580838, 2.081911, -6.012950
-1.589717, 2.242860, -5.778982
-1.545233, 2.274365, -5.965773
-0.969174, 2.191616, -6.066751
-0.716479, 2.269804, -6.213931
-0.600523, 1.690770, -6.012943
-0.966134, 2.268690, -6.104897
-1.051250, 2.244770, -6.013710
1.792139, -0.363479, -6.226608
1.839121, -0.271821, -6.214373
1.716582, -0.352979, -6.292065
2.187957, -0.531506, -6.253374
2.293055, -1.464431, -5.912824
2.117057, -1.910743, -3.482631
2.312654, -1.546144, -5.670259
2.240615, -0.616486, -6.192776
-0.038264, -0.688463, -4.487445
0.585549, -0.145153, -4.127000
-0.046307, -0.519692, -4.657263
-0.767981, -0.638600, -6.164014
-1.532152, -1.868843, -6.209543
-0.602442, -0.533120, -5.964759
-1.496719, -1.432758, -6.209631
-1.323124, -1.218788, -6.180888
0.118913, -0.154195, -5.209570
0.138685, -0.647043, -5.059137
0.259293, -0.784917, -5.933394
0.569065, -0.230841, -4.606966
0.192059, -0.456018, -4.932398
0.174417, -0.395198, -4.966333
0.185475, -0.798618, -5.723419
0.472363, -0.586794, -4.342351
-0.338960, 0.161752, -5.731848
-0.654162, -0.148550, -6.278525
-0.291438, 0.018991, -5.232420
-0.516170, 0.195777, -5.982586
-0.254061, 0.206795, -6.209219
0.000152, 0.057232, -6.263792
-0.045052, 0.196893, -4.917475
-0.071427, 0.568072, -5.714878
0.733884, -0.294822, -6.167704
0.291445, -0.234769, -5.536343
0.821973, 0.246180, -5.816461
0.764969, 0.072532, -5.508595
1.002365, 0.013007, -5.469487
0.932260, 0.010683, -5.719764
1.248069, 0.253991, -6.080139
1.299693, 0.290036, -6.153999
-0.144408, 0.045114, -4.636514
-0.441407, -0.054381, -5.274021
-0.253280, -0.024648, -4.529642
-0.723046, 0.606838, -4.951334
-1.753220, 0.382131, -5.331225
0.136962, -0.587886, -5.929717
-0.807516, 0.632917, -4.990822
-0.070338, -0.369859, -5.564975
-0.400269, 0.280522, -5.323961
-0.085555, 0.375492, -5.187089
0.238753, 1.188715, -5.767188
0.464989, 2.063940, -6.195470
0.085504, 0.711852, -5.047019
0.218889, 1.127923, -5.644389
0.067283, 1.259127, -6.248919
0.085939, 1.055612, -5.431984
0.321799, 0.001925, -3.778592
0.252616, -1.260124, -5.380436
0.535917, -0.411851, -4.152993
0.589756, -1.739237, -5.860757
0.330247, -0.963994, -5.003249
0.318376, -1.014350, -5.413970
0.991063, -1.951802, -5.660302
0.706745, -1.312622, -5.365845
1.415965, -0.169307, -6.196082
0.850536, -0.103004, -5.925946
1.904014, -1.612996, -5.837120
1.015579, 0.052962, -6.253104
0.922114, -1.395214, -5.472744
0.624293, -1.419685, -5.155134
1.416726, -0.149986, -6.122138
1.010233, -0.055643, -5.354497
-1.840691, 1.104887, -6.111354
-1.683694, 0.911184, -6.125879
-1.726642, 1.278659, -6.095214
-1.334659, 1.056524, -6.183158
-0.949495, 0.955438, -6.096058
-1.205115, 0.700156, -5.886269
-1.194342, 1.511574, -6.181256
-0.900018, 0.920852, -6.088499
-1.722300, -1.590277, -6.195175
-1.358134, -1.479903, -6.240417
-1.337391, -0.898624, -6.199641
-0.742429, -0.543221, -5.764290
-0.611103, -0.960579, -6.134948
-0.125913, -0.421149, -6.044314
-0.328084, -0.565528, -5.978109
-0.229328, -0.696340, -5.825112
0.040915, 0.306882, -5.053932
-0.378982, 0.269229, -5.062592
-0.111797, 0.290147, -5.351502
-0.179572, 0.349037, -4.954412
-1.633981, 0.319880, -5.587636
-1.257254, 0.604991, -4.969703
-0.091702, 0.138252, -4.844637
-0.121633, 0.870763, -4.819088
0.281511, -0.154738, -5.789202
0.425190, -0.254265, -5.623086
0.625814, -0.176429, -5.880985
0.567961, -0.016629, -6.289819
0.007436, -0.248266, -5.083801
0.307611, -0.183714, -5.582234
0.380891, 0.003147, -5.579930
0.550078, -0.105696, -6.034737
-0.846430, 0.256039, -5.077878
-0.356226, -0.022802, -4.381492
-1.623605, 0.796778, -6.285339
-0.376931, 0.001669, -5.505418
-1.007964, 0.279599, -5.213863
-0.437184, 0.045928, -4.501496
-0.926083, 0.361327, -5.097461
-0.752802, 0.542785, -5.528285
1.524112, 0.447522, -5.370312
0.455256, -0.340388, -5.237815
1.860690, -1.585483, -5.723889
0.713482, -0.090563, -5.727969
0.239025, -0.584360, -5.214357
1.800910, 0.381635, -5.365325
1.519685, 0.104007, -5.607463
1.785633, -0.369258, -6.163897
-1.548662, 1.005703, -5.737029
-1.315915, 2.292455, -6.180387
-0.121129, 0.504223, -5.464369
-0.772376, 0.407999, -5.378230
-1.735355, -2.022614, -1.002863
-0.472721, 1.907805, -6.079153
-1.248588, 1.679217, -3.510799
-1.678855, 2.055222, -5.779948
0.088210, 1.495566, -6.034160
-0.308473, 1.792021, -6.074738
-0.480525, 2.128319, -6.225000
-0.451681, 1.979392, -6.177876
0.442667, 1.937763, -6.228751
-0.406210, 1.999325, -6.225828
-0.146288, 2.096581, -6.147492
0.837805, 1.864789, -5.482877
-1.303279, 0.415385, -5.955277
-1.581385, 0.418911, -5.856732
-1.370686, 0.609655, -5.833097
-1.125796, 0.581100, -5.589404
-1.049564, 0.452165, -4.930269
-0.761181, 0.175789, -4.805202
-0.651720, 0.504133, -5.029584
-0.444245, 0.119435, -4.450449
0.215737, -0.121840, -5.886668
1.711963, -0.979562, -6.191380
1.789579, -0.438734, -6.118062
1.533069, 0.432457, -5.444671
-0.080767, -0.159627, -5.815712
0.299705, -0.549281, -5.307171
1.875634, -1.602809, -5.184931
1.620754, 0.100355, -5.999792
-1.402726, 2.137180, -6.048985
-1.471752, 2.266715, -6.037526
-0.934895, 2.247405, -6.050692
-1.025045, 2.186966, -6.226558
-0.425127, 1.944478, -6.063556
-0.827334, 1.846934, -5.982292
-0.232408, 2.151604, -6.201448
-1.234881, 2.048615, -6.132590
-0.359192, 0.243971, -4.638792
-0.169756, 0.136725, -4.089753
-0.701543, 0.353399, -4.721473
-1.283314, 0.594666, -5.720482
-0.393171, 0.105506, -4.427911
-0.968260, 0.399578, -4.695148
-1.589954, 0.865636, -6.176688
-1.083964, 0.442286, -4.835281
1.691760, -1.323959, -5.855474
1.169861, 0.238455, -5.793631
1.618131, -1.240161, -5.907797
1.981087, -1.254339, -5.814956
0.198368, -0.779887, -5.769160
0.304192, -0.625121, -5.226900
1.050863, -0.460177, -6.289756
1.450950, -0.503036, -6.168669
0.433086, 2.334045, -5.819533
-0.015487, 0.356295, -4.848851
0.264476, 2.010929, -5.361796
0.085265, 2.022876, -5.435246
0.071017, 0.596273, -5.620483
0.118768, 1.295767, -4.911633
0.016598, 0.852585, -4.883359
0.158093, 1.230624, -4.945338
0.111824, -0.513522, -5.543707
0.298361, -0.658500, -5.870933
0.323040, -0.693003, -6.118406
0.331620, -0.301118, -6.177011
0.327369, -0.529921, -6.014240
-0.010145, -0.419306, -4.145187
0.158110, -0.477336, -5.679365
0.368272, -0.408826, -5.644506
2.264903, -1.617563, -5.821510
1.631004, -1.948484, -6.002259
1.147732, -1.744655, -6.059804
1.202255, -1.632921, -6.028851
1.865898, -0.588367, -6.156314
1.614322, -1.940012, -6.010693
1.323712, -1.672533, -5.803450
1.519868, -1.710476, -6.071595
-1.070464, 1.591306, -6.246747
-1.339286, 1.632027, -6.200708
-0.098342, 1.348863, -6.217245
0.174883, 1.201615, -5.957359
-1.596717, 1.218928, -5.983941
-1.106986, 2.051897, -6.210070
0.192721, 1.562211, -5.802079
-0.281919, 1.435059, -6.056661
-1.149235, -0.090750, -5.972871
-0.364951, -0.256088, -4.205771
-0.751311, 0.460279, -4.742085
-0.752344, 0.455984, -4.735895
-1.177609, 0.004252, -5.855637
-0.966778, 0.184859, -6.092648
-0.949857, 0.230964, -5.572709
-0.970626, 0.195554, -5.445809
-1.731483, -0.072920, -5.824170
-1.989867, 0.576067, -6.141904
-1.877532, 1.209056, -6.207292
-1.244420, 0.317397, -5.273668
-1.532338, 0.546283, -5.868623
-1.567738, 0.454802, -5.684042
-1.968695, 0.656885, -6.071814
-1.311852, 0.384209, -5.359779
1.329875, -1.949634, -5.802993
2.114291, -1.842558, -6.051160
1.877892, -1.963948, -6.230322
2.238126, -1.967461, -6.154042
2.017227, -1.990584, -6.157791
1.682825, -1.737435, -6.100498
1.427675, -1.812224, -6.276011
2.122288, -1.890327, -6.062737
-1.687340, 2.190061, -4.712150
-0.855820, 1.090760, -6.024758
-1.865534, 2.345681, -4.373567
-1.812775, 1.662696, -4.044703
-1.600265, 2.233731, -5.848297
-1.593368, 2.273983, -5.623362
-1.590911, 2.347113, -5.366014
-1.839115, 2.276248, -4.717270
0.845405, 0.208999, -5.845730
0.029644, -0.772184, -5.514901
1.314129, 0.210029, -5.723155
1.128701, -0.838378, -6.176016
0.939875, 0.267052, -6.006261
1.869119, -0.146826, -6.043611
1.470460, 0.141553, -6.147760
2.280068, -0.191961, -6.189026
-0.968943, -0.017523, -5.684894
-0.912001, -0.235323, -5.854877
-1.159298, 0.197757, -5.832355
-0.947576, -0.087944, -6.224864
-1.602913, 0.015563, -5.106142
-0.622160, -0.144663, -5.779575
-1.099778, -0.052632, -5.176702
-0.985977, -0.061617, -6.031382
0.184259, -1.914548, -4.687486
-0.492225, -0.651550, -5.900169
-0.509504, -0.706813, -5.697172
-0.464155, -1.033187, -6.210650
-0.171473, -0.465999, -4.457119
-0.326806, -0.623992, -5.812797
-0.348907, -0.901201, -5.921045
-0.990239, -1.329359, -6.183677
-0.503144, -0.527220, -6.286839
-0.060843, -0.814734, -5.229412
0.034812, -0.688521, -6.248710
0.192012, -0.739053, -4.487160
0.287882, -1.240549, -4.779112
0.082756, -0.838998, -5.688126
-0.181534, -0.837648, -5.006937
0.208516, -0.862670, -4.530619
1.765882, 2.235629, -6.183858
2.094382, 1.594086, -6.056167
1.878404, 1.964073, -6.164826
1.280012, 0.861409, -6.036375
1.336252, 0.081393, -4.957254
0.746214, 0.454979, -5.342714
-0.227328, 0.135749, -5.642804
-0.209726, 0.115732, -5.197940
-0.191272, -0.320505, -5.691246
-0.041808, -0.198976, -6.214263
-0.665704, -0.139442, -5.949309
-0.012988, -0.342109, -6.188696
0.260916, -0.433266, -6.181855
0.242617, -0.190171, -5.997835
-0.182106, -0.362631, -6.146719
0.026743, -0.435877, -6.074691
-0.787509, 0.428275, -5.225646
-0.586886, 0.297085, -5.286891
-0.910741, 0.499303, -5.584885
-1.083315, 0.648576, -6.076044
-1.439767, 0.444065, -5.931019
-1.011546, 0.397015, -6.085554
-0.690872, 0.669534, -5.804577
-0.979724, 0.613902, -5.374628
1.111855, -1.031783, -6.189161
1.896712, -1.250787, -6.044789
1.371748, -0.862352, -6.205219
1.150698, -1.010359, -6.184181
0.093397, -0.968454, -5.215583
0.266570, -0.823644, -5.275322
1.834268, -1.441520, -5.813691
1.153302, -1.295957, -6.257341
-1.671516, 1.575186, -6.069043
-0.822467, 1.748554, -6.153819
-1.605458, 1.614392, -3.685566
-1.613805, 1.652795, -3.706461
-1.320927, 1.816365, -6.100223
-1.229256, 1.721964, -6.167715
-1.490381, 2.164114, -5.991558
-1.642958, 2.175998, -4.897860
-0.932132, 0.657655, -4.899739
-0.811764, 0.436132, -5.793055
-1.606094, 0.511020, -5.123798
-1.476858, 0.588706, -5.358788
-0.721123, 0.244578, -4.770359
-1.391575, 0.409338, -6.094033
-1.144176, 0.657497, -5.462353
-0.455982, 0.325920, -4.646018
2.294929, -0.449627, -5.901377
1.083384, -1.031845, -6.171134
2.100713, -1.332304, -6.049450
1.534138, -1.208864, -6.208240
2.225728, -1.577517, -5.878700
0.075610, -0.120366, -5.254857
2.118410, -1.280502, -6.052570
1.657405, -1.296913, -5.858546
-1.958558, 1.150048, -6.227146
-1.970858, 1.313982, -6.106961
-1.523247, 1.777836, -6.183003
-1.174439, 1.389267, -6.155455
-1.667836, 1.200807, -6.228334
-1.464874, 1.308788, -6.148297
-0.739996, 1.639010, -6.149034
-1.085096, 1.388757, -6.178365
1.011234, 0.308709, -5.645689
0.475358, -0.171180, -4.490172
1.049875, -1.376536, -5.745718
1.624726, -1.038414, -6.197450
0.679893, -0.047535, -5.707884
0.558765, -0.392544, -4.971002
0.319078, -0.453786, -4.521083
0.700022, -1.612393, -5.110165
0.191918, 0.650562, -5.936854
0.214870, 0.748537, -6.233164
0.195831, 0.372965, -5.662779
0.113070, 0.786246, -6.101528
-0.071767, 0.545195, -6.247793
-0.039022, 0.403007, -6.187682
0.058820, 0.377733, -5.647954
0.319685, 0.610584, -6.117896
0.233216, -0.960465, -4.672379
0.683677, -0.217170, -6.093463
0.396333, 0.007917, -5.901316
0.078076, 0.520422, -4.562602
-0.610382, -0.324475, -6.288381
0.633879, 0.051497, -6.085756
0.585431, -0.009776, -5.945625
0.115922, 0.049132, -5.959632
0.068811, -0.898804, -4.851606
1.057002, 0.287963, -5.523565
0.520227, -0.599586, -4.811077
-0.369549, -0.027227, -4.563896
0.414456, -0.824562, -5.123135
1.007385, -0.011466, -6.186026
0.216451, 0.084868, -6.064902
0.483870, -0.567006, -5.472092
-0.040668, 0.510371, -4.885301
0.027667, 0.485188, -5.547010
-1.884042, 0.664103, -6.210816
-0.571894, 0.027597, -5.589848
-0.743673, 0.386202, -5.098362
-0.090948, 0.262825, -5.268246
-0.166967, 0.246720, -5.272455
-0.846365, 0.315406, -5.920467
0.028131, -0.305537, -5.780884
-0.181478, 0.053477, -4.089760
-0.612852, 0.528356, -5.412531
-0.532904, 0.419237, -4.764032
-0.936441, 0.312830, -5.301098
-0.713022, 0.301215, -4.605752
-0.839859, 0.429760, -4.747976
-0.769032, 0.630126, -5.603700
1.738753, -1.276832, -5.935410
1.047750, -1.339075, -6.230467
1.067943, -1.215768, -6.206157
1.702353, -1.597556, -5.645947
1.681778, -1.307947, -5.836441
0.880914, -0.224495, -5.971043
1.603430, -0.389625, -6.146823
1.639205, -1.404423, -5.751649
-1.828764, -1.554305, -6.053013
-1.659234, -1.386798, -6.124051
-1.527683, -1.453286, -6.067206
-1.114546, -1.566424, -6.270591
-1.000701, -1.140006, -6.078544
-1.385152, -1.895772, -6.251315
-1.336231, -1.294121, -6.222206
-1.419783, -1.271754, -6.282027
-0.862188, 1.190988, -6.109580
-0.878531, 1.146102, -6.112105
-0.944003, 1.694459, -6.158483
-1.075638, 1.799347, -6.134960
-0.147069, 0.903777, -5.711853
-0.068607, 0.868903, -5.774666
-0.536406, 0.993872, -6.055721
-0.589198, 0.316986, -5.841214
-0.051394, -0.193994, -5.904042
0.346178, -1.042036, -5.843706
0.454449, -1.009771, -4.695325
0.482900, -0.841345, -5.218544
-0.347498, -0.379733, -6.118506
-0.028269, -0.812128, -5.191081
0.717790, -1.285561, -4.562641
0.397331, -1.895745, -4.777760
0.161080, 0.388205, -6.271392
0.263559, 0.373618, -6.282621
-0.019572, 0.083792, -5.098957
-0.058339, 0.090329, -5.362917
0.012795, 0.232402, -5.672714
0.478457, 0.407161, -6.212237
0.435185, 0.575054, -5.995771
0.091088, 0.381088, -6.196533
0.494676, 0.107929, -6.287917
0.519035, 0.745784, -5.936604
0.646221, 0.721293, -6.167534
0.534300, 0.925352, -6.068906
0.054730, 0.315753, -5.951797
1.013638, 0.637701, -5.934381
1.426977, 2.258722, -6.142063
0.938300, 1.043924, -6.219412
0.953685, -0.555502, -6.124271
0.618967, -0.571348, -5.853827
1.105396, -0.995660, -6.101123
0.540620, -0.526017, -6.285568
0.865431, -0.371068, -6.059795
1.358115, 0.013614, -5.289142
1.006785, -0.428521, -5.980454
0.717617, 0.243392, -5.999728
-1.060870, 0.316430, -5.027245
0.178850, 0.536773, -5.004184
0.215591, 0.822407, -4.954515
-0.005448, 0.333786, -5.255090
-0.286289, 0.309980, -4.883444
-0.295518, 0.402400, -5.824665
0.004568, 0.546174, -5.449562
0.082778, 0.951613, -4.884799
-1.414014, 0.121877, -6.089252
-1.283704, 0.425451, -6.277837
-1.296792, 0.255909, -4.813008
-1.190297, 0.503307, -5.579344
-0.964096, 0.248180, -5.256064
-0.958924, 0.290518, -5.517355
-0.527807, 0.190846, -4.496824
-1.178230, 0.660628, -6.204748
0.040547, -0.637590, -5.419904
1.972059, 0.200172, -5.929816
2.241827, -0.965767, -6.191882
2.315568, -1.521049, -5.767568
1.445702, -0.362002, -6.153899
1.308454, 0.114388, -5.851961
1.242465, -0.737396, -6.201776
1.892251, -1.621516, -5.065976
-0.603116, 0.294774, -5.433459
-0.904714, 0.818817, -5.876732
-1.625293, 1.105051, -5.677255
-1.506675, 0.990072, -5.901116
0.215898, 0.413060, -5.320913
-1.771969, 0.314502, -4.876931
-1.163576, 1.759213, -6.161633
-1.791183, 1.339002, -6.162809
0.424418, -1.346599, -5.902938
0.939907, -1.346025, -6.129269
0.207774, -0.627061, -4.602683
0.291423, -0.926114, -4.616854
0.985402, -1.272541, -5.604622
0.551520, -1.073050, -5.908737
0.123606, -0.702443, -5.318932
0.494634, -1.124626, -4.746137
-0.619543, 0.446054, -5.829226
-0.098290, 0.073229, -3.644321
-0.246364, 1.527446, -6.131156
-0.365849, 1.324825, -6.207994
0.152880, 1.070749, -6.045341
0.305194, 0.529526, -5.352425
0.177531, 1.236650, -5.742043
0.164436, 1.030335, -5.607104
1.461599, -1.607863, -5.799465
1.977707, -1.846573, -5.860675
1.925813, -1.742627, -5.853144
1.880920, -1.683027, -5.784737
2.240322, -1.711217, -6.201542
0.473483, -1.518288, -5.233000
1.853363, -1.590457, -5.749934
1.865699, -1.747340, -5.766763
1.342807, 0.442900, -5.374683
1.505466, 0.299543, -5.293745
0.730500, -0.858915, -6.281354
0.824367, -0.745282, -6.087500
1.960322, 0.180489, -5.451322
1.426231, 0.455092, -5.318810
1.640459, 0.322389, -5.128766
1.791219, 0.305836, -4.983235
0.269757, 0.555761, -5.246432
-0.002525, 1.061353, -4.925466
0.354850, 1.124576, -4.930625
0.304595, 1.081509, -4.935447
0.246418, 1.634385, -5.091742
0.132823, 0.476052, -4.914743
-0.258801, 1.507947, -6.209664
0.056385, 0.590650, -5.437051
-0.974035, 0.525052, -4.974071
-0.528025, 0.236660, -4.530970
-1.102356, 0.725714, -5.004102
-1.206144, 0.603577, -5.971967
-1.209659, 0.467258, -5.941638
-0.856378, 0.269147, -5.264183
-0.799678, 0.159927, -5.833064
-0.950499, 0.448604, -6.075026
1.554913, -0.516195, -6.230412
1.098691, -1.161588, -6.247045
2.301616, -1.912433, -4.676821
2.148445, -1.031617, -6.043691
1.414263, -1.123169, -6.235166
1.910155, -0.161496, -6.114589
1.996140, -0.607712, -6.060509
1.252983, -1.620638, -6.134463
0.452407, 1.799537, -5.396122
0.331848, 1.123373, -5.341332
-1.117540, 0.835045, -6.009406
-0.491096, 0.784491, -5.533286
0.426011, 1.229812, -5.076774
0.823495, 1.790007, -5.121761
-1.338989, 1.534560, -6.170631
-0.183651, 1.026937, -5.588879
2.121982, -0.891202, -6.230315
0.974620, 0.421071, -5.736455
0.943461, 0.212838, -5.690616
0.307520, -0.533830, -5.035215
1.113740, -0.379130, -6.262014
0.898526, 0.088608, -5.901009
0.938731, -0.163836, -6.008583
0.707996, -0.485610, -6.097807
0.928873, 0.118153, -5.839360
1.645345, -0.011953, -5.223991
1.187862, 0.128357, -4.945197
1.585126, 0.594068, -5.749192
1.881964, -0.252029, -6.194123
1.409882, 0.182602, -5.811583
1.891618, -0.238910, -6.165019
2.192523, -0.217617, -6.069223
0.108993, 0.954628, -4.968817
0.179327, 1.345677, -5.637381
0.461699, 1.605028, -5.340191
-0.476686, 0.786721, -5.453007
0.128504, 2.102482, -5.615322
1.091947, 1.945164, -4.973114
-0.007709, 1.425754, -6.213124
-0.201254, 1.255139, -5.903748
-0.565930, 0.004872, -5.731630
0.007597, -0.424277, -5.400590
-0.298374, 0.097997, -5.646748
-0.595825, 0.060164, -5.311232
-0.289071, 0.514823, -6.143342
-0.383908, 0.262396, -5.722759
-0.204363, 0.521877, -6.218010
0.221206, 0.447344, -5.580227
1.125926, 0.343347, -5.398389
0.334105, -0.468891, -4.568901
1.203331, 0.076005, -5.037058
0.310738, -0.555372, -5.194265
0.166322, -0.518958, -4.887170
0.177933, -0.671938, -5.164029
0.320797, -0.500994, -5.058453
0.395087, -0.992012, -5.997414
-1.259561, 0.239669, -5.464891
-1.708693, 2.191029, -5.428419
-0.504956, 0.554235, -5.360384
-1.555295, 1.644234, -6.174902
-0.653322, 0.493599, -5.398458
-0.822812, 0.715955, -5.902759
-0.275819, 1.015768, -5.528955
-1.430390, 0.886276, -5.797632
0.418194, -0.178100, -4.413300
1.266276, -0.487530, -6.158154
0.960445, -1.700186, -5.143246
0.904645, -1.869848, -5.509712
0.705139, 0.098933, -5.618905
0.525517, -0.983753, -5.878047
0.528978, -1.156786, -5.603645
0.379889, -0.656642, -4.366817
0.837216, 0.087855, -6.151883
1.664581, 0.148190, -6.090004
0.763535, -0.316063, -4.993761
0.937258, 0.221055, -6.112349
1.635218, -0.004047, -6.080312
1.488389, 0.361347, -6.081753
1.870892, 0.279455, -6.144682
1.451972, 0.298416, -5.994132
0.072132, -0.510192, -5.035094
-0.529880, -0.121218, -5.436399
0.311907, -0.450582, -5.946224
0.332321, -0.392578, -4.220828
0.129945, -0.467273, -5.171678
-1.735435, 1.113765, -6.204674
0.007290, -0.607693, -4.918047
-0.777067, 0.116454, -6.291052
-0.042467, 0.431930, -5.749920
-0.031000, 0.189964, -4.769441
0.206035, 1.368346, -5.529625
-0.080540, 0.312612, -4.783855
0.002351, 0.062722, -4.717829
-0.206312, 0.594482, -5.351284
0.807907, 1.985980, -5.136639
-0.001662, 0.585648, -5.505177
0.849712, -1.756588, -6.247481
0.971982, -1.796544, -5.709753
0.886661, -1.684127, -5.520919
0.713910, -1.385009, -5.525877
1.103887, -1.985129, -6.046740
1.196800, -1.955171, -5.914536
0.984931, -1.679828, -6.085381
0.750484, -1.410011, -6.277431
0.768385, -1.500789, -5.569788
1.904197, -0.357748, -6.225230
0.997039, -0.029229, -6.185714
0.972909, -0.121998, -6.176415
0.461371, -1.228430, -4.748610
0.163779, -1.317142, -4.903037
1.102835, 0.109678, -5.236329
0.933777, 0.214273, -5.693767
-1.738187, 1.276718, -6.072300
-1.088103, 1.342048, -6.193670
-1.100864, 2.140773, -6.153365
-0.671699, 2.029135, -6.136669
-0.864374, 2.073399, -6.206851
-0.889274, 2.067470, -6.224901
-0.796290, 2.009504, -6.164764
-1.014533, 2.113030, -6.204268
0.315310, -1.693586, -5.650725
0.085576, -1.140505, -5.626534
-0.759709, -1.318129, -6.171274
-0.767458, -1.440424, -6.175066
0.039241, -0.917425, -5.868094
-0.082870, -1.335393, -6.069603
-0.216900, -1.078862, -6.244489
-0.318293, -0.689505, -5.093932
0.534207, 0.784762, -5.354634
-0.291267, -0.105407, -5.840887
0.334161, 0.329347, -4.741157
0.609395, 1.086415, -5.484760
0.309672, 0.434829, -4.813642
-0.286755, -0.125554, -5.810219
1.269084, -0.294994, -5.432747
-0.169394, -0.473291, -5.164844
0.827878, -1.606527, -5.566078
0.515963, -1.944155, -5.512430
0.978402, -1.711729, -6.167682
0.620663, -1.187821, -5.456628
0.374204, -0.748573, -4.792246
0.394825, -1.562930, -5.358248
0.567315, -0.907106, -5.312598
1.455980, -1.988076, -5.832646
0.549947, 0.191309, -6.198302
0.598987, 0.029132, -6.259871
-0.055206, 0.119801, -5.960711
0.131661, 0.564002, -5.599536
0.266828, 0.077425, -5.762432
0.112434, 0.098218, -5.825309
0.087207, 0.089143, -6.011878
0.104210, 0.346867, -6.171230
-0.882437, 0.602964, -4.997983
-0.281414, -0.092973, -4.195279
-1.118434, 0.708383, -6.191839
-1.429918, 0.801368, -5.817503
-0.669905, 0.457514, -4.818212
0.485780, -0.230031, -3.811138
-0.760639, 0.405481, -5.966311
-0.686552, 0.728118, -5.698176
2.316877, -1.652922, -3.732113
1.968419, -1.391094, -5.972438
1.908202, -1.616589, -5.020753
2.158265, -2.008898, -3.070295
2.277817, -0.341335, -3.641129
2.305385, -1.956250, -4.514030
1.942944, -1.542529, -5.230433
2.214135, -2.039211, -2.944118
0.675551, -0.108601, -4.703027
1.037910, 0.013005, -5.411526
1.253891, 0.274549, -6.189167
0.270403, 0.057791, -4.389302
1.001822, 0.098661, -5.973469
1.484482, 0.343967, -6.089100
1.548818, -0.056938, -5.976615
0.875864, -0.056064, -5.736054
-1.806375, 0.238855, -5.072556
0.022520, 0.345349, -5.253009
0.293275, 1.420344, -4.998405
0.243993, 1.649790, -5.100355
-0.998942, 0.257078, -5.775445
0.400155, -0.330777, -5.971896
0.276554, 0.410154, -5.007167
-0.083022, 0.516302, -5.713472
-0.083139, -1.227871, -5.630312
0.082300, -1.187028, -5.418835
0.368457, -1.770884, -5.753133
0.342002, -1.895790, -5.766317
0.337841, -1.840709, -5.680874
0.489098, -1.705796, -6.072695
0.279883, -1.952525, -5.652968
0.299283, -1.868526, -5.351993
1.230186, -1.434464, -6.235037
1.272469, -1.765583, -5.411385
1.438713, -1.989797, -5.946880
1.166894, -1.663690, -5.278992
1.209376, -1.869644, -6.052995
1.286369, -1.789638, -5.359768
1.909271, -0.715927, -6.187384
1.215965, -1.722418, -5.550115
-1.970842, 1.989789, -6.135854
-1.533927, 1.206626, -6.156593
-1.927648, 1.285065, -5.912733
-1.481702, 1.647179, -6.197378
-1.715611, 1.628038, -6.208131
-1.713480, 1.607311, -6.222682
-1.938948, 2.166920, -6.214977
-1.154199, 1.928934, -6.213310
0.792123, -1.661970, -5.502275
0.778609, -1.812777, -6.211983
0.570717, -1.596226, -5.962112
0.428738, -1.212407, -6.010804
0.774431, -1.502914, -5.872971
0.848582, -1.471165, -5.959333
0.771376, -1.616090, -5.778816
0.538779, -1.654427, -6.107874
0.294213, -0.833995, -5.798898
0.860363, 0.089681, -6.068268
0.254123, -1.836334, -5.289096
0.430565, -0.306691, -4.910747
0.680133, -1.738037, -5.862127
0.583803, -1.564281, -6.071402
0.460043, -1.470498, -5.941137
0.646599, -1.767521, -6.212166
-0.879585, 0.128864, -5.968638
-0.486938, 0.085947, -6.203584
-0.008233, 0.134590, -5.036036
-0.187282, 0.171292, -5.226371
0.306398, 0.016155, -6.269463
-0.071208, 0.315506, -6.224927
-0.021543, 0.717212, -6.276129
0.045059, 0.126766, -4.939475
1.184196, -0.061739, -5.261691
0.774028, 0.053492, -6.162543
0.842789, -0.217903, -4.949482
0.597889, -0.484369, -4.773969
2.185879, 0.261594, -6.043232
1.853118, 0.244725, -6.042654
1.875609, 0.391597, -6.067093
1.523653, 0.339126, -6.074021
0.156058, -0.476454, -5.204943
0.063850, -0.640257, -4.758282
-0.004680, -0.599126, -4.901093
0.005092, -1.038873, -4.842540
-0.427173, -0.023246, -5.552703
-0.343226, -0.406470, -5.275192
-1.294648, 0.138019, -5.291366
0.379394, -0.618527, -6.225913
-0.120662, -0.948231, -5.453757
0.043203, -1.061267, -5.439637
-0.235088, -0.861841, -5.904876
-1.290824, -0.301895, -5.867712
0.032582, -0.974125, -5.392340
0.107650, -1.110506, -5.383016
0.103992, -1.088871, -5.406737
0.126492, -1.230962, -5.377411
-0.345383, -0.518713, -5.846806
-0.279756, -0.537032, -6.155483
-0.383729, -0.517238, -5.798932
-0.316641, -0.548223, -5.683159
0.116564, -0.776741, -5.836365
-0.346946, -1.158242, -4.930416
0.204814, -0.829404, -6.211974
-0.304393, -0.774901, -6.014518
1.757248, 1.736503, -5.066540
1.779115, 2.170306, -4.497635
1.683676, 1.811683, -5.031277
1.252688, 1.412540, -6.048898
2.217032, 1.421220, -3.806905
1.681482, 1.708340, -5.086781
1.956406, 1.270234, -6.183114
2.273295, 2.041098, -4.322206
-1.485513, 0.597732, -5.168717
-1.263122, 0.520854, -5.628205
-1.393705, 0.531450, -5.439332
-1.385424, 0.870857, -5.472850
-1.210405, 0.680546, -5.555331
-0.997619, 0.549694, -5.676956
-0.921394, 0.473838, -5.151103
-1.559538, 0.911938, -6.192428
0.957625, -1.817609, -5.509511
0.554662, -1.893794, -5.233634
0.649639, -1.838827, -5.289554
0.590380, -1.589584, -4.718619
0.963058, -1.790526, -5.559985
0.427752, -1.679082, -5.022023
0.715792, -1.844001, -5.340544
1.121073, -1.981784, -5.935436
0.739056, -0.930597, -5.743894
1.670755, 0.185807, -6.154268
1.271608, 0.339456, -6.038188
1.496364, 0.360758, -6.195570
1.121513, -0.084993, -5.293426
0.602830, -0.570715, -5.055917
0.950186, 0.261046, -5.365705
0.730884, 0.090974, -5.547716
-1.551027, 0.574464, -6.111366
-1.537178, 0.279436, -5.280583
0.223274, -0.551865, -5.598148
-1.644290, 0.546971, -5.885094
-1.762995, 0.406143, -5.313411
-0.174388, -0.100592, -4.477581
-0.320347, 0.125560, -5.850234
-0.061371, 0.368647, -5.678653
-0.781242, -1.315091, -6.098099
-0.256932, -1.518844, -5.897117
-1.957768, 0.097614, -5.400734
0.022204, -1.086053, -5.492013
-0.489077, -1.093569, -6.036960
-0.326491, -1.534953, -5.832052
-1.614077, -1.173520, -5.974494
-0.139497, -1.565409, -5.830398
-0.509527, 0.449182, -4.841791
-0.932970, 0.743081, -5.025255
-0.429151, 0.089303, -4.753285
-0.419910, 0.589154, -5.372662
-1.497395, 0.791618, -6.087963
-1.409401, 0.755549, -6.230425
-0.753739, 0.598160, -5.915195
-1.080248, 0.698478, -5.611057
0.455832, -1.394665, -5.217908
0.430246, -1.162865, -5.259175
0.513580, -0.600219, -5.564948
0.563057, -1.973013, -5.397960
0.982010, 0.363832, -5.224210
1.272384, 0.280539, -5.169646
1.544433, 0.041091, -4.824478
1.201489, -1.581973, -5.362226
0.292219, -0.541293, -4.818748
0.903655, 0.455524, -4.607345
0.625012, 0.233795, -4.485541
0.425085, 0.217598, -4.363870
0.311989, -0.221425, -5.431829
0.533989, -0.365561, -4.595219
0.507459, -0.324635, -4.698046
0.596580, -0.204940, -4.765733
-0.391752, 0.222207, -5.846759
-0.599888, 0.255766, -6.101337
-0.321607, 0.240988, -5.161240
-0.208522, 0.272076, -5.816543
0.067171, 0.260138, -6.230506
0.100386, 0.220652, -6.263540
-0.147834, 0.697796, -6.111040
-0.108261, 0.174735, -5.400853
0.061456, 1.352458, -5.991345
-0.082483, 1.706336, -6.101162
0.054730, 0.786453, -5.366696
-0.630434, 0.710585, -6.271021
-0.735072, 0.838466, -6.106628
-0.790500, 1.265586, -6.130563
-0.763846, 0.253085, -6.072271
-0.721186, 0.224028, -5.959300
0.384002, -1.258996, -5.745286
0.465826, -0.511978, -4.785400
0.014213, -0.135556, -5.974739
0.625062, -0.624486, -5.546920
0.644548, -1.094070, -4.682326
0.274795, -1.210595, -5.137304
-0.850827, -0.278018, -4.783730
-0.190556, -0.346301, -5.927979
0.240667, -1.986700, -5.265490
-1.387812, -1.608386, -5.141093
0.465494, -1.563704, -5.072946
0.273109, -1.146313, -5.164319
-1.735047, -1.706397, -3.773782
-1.807870, -1.225583, -5.958880
-1.821985, -1.955463, -4.242881
-1.799563, -1.736863, -3.579835
0.993109, 0.011524, -5.451320
0.835776, -0.463091, -6.021695
1.197550, 0.610384, -5.816214
2.122539, 0.451489, -6.016880
1.707179, -0.205760, -6.042546
1.637219, -0.321631, -6.147275
1.626334, 0.578260, -5.991645
2.160704, 0.575459, -5.785280
-0.483369, 0.960406, -5.813362
0.171815, 1.016277, -5.502283
-1.679182, 0.277226, -5.327904
0.258009, 0.921152, -5.328012
-0.386243, 1.942845, -6.072891
-0.077322, 1.282730, -5.846217
-1.871742, 0.931387, -6.276755
-0.375403, 1.318574, -5.914797
-1.401969, 0.696523, -6.022426
-0.984415, 0.500011, -5.360812
-0.937847, 0.635522, -5.920183
-1.734225, 0.886647, -6.198589
-0.480561, 0.476861, -4.737896
-1.506714, 0.783040, -6.299201
-0.527860, 0.044500, -6.215385
-0.777684, 0.382202, -6.218065
1.324636, -1.978541, -5.230804
1.028445, -1.537567, -5.506597
0.721388, -1.758193, -5.304018
0.802064, -1.246231, -5.773506
0.947697, -1.655556, -5.188135
0.418452, -1.470042, -5.077997
0.819958, -1.466848, -5.388837
0.298756, -1.005744, -5.074461
0.691083, 0.118245, -4.553772
1.545407, 0.047973, -4.845412
1.843392, 0.343160, -5.684316
1.511952, 0.371777, -5.365719
0.537099, -0.271220, -4.717227
0.156577, -1.019573, -5.026295
1.725826, 0.063425, -4.846728
1.028149, 0.310032, -6.161907
-0.843617, 0.203592, -5.152858
-1.020076, 0.220398, -5.896321
-0.449440, -0.109637, -4.376667
-0.554921, -0.032026, -4.919542
-0.625188, 0.034619, -5.632690
-0.844586, -0.000747, -5.900007
-0.413692, 0.319256, -5.965196
-0.103923, -0.588016, -5.230218
2.024454, 2.352074, -5.591351
1.966984, 2.348652, -5.603886
2.123711, 2.349489, -5.561742
2.279056, 2.345745, -5.497623
2.282102, 2.295921, -5.820243
2.281299, 2.306059, -5.689747
2.299835, 1.949302, -5.488080
2.282383, 2.279892, -5.406768
-0.518756, -0.782542, -6.118743
-0.055020, -1.057852, -5.697050
-0.590444, -0.778938, -6.150110
0.129306, -1.199175, -5.647492
-0.052878, -0.860282, -5.435325
0.241687, -1.353095, -5.602750
-0.109831, -0.799933, -5.394994
-0.081373, -0.996181, -5.458732
0.225518, -0.550360, -5.492918
-0.035235, -0.062280, -5.882510
0.334071, -0.052482, -5.446207
0.349072, -0.011676, -4.445358
0.728719, 0.285253, -4.611092
0.600213, 0.038853, -4.628164
0.532276, 0.045464, -4.840581
0.083386, -0.003737, -4.098649
-0.921068, 0.361440, -5.929542
-1.401107, 0.367186, -5.053990
-1.127336, 0.385778, -5.676415
-0.897233, 0.396772, -5.668685
0.440528, 1.290307, -5.004741
0.096655, 0.313343, -5.056171
0.338036, 0.824434, -5.276726
-0.839018, 0.206016, -5.910307
-1.784041, -1.929901, -4.094728
-1.755135, -1.900689, -5.375085
-1.627784, -1.791376, -5.780646
-1.714399, -1.949553, -6.074861
-1.732931, -1.731572, -6.020404
-1.681541, -1.731153, -5.864576
-1.756430, -1.857940, -5.979596
-1.862438, -1.764847, -5.909477
-1.345925, -1.832203, -5.748986
-1.990753, -1.787894, -2.735204
-1.517848, -1.511353, -5.983483
-1.441636, -1.496410, -5.990421
-0.836740, -1.602709, -6.172644
-1.414480, -2.041980, -5.476991
-1.129952, -1.891263, -6.050299
-1.141460, -1.756087, -6.040891
1.045506, 0.349474, -5.403431
0.554113, 0.431698, -4.499674
2.276381, 0.664153, -5.936755
1.328378, 0.626164, -6.069560
1.427120, 0.326449, -4.927251
1.260198, 0.450828, -5.892089
1.378239, 0.256173, -4.980346
2.264916, 0.723211, -6.236019
0.433814, -0.218985, -5.757059
0.458237, -0.246243, -5.758745
-0.073892, 0.133910, -6.269441
0.384887, 0.264456, -6.001554
0.494714, -0.503983, -6.070196
0.486672, -0.475593, -6.230263
0.504465, -0.007504, -5.734670
0.598818, -0.387433, -5.700788
0.159143, 0.474640, -5.430449
-0.023800, 0.888669, -5.568872
0.348515, 0.898454, -5.564471
-0.660185, 0.128018, -5.220411
0.173796, 0.436035, -5.336802
0.144762, 0.618638, -5.033164
-0.702497, 0.187807, -5.533870
-1.740968, 0.368248, -4.869554
-0.476974, 0.502734, -5.835015
-0.094432, -0.102774, -5.622569
-0.059505, 1.190856, -6.124255
-0.031234, 1.139991, -6.255934
0.159699, 0.960980, -6.225161
0.169007, 0.934780, -6.222909
0.324133, 1.065372, -5.845654
-0.094017, 1.137657, -6.018713
0.697786, -1.166590, -5.792569
1.543760, -0.287508, -6.155710
1.881414, -1.693568, -5.952379
1.193397, -0.927020, -6.176734
0.245609, -0.216663, -5.295994
0.204669, -0.179017, -5.509053
0.611498, -0.179902, -5.312850
0.889581, -1.602394, -6.120659
-0.774210, -0.779951, -6.198833
-0.373871, -0.581683, -6.069036
-0.451453, -0.494158, -6.224831
-0.339864, -0.503245, -6.225294
0.143505, -1.001224, -6.212898
-0.067568, -0.497565, -5.903764
0.142375, -0.358558, -5.625575
0.138365, -0.316819, -3.975434
-0.752638, 0.310628, -5.008368
0.188695, 0.907104, -5.032653
-1.597725, 0.326681, -5.701199
0.255772, 0.610969, -5.443545
0.299126, 2.257193, -5.670608
-0.455236, 0.349290, -5.333327
-0.930715, 0.732613, -5.498507
-0.314931, -0.148388, -4.471593
0.451916, -1.027914, -5.406865
0.478902, -1.173614, -5.193488
0.574644, -0.740615, -6.041557
-0.168735, -0.039960, -5.552851
0.626440, -1.091364, -5.951441
0.581313, -0.706556, -5.556467
0.651855, -0.634306, -6.149459
0.572695, -0.538117, -6.253795
1.048946, 0.035351, -5.337825
1.630388, -0.815024, -6.195007
0.984070, -1.399477, -6.087809
1.165050, -1.479835, -5.622100
0.624517, -0.206182, -4.996241
0.990424, -0.071188, -5.352178
0.441792, -0.617996, -5.290168
0.662515, -0.495994, -5.012645
-0.648320, 1.805084, -6.222400
-1.149943, 2.012992, -6.218641
-0.555195, 1.208304, -6.219266
-0.484338, 1.168408, -6.068944
-0.474258, 1.642844, -6.177839
-0.134469, 1.083150, -5.631246
-0.618349, 0.747443, -6.064376
-0.672998, 1.397217, -6.199869
0.562456, 0.348165, -5.378954
1.078528, 1.931282, -6.192678
0.327687, 0.035410, -4.949934
0.633855, 0.773770, -6.164975
1.119106, 1.880962, -6.145043
0.745608, 1.319119, -5.940341
1.675032, 1.714686, -6.190642
0.151259, 0.850088, -4.915642
0.736958, -1.166145, -6.003871
0.202894, -0.723467, -5.135157
1.142057, 0.232277, -6.111204
1.046183, 0.495918, -5.638458
0.460732, -0.318167, -6.230731
0.111354, -0.050134, -4.189682
1.237449, 0.300073, -6.149908
0.986841, -0.242491, -5.347990
-1.385883, 1.655332, -6.131480
-0.796259, 0.273004, -5.338969
-1.707396, 2.025499, -5.501270
-1.088056, 0.668977, -5.403966
-1.363987, 0.459586, -5.663379
-0.039355, 1.004514, -5.578867
-1.333435, 1.055128, -6.130227
-1.663587, 2.144090, -4.773627
-0.950037, 0.342771, -6.053646
-0.728970, 0.181401, -5.512033
-0.939830, 0.322426, -6.037460
-0.808919, 0.326367, -4.745676
-0.896834, 0.084206, -5.720206
-0.961074, 0.156147, -6.164826
0.127322, -0.384521, -5.678325
-0.572593, -0.178004, -5.190527
0.460777, -0.707869, -4.406777
1.483031, 0.018181, -5.215880
1.674930, 0.546030, -6.077021
0.258638, -0.526978, -4.091424
1.084610, 0.068594, -5.864758
1.840184, 0.521538, -5.760481
0.018031, -0.394040, -4.969745
0.556431, -0.267061, -4.794595
0.644048, -0.262211, -6.189787
0.375968, -0.218051, -5.157871
0.426371, 0.043107, -5.809214
0.301146, 0.043980, -5.791434
0.803199, -0.669648, -5.033376
0.230971, -0.019841, -5.946179
0.774616, -0.002803, -6.137370
0.475359, -0.116789, -5.269614
-0.405405, -1.531668, -5.837793
-0.360433, -0.707408, -5.543615
-0.658473, -1.265656, -6.070959
-0.782975, -1.026212, -6.027835
0.006942, -1.133526, -5.696454
-0.264717, -1.250455, -5.831651
-0.728864, -1.281560, -6.082629
-1.390243, -1.183595, -5.951824
0.106533, -0.475527, -4.855283
1.350146, 0.623654, -5.366535
0.892000, 2.218147, -6.143054
1.142852, 0.806184, -5.975516
-0.136338, -0.151207, -5.951405
0.311243, 0.165574, -5.706458
-0.341978, -0.528984, -5.173315
0.589828, 0.476466, -4.932415
0.644071, -0.048017, -4.559220
0.282835, 0.172934, -6.095996
0.259177, 0.322487, -4.309564
1.422877, 0.417133, -5.635124
0.813162, -0.543060, -6.095778
0.824815, -0.514758, -6.022775
1.298651, 0.164474, -4.743212
0.855422, 0.046703, -4.854859
0.500368, 1.993308, -5.234117
0.718723, -0.556430, -4.242646
-1.557608, 1.167655, -6.066955
-0.493458, 0.776654, -5.793231
-0.038736, 1.277818, -5.817506
-0.256197, 1.693372, -6.205139
-0.543629, 0.357394, -5.792894
-0.442148, 0.130224, -5.174660
-1.397083, -1.668706, -1.508773
-1.776922, -1.704801, -3.478204
-0.488835, -1.919737, -1.421478
-1.862864, -1.382149, -5.949852
-1.115770, -1.922620, -1.708538
-0.551394, -1.974092, -1.543823
-1.977037, -1.936840, -1.815643
-0.417038, -1.740788, -1.473113
1.392982, 0.315128, -6.095035
0.991481, -0.056578, -5.956670
1.918615, 0.279720, -5.677616
1.648217, 0.385110, -5.888372
1.566331, 0.048860, -5.783716
1.636653, -0.004202, -5.955453
1.366105, 0.206371, -6.231622
2.174508, -0.174124, -6.021083
-0.512472, 1.801268, -6.226746
0.331766, 1.304928, -5.414083
0.040077, 1.345123, -5.621991
-0.655419, 0.352488, -6.255773
-0.770197, 0.654788, -5.443544
-0.728126, 0.754995, -5.595015
-0.940538, 1.615082, -6.206737
-0.373951, 0.940420, -6.008920
1.538112, -0.122697, -6.075717
1.078095, -0.392691, -6.111134
1.727818, 0.480170, -5.949064
1.854130, 0.415770, -5.789903
1.639598, 0.151428, -6.155983
1.200892, 0.014687, -6.139735
1.745780, 0.099149, -5.951206
2.158297, -0.216210, -5.979552
-0.867747, 2.078943, -6.161477
-1.102585, 0.817662, -5.859939
-1.118605, 0.840125, -5.832475
-0.622488, 0.974236, -6.061707
-1.507300, 1.192040, -5.696441
-0.111443, 1.323310, -5.795861
0.218831, 1.539035, -6.032649
-0.441879, 1.042145, -5.791925
0.461627, -1.407509, -5.967795
0.310676, -1.017550, -5.584962
0.202072, -0.319552, -5.569316
-0.023080, -0.734252, -4.399381
0.356167, -0.848518, -5.796133
0.294181, -0.956204, -5.576068
0.122924, -0.664546, -6.245508
-0.051924, -0.700457, -4.679308
0.717050, -1.136937, -5.676075
0.817404, -1.386487, -5.504569
1.238874, -1.854764, -5.941764
1.234813, -1.812428, -5.860431
1.064452, -1.359969, -5.656262
0.791358, -1.231529, -5.771013
1.162061, -1.515384, -5.707461
1.221431, -1.424103, -5.470695
0.062060, -1.376527, -6.042262
-0.809105, -1.183930, -6.000105
-1.257401, -1.749790, -6.265786
-0.738740, -1.114275, -6.155204
-1.243324, -0.285266, -5.981179
-0.033467, -1.288129, -5.805934
-1.277598, -0.281982, -5.952947
-0.584185, -1.273947, -6.032024
-0.361465, 0.300661, -4.911733
-0.886025, 0.302015, -5.044440
-1.226672, 0.526546, -4.964577
-1.704919, 0.235288, -5.142404
-1.574181, 0.387086, -4.839091
-0.766646, 0.317122, -5.658262
-1.965378, -0.437213, -5.395110
-1.690661, -0.302177, -5.113595
0.337908, -0.490750, -5.618417
0.671296, -0.546009, -5.398567
0.526477, -0.154055, -5.088725
0.591341, 0.056593, -5.502287
0.281321, -0.595373, -5.186516
0.685776, -0.139808, -4.649593
0.767147, 0.039167, -5.730298
0.972043, -0.127202, -5.461760
-0.880740, 0.632432, -4.979364
-1.161659, 0.310455, -5.528149
-1.172487, 0.624389, -5.662448
-1.157411, 0.527895, -5.250941
-0.523716, -0.199966, -4.783585
-0.844896, 0.222035, -4.951431
-0.499064, -0.073862, -4.727272
-0.854210, 0.300525, -6.053780
0.413881, -0.696439, -4.294263
0.931105, -0.616428, -6.241500
2.203722, -0.084945, -5.621333
0.296729, -0.227724, -5.232168
0.150267, -0.310817, -5.304437
1.184984, 0.315114, -5.473732
0.207496, -0.828010, -5.034142
0.202128, -0.582886, -4.839051
0.133485, -0.347520, -5.353780
0.020052, -0.393561, -5.287065
-0.280648, -0.320120, -6.225929
-0.300913, -0.496943, -5.937916
-0.315417, -0.765695, -4.735373
0.042019, -0.645274, -4.587119
0.168822, -0.550666, -6.262518
0.020930, -0.651668, -6.232781
0.310443, 2.046537, -5.738939
0.797206, 1.889662, -5.625957
-1.520627, -0.301489, -3.575510
-0.014180, 2.259511, -5.978401
1.625157, 2.258094, -5.813166
1.540332, 2.246574, -5.856853
2.294991, 1.253738, -1.585613
1.803324, 2.078159, -4.252256
0.743365, -0.040007, -4.627216
0.691412, 0.546381, -4.444209
1.217730, 0.585489, -5.892117
1.550676, 0.476025, -4.748086
0.833608, 0.038417, -4.653564
0.894506, -0.006121, -5.413506
0.697433, 0.181642, -4.470835
1.222589, 0.642242, -5.485443
-0.488353, -0.151947, -4.570873
-0.356113, -0.268116, -4.184028
-0.484528, -0.069317, -4.383640
-0.427384, 0.193582, -4.464972
-0.231174, -0.236554, -4.267291
-0.265644, -0.114418, -4.150122
-0.380877, 0.085069, -4.338864
-0.327663, -0.271954, -4.209332
-0.323386, -0.411296, -5.635218
0.200355, 0.411086, -3.648495
-0.339518, -0.241500, -5.485990
-0.726471, -0.258021, -6.079919
-0.336994, -0.368821, -6.206449
0.176026, -0.278777, -5.327579
-0.550170, -0.284098, -6.081091
-0.261886, -0.296314, -5.699841
-0.439909, -0.341617, -4.508461
-0.547899, -0.143526, -4.557210
-0.645144, -0.049783, -4.716186
-1.140827, 0.248813, -5.924293
-0.700784, -0.208526, -5.927232
-0.610390, -0.171271, -6.108090
-0.562198, -0.095084, -5.452888
-0.476738, 0.049016, -6.187131
-0.025789, 0.532144, -5.461220
0.124635, 0.293211, -5.839601
0.676593, 0.323942, -5.104886
0.813393, 0.516192, -5.222722
-0.139825, 0.648604, -6.216584
0.652177, -0.416917, -4.925502
-0.293778, -0.115797, -6.038880
0.988468, 0.836859, -5.779357
-0.457442, 1.945359, -6.158307
-0.145022, 1.852744, -6.249672
-1.913397, 0.923098, -2.497940
-1.845554, 1.060023, -6.038031
0.073428, 2.222409, -5.909600
-0.086710, 2.018845, -6.225517
-1.888324, -1.918853, -0.799144
0.023513, 1.964026, -5.751679
-0.496135, -0.559001, -5.706010
-0.376618, -0.680914, -5.740474
-1.354106, -1.800035, -6.251604
-1.353664, -1.181611, -6.237809
0.207144, -1.306679, -5.562264
0.320502, -1.787351, -5.616822
0.113807, -1.293144, -5.763274
0.334402, -1.559209, -5.422328
2.302099, 1.984503, -5.417958
2.286719, 2.094773, -5.404384
2.138406, 2.138074, -1.468521
2.297143, 0.730424, -2.124477
2.219969, 2.087094, -4.276465
2.308662, 2.336723, -4.730386
2.264197, -1.989746, -3.894720
2.259434, 0.481244, -2.141877
-1.429319, 0.186432, -5.099982
-1.393137, 0.253390, -5.187151
-1.903113, 0.275782, -5.169975
-0.992497, 0.175223, -5.127306
-1.950913, 0.399282, -5.929752
-0.166916, -0.202571, -5.821836
0.082976, 0.993241, -4.900565
-0.976281, 0.269485, -5.845282
0.545236, -0.620047, -5.983146
0.603187, -0.361221, -6.152096
0.437678, -0.422072, -4.997808
0.184551, 0.004198, -5.597019
0.729006, -0.247290, -5.520796
0.568887, -0.464031, -5.669057
0.673800, 0.154161, -5.640894
0.801330, 0.101472, -6.251516
-1.576704, 0.344953, -5.897696
-1.029768, 0.512613, -4.759128
-1.204560, 0.490521, -5.805449
-0.575863, 0.544315, -4.849526
-0.379736, -0.026761, -4.804676
-0.515584, -0.224071, -4.835605
-0.763832, 0.442311, -4.982407
-0.872200, 0.455345, -4.933663
0.318056, -0.505797, -4.500270
0.791564, 0.092529, -5.676139
0.562443, 0.311508, -5.786865
0.973209, -0.101866, -5.421460
-0.025416, -0.624736, -5.218711
0.297298, -0.189954, -5.264870
0.229518, -0.498634, -4.824825
0.224156, -0.544648, -4.499619
0.592577, -0.074234, -6.203291
0.586258, -0.615293, -6.061679
0.611440, 0.102133, -6.116507
0.634193, 0.050227, -6.041833
0.533302, -0.469095, -5.860880
0.535384, -0.178422, -5.570593
0.613664, 0.169639, -6.073626
0.575264, -0.082327, -5.838601
0.453476, 1.346264, -5.046240
-1.408985, 0.314303, -5.322749
-0.797028, 0.274440, -5.912032
-1.762655, 0.414040, -6.027030
-0.490056, 0.138968, -5.509966
-0.494078, 0.121334, -5.374104
-1.271947, 0.634385, -4.973212
-1.645534, 0.162635, -5.780654
0.833838, 0.621544, -5.808130
0.927562, 0.388929, -5.435637
-0.290942, -0.034798, -5.416511
-0.061654, -0.036070, -5.381086
1.432154, 0.625743, -6.167489
0.911053, 0.715139, -6.053082
0.511185, 0.023407, -5.291357
0.513509, 0.230056, -5.078516
1.959840, -1.980281, -3.478625
-1.731750, -0.365117, -6.245931
1.612855, -1.982116, -3.496143
0.615920, -1.981795, -3.333470
-1.934618, -1.928124, -6.042572
-1.975870, -1.934822, -5.865956
-2.003459, -1.299631, -5.864681
-1.830312, -1.958319, -5.893367
-1.778955, 1.559693, -2.642141
-1.749376, 1.712649, -2.521641
-1.830479, 1.882478, -3.475017
-1.812765, 1.061885, -2.491503
-1.696354, 2.082707, -4.392485
-1.760662, 2.298676, -4.473391
-2.007953, 1.060533, -0.325598
-1.267151, 2.192159, -6.181125
0.378127, 0.940283, -5.165971
0.405049, 0.265732, -4.612562
0.052914, 0.959060, -4.739073
0.259608, 0.900678, -4.923947
1.487653, -0.061600, -4.971354
0.401063, 0.259537, -5.924089
1.288704, -0.003402, -5.003979
1.415322, -0.224768, -5.158283
0.414423, 1.901141, -5.772097
0.218570, 2.162220, -6.061430
0.469198, 2.154297, -6.290957
0.516429, 1.932466, -6.164850
0.091468, 1.925831, -5.617816
0.214529, 2.152171, -5.326663
0.312906, 1.819517, -5.721832
0.261272, 2.230429, -5.933650
-1.817817, 2.338517, -4.414446
-1.910846, 2.305471, -4.281754
-1.999324, 0.009703, -2.279515
-2.001495, 2.358887, -3.546559
-1.768377, 2.307343, -4.464434
-1.738901, 1.768351, -4.060410
-0.691421, -1.963819, -1.626795
-1.888961, 0.927872, -0.306020
-0.592926, 1.420787, -6.197577
-0.379796, 0.948203, -6.105282
-0.238722, 1.266482, -6.011172
0.090181, 1.049984, -6.069787
-0.190654, 0.779199, -4.809969
-0.151942, 0.819966, -4.823076
0.419399, 1.333304, -5.808192
0.159323, 2.066232, -5.841780
0.216218, 1.926637, -5.567365
0.612832, 1.554232, -5.036861
-0.381712, 1.515438, -6.038421
-1.222478, 2.176624, -6.174171
0.569922, 1.468639, -5.116623
0.544501, 1.457911, -5.074235
-0.618999, 1.676795, -6.031092
-0.844643, 1.973152, -6.106457
-1.719526, 1.927784, -4.117877
-1.232936, 1.619537, -3.499355
-1.673696, 1.519750, -2.944515
-1.690440, 1.702944, -3.458482
-1.716694, 2.004894, -5.694930
-1.689901, 1.654508, -3.250005
-1.830889, 1.684279, -3.413181
-1.719722, 1.553994, -2.887077
0.323003, -0.953596, -4.658021
0.747154, -1.612703, -5.902969
0.931072, -0.196544, -5.209612
0.772640, -0.204681, -5.050050
1.328212, -0.035777, -5.099682
0.753838, -0.590215, -6.104476
1.733455, 0.195704, -5.132009
1.875097, 0.341692, -5.362120
-0.220767, 1.559279, -6.190269
0.929180, 2.093644, -4.962340
0.303864, 1.588773, -6.125753
-0.162922, 1.628345, -6.144832
0.136614, 1.885956, -5.489443
0.244151, 1.153916, -5.540477
0.094057, 1.731771, -6.048589
0.329411, 1.527459, -5.833208
1.019979, -1.094490, -6.262781
1.667737, -1.190853, -6.104360
2.135619, -1.731446, -4.958910
1.068649, -1.392105, -6.216228
1.079002, -0.621025, -6.292606
1.846876, -0.579740, -6.054252
2.184306, -0.424273, -5.966789
2.259195, -0.558810, -6.103705
-0.096535, -1.050869, -5.365911
-0.840698, -0.979702, -6.218108
-0.189066, -0.774889, -5.422842
-1.604969, 0.055070, -5.285192
-0.956323, -0.048960, -5.394691
-0.597801, -0.902633, -6.220855
-0.161072, -0.959832, -5.761680
-0.832297, -1.023869, -6.208972
-0.190427, 1.084280, -6.238463
-0.443642, 1.693107, -6.110590
0.005269, -0.618943, -5.931283
-0.098644, 0.163550, -5.257099
-0.091594, 0.936837, -6.081115
-0.247671, 0.476813, -4.640195
-0.303344, 0.226679, -5.581363
0.267314, 0.604390, -5.624973
-1.424117, 0.334865, -4.974456
-0.178203, 0.555504, -4.755888
-0.736682, 0.417506, -5.237621
-0.325142, 0.079692, -4.678576
0.369802, -0.443597, -5.512524
-0.341586, -0.233967, -5.761281
0.670523, -0.960041, -4.760104
-0.627347, 0.596600, -4.988640
0.562754, -0.516298, -5.365398
0.377666, -0.000586, -5.481710
0.439290, -0.108213, -5.423092
0.687446, -0.088183, -5.898184
0.746245, -0.094034, -5.421887
0.713906, -0.600392, -4.993455
0.588878, -0.454218, -4.676882
0.845603, 0.055139, -5.581987
-0.619256, 0.322071, -4.686836
-0.861338, 0.528655, -4.920329
-0.830785, 0.503375, -5.032334
-0.968600, 0.418604, -6.164061
-0.826120, 0.064839, -5.210959
-0.042276, -0.615681, -5.043321
-0.985440, 0.590648, -6.126270
-0.773682, 0.319241, -5.479148
0.544728, -0.253568, -5.221953
0.514538, -0.255069, -5.206864
0.152130, -0.421395, -4.821561
0.338257, -0.367498, -4.934865
0.199806, -0.641336, -5.046074
0.428908, -0.760579, -4.663841
0.765470, -0.133880, -5.440470
0.005311, -0.222630, -5.176937
0.111112, 0.642853, -5.784403
-0.656624, 0.733002, -5.967490
-0.120699, 1.104954, -6.064142
0.015725, 0.900876, -5.688216
0.981309, -0.065649, -6.003785
0.301594, 0.440775, -5.799220
0.218479, 0.626123, -6.297541
-0.029373, 1.139790, -6.141746
-1.931557, 1.371384, -5.813481
-0.499919, 0.511634, -5.233871
0.000652, 0.712366, -5.295188
-0.460386, 0.547054, -5.022270
-0.548782, 1.049223, -5.826076
-0.015139, 0.397703, -5.216622
-1.498845, 1.384205, -6.183594
-0.401184, 1.241094, -5.826533
1.889748, -1.525578, -5.410601
2.013537, -1.623356, -4.924656
1.770444, -1.230611, -6.272984
1.709660, -1.558414, -5.585582
2.154944, -1.866723, -3.821612
2.123268, -1.821384, -2.508944
1.458390, -0.133543, -6.178566
1.803539, -1.305272, -5.855618
0.438338, 0.156728, -5.237709
0.073442, 0.034416, -5.967528
0.531354, 0.334018, -4.492985
0.291705, -0.046764, -3.656496
1.200926, 0.153114, -5.971739
0.745380, -0.983431, -5.997946
0.780975, -0.008829, -4.645597
1.155178, 0.085422, -5.990351
-1.197680, 0.213292, -5.995065
-1.481740, 0.333490, -5.715185
-1.930620, 2.164758, -6.119790
-0.540739, 0.335411, -5.620218
0.197856, 1.180106, -4.934820
-0.186975, 0.333219, -4.943517
0.075312, 0.970590, -5.855625
-0.229307, 0.630100, -5.917673
0.448032, 1.432643, -4.935701
-1.523614, 0.132759, -5.488592
-1.542349, 1.487112, -3.558007
-1.756860, 1.232244, -5.723256
-0.412314, 0.461349, -5.451234
-0.559918, 0.469205, -5.345958
0.081878, 0.277035, -5.099817
-1.933591, 0.946748, -2.636290
-0.934679, 2.276916, -6.145774
-1.659824, 1.345521, -6.130238
-1.001335, 0.968878, -6.087471
-0.714300, 1.269516, -6.145567
-1.326460, 1.255186, -5.777241
-1.750412, 1.323709, -5.710702
-0.585958, 0.697257, -5.386714
0.157091, 0.540684, -5.259483
2.008764, -1.716951, -6.276254
2.093581, -1.659058, -6.121789
1.304214, -1.696305, -6.084386
2.015793, -1.551612, -6.254176
2.250466, -1.296449, -6.220022
1.689793, -1.309555, -6.259864
1.644824, -0.584055, -6.108201
1.817440, -1.084034, -6.077821
0.515109, -0.375793, -5.283436
0.472768, -0.425101, -5.883271
0.502623, -0.640477, -4.487905
0.691678, -0.483691, -5.103146
0.720116, -0.317751, -6.130160
0.794502, -0.285172, -5.866305
0.868723, 0.131847, -5.566541
0.704830, -0.042503, -5.952435
-0.482968, 0.220392, -5.088586
-0.676311, 0.201144, -5.226071
-0.916548, 0.542993, -4.980464
-0.065324, 0.625052, -5.012608
-1.767947, 0.480363, -6.084937
-1.625232, 0.323922, -5.116076
-0.122761, -0.491209, -6.215890
-0.420422, 0.327508, -5.682664
0.736486, -1.404724, -6.137031
1.057598, -1.472618, -6.060006
1.082730, 0.134469, -6.082000
0.879314, 0.265603, -5.438508
-0.097147, -0.302366, -4.609705
-0.239026, 0.161032, -5.081953
1.024828, 0.327780, -6.137942
0.391497, -0.239331, -4.449837
-1.604021, 1.534867, -3.030152
-1.223289, 1.983207, -6.096886
-1.613252, 1.617349, -3.705052
-1.681895, 2.131530, -5.438663
-1.714342, 1.393424, -2.858407
-1.847683, 1.508518, -2.777711
-1.843357, 1.503607, -2.673382
-1.687464, 1.859666, -4.004583
0.321423, 0.279443, -4.366896
-0.267605, 0.411055, -6.104951
0.053681, -0.241717, -5.309039
-0.372811, 0.187255, -5.389513
2.089304, -0.033018, -6.056659
0.665733, 0.327362, -6.143367
0.711541, -0.070067, -5.923625
0.614057, 0.278623, -5.953550
0.682938, 1.218935, -5.805274
1.627488, 1.511467, -6.221733
0.742670, 0.930151, -5.529429
0.642464, 1.581741, -5.773529
0.866273, 2.134323, -6.248449
0.979297, 1.525071, -6.197824
0.218490, 1.765203, -5.103258
2.009172, 0.744166, -6.189844
-1.527970, 1.587898, -3.186701
-0.672970, 0.495380, -5.357382
-1.626862, 1.542693, -2.854854
-1.717693, 1.852785, -4.093511
-0.815803, 0.729602, -5.578342
-0.615371, 0.284755, -5.362373
-0.432375, 0.215164, -5.594567
-1.209521, 0.849430, -5.927502
-0.066222, -0.175771, -6.007366
0.097155, 0.299719, -5.935508
0.426902, 0.663628, -6.006035
0.389821, -0.222764, -4.178981
-0.135637, 0.592432, -5.706933
-0.099530, 0.576417, -6.136877
0.512454, 0.537378, -4.409892
0.264516, -0.241527, -4.290693
0.097698, 1.338669, -4.971014
0.234904, 0.301850, -4.729125
0.068685, 0.559642, -4.723590
0.013898, 1.212537, -4.708663
0.377758, 0.650130, -5.473454
0.578509, 1.235964, -5.655427
-0.034031, -0.114041, -4.172570
0.453068, 0.656843, -5.502927
0.251939, 0.036370, -5.312314
0.428508, -0.506412, -5.500528
0.662080, 0.239706, -5.553482
0.388163, -0.083253, -5.305026
0.643569, 0.025190, -5.533926
0.731757, -0.195858, -5.833708
0.823008, 0.236368, -5.629763
0.449632, -0.225875, -4.568464
-1.345249, 0.257459, -5.042557
-1.300994, 0.543691, -4.947010
-1.484913, 0.224754, -5.573508
-1.319297, 0.431424, -4.971288
-1.411422, 0.239917, -4.829468
-1.072661, 0.627581, -4.980361
-1.062830, 0.462178, -5.268281
-1.274662, 0.312619, -5.631022
-0.926691, 0.585105, -4.817607
-0.733107, 0.130132, -4.645649
-0.687704, 0.434484, -4.706597
-0.863252, 0.347304, -6.237626
-0.301239, 0.018010, -4.196125
0.034459, -0.227374, -5.927245
-1.079732, 0.516820, -5.957375
-0.391258, 0.114886, -4.410660
1.465740, -1.955123, -5.398342
1.287596, -1.544395, -5.491221
1.231469, -1.518851, -5.696042
0.503243, -1.562381, -5.071813
0.919948, -0.521169, -6.177737
1.669950, -1.551972, -6.116786
1.792419, -0.685992, -6.251492
0.566773, -1.463820, -5.251075
-0.604967, 0.073111, -5.858584
-0.530855, -0.212818, -5.710230
-0.511680, 0.137370, -5.200005
-0.656629, -0.015019, -6.198484
-0.232007, -0.214841, -6.258688
-0.399606, -0.092174, -5.714950
-0.557110, -0.199566, -6.225790
-0.348205, -0.022257, -5.990782
-0.118281, -0.648440, -5.717505
-0.086642, -0.503062, -4.508368
-0.609056, -0.347071, -5.687593
-0.461732, -0.724432, -5.759193
-0.457309, -0.424776, -4.763223
-0.280755, -0.581855, -4.916514
-0.500510, -0.988460, -6.144303
-0.912443, -0.978481, -6.140206
-0.292443, 2.294708, -6.229343
-0.730129, 2.076715, -6.059859
0.354266, 0.976360, -1.035922
-0.964096, -2.005334, -4.622695
-0.322693, 2.119477, -6.241940
-0.310246, 2.294850, -6.142110
-1.944003, -1.978563, -6.219721
-1.785557, 1.235715, -6.133834
0.057641, 0.455473, -5.934740
-0.305976, 0.114760, -4.944003
-0.266759, 0.786581, -6.004098
-0.186634, 0.458245, -5.789460
0.336386, 0.640576, -4.763224
-0.034171, 0.959254, -4.930153
-0.042360, 0.663829, -4.597172
-0.126120, 0.984127, -6.109008
0.902862, 0.133737, -6.105902
1.023405, -0.794617, -6.194746
1.324586, 0.006384, -5.983442
0.948601, 0.003900, -6.022804
-0.042183, -0.951456, -4.907349
0.369122, -1.063213, -4.770110
1.681090, -0.043201, -6.245171
1.749350, 0.031354, -4.904703
1.032740, 1.673780, -6.184752
0.824351, 1.119150, -5.747517
0.393379, 0.590244, -5.736454
-0.036023, 0.097738, -4.405634
0.780027, 1.594306, -6.112967
1.055047, 1.923586, -6.205767
0.321322, 0.356721, -5.390988
0.406356, 0.055430, -5.004704
1.777652, 0.059405, -6.039834
0.202611, -0.504732, -5.600988
1.033842, 0.173803, -6.109117
0.891044, 0.060229, -5.556317
0.193021, 0.075416, -4.210419
0.300669, -0.816855, -5.431942
1.299748, 0.120251, -4.748668
0.422097, 0.082937, -4.427180
-1.725117, 1.369414, -3.126913
-1.542357, 1.490239, -3.630333
-1.133922, 0.688018, -6.247808
-0.756214, 0.277250, -5.548937
-1.742814, 1.694840, -2.425728
-1.835241, 1.522632, -2.475207
-1.767991, 1.897335, -4.097763
-1.681978, 1.843002, -3.782711
0.754341, -1.978246, -5.728944
0.635632, -1.825944, -5.775120
0.738455, -0.719650, -4.630027
0.453121, -1.322420, -4.738170
0.841876, -1.841702, -5.593609
0.967727, -1.972589, -6.281279
0.803142, -1.683215, -6.276020
0.854393, -1.716605, -5.783102
-0.516487, 0.308880, -6.088316
-0.566613, 0.279567, -6.208131
-0.310421, -0.070438, -5.641599
-0.453616, 0.010283, -5.627554
-0.163196, 0.216900, -6.130535
-0.323576, 0.174593, -6.255163
-0.173837, 0.352090, -5.735386
-0.167990, 0.644604, -5.695283
0.183365, -0.681689, -4.775035
1.058013, -0.005572, -5.035024
0.388697, -1.548786, -5.698232
0.486429, -0.444501, -4.602978
0.164734, -0.303402, -5.064914
0.620625, 0.161435, -4.486320
-0.058304, -0.946403, -5.328240
0.496249, -0.463404, -4.578835
0.023195, 0.449322, -4.877407
0.267704, 1.992752, -5.337110
-0.371230, 0.272235, -5.117950
0.181880, 0.414947, -5.037788
0.074048, 0.412141, -4.837943
-0.272818, 0.321101, -4.896232
-1.788902, 0.127844, -5.096797
-1.863476, 0.177216, -5.305436
1.131306, -0.148032, -5.225990
1.919207, 0.042969, -5.185785
0.724473, -0.000445, -5.312644
0.591433, 0.082882, -5.443589
0.599421, 0.391069, -4.884753
1.762275, 0.267030, -5.287917
0.829719, -0.023805, -5.146791
0.756512, -0.046162, -5.227843
-1.024107, -0.388441, -5.796922
-1.215528, -0.385610, -6.025558
-0.821719, -0.343738, -5.654947
-0.906100, -0.434929, -6.198749
-1.601770, -0.928231, -6.225353
-1.523362, -0.582056, -5.934925
-0.473561, -0.318901, -5.818129
-0.779058, -0.250137, -5.774787
0.974131, -0.019545, -5.827013
1.283929, 0.178137, -5.843890
0.280888, -1.450184, -5.058280
0.999903, -0.026328, -5.848590
0.642089, -0.582982, -5.024479
1.749285, 0.326593, -5.419002
0.136746, -0.619067, -5.234827
0.566959, -0.217240, -4.762665
-1.734606, 0.579564, -5.980467
-1.619895, 0.322794, -6.186375
-1.494848, 0.380838, -5.864558
-1.103624, 0.598477, -5.834981
-1.245920, 0.451266, -6.167546
-1.062296, 0.482529, -4.940667
-1.433020, 0.588410, -6.057061
-1.120849, 0.303527, -4.834872
0.567711, -0.248759, -6.039423
0.271630, -0.400963, -6.228315
0.297050, -0.166292, -6.235496
0.579322, 0.037979, -6.177115
0.378906, -0.328820, -5.002245
0.340686, -0.247294, -5.402630
0.597295, -0.083278, -6.206750
0.541924, 0.052091, -6.218369
0.337119, 1.309684, -5.123571
-0.977958, 1.288101, -5.600908
0.409135, 2.216449, -5.928261
0.336459, 0.880866, -5.609579
0.396654, 1.558839, -4.985450
-0.617772, 0.938508, -5.935303
0.004485, 0.680566, -5.793395
0.050194, 0.521424, -5.206310
-0.588525, -0.296808, -5.116123
-1.613780, -0.342436, -6.076983
-1.189821, -0.235304, -6.089327
-0.735983, -0.194944, -5.570990
-0.989070, -0.195175, -5.962293
-1.249399, -0.416607, -5.831765
-1.299048, -0.242435, -6.199381
-1.042258, -0.072858, -6.197930
0.214589, -1.275687, -4.796821
0.127404, -1.728314, -5.113728
0.267367, -1.336791, -4.747782
0.223995, -0.914121, -4.573621
0.280087, -1.491738, -4.820085
0.340258, -1.800288, -5.143773
0.235265, -1.360610, -4.769617
0.124467, -1.603728, -4.777354
-0.674949, -0.528840, -5.724037
-1.950120, -0.140593, -5.835796
-1.908718, -1.862089, -6.139209
-0.575620, -0.342415, -5.921843
-1.929587, 0.621381, -6.110682
-1.997287, -1.399228, -6.237272
-1.572583, -0.385031, -5.931816
0.149010, -1.060023, -4.840890
0.099810, 0.776762, -4.576264
-0.003186, 1.135693, -4.825490
1.001069, 1.348224, -5.966494
2.011079, 0.058571, -5.396886
0.104371, 1.088899, -4.924809
0.594423, 2.106997, -5.697706
0.603866, 0.702459, -5.040657
0.520647, 2.023656, -5.467894
0.391238, -0.931324, -5.642638
0.233799, -1.922991, -5.399653
0.076982, -1.052037, -5.406784
0.123217, -1.244381, -5.423926
0.286662, -1.591667, -5.818517
-1.429679, -0.563774, -6.258279
-0.015299, -0.875572, -5.455950
0.235315, -1.346925, -5.193855
-1.408427, 0.150343, -5.244625
-0.692468, 0.300051, -5.261525
-0.564847, -0.022439, -5.830721
-0.462372, 0.295657, -4.990913
0.244411, 1.342271, -4.945352
-0.168911, 0.405670, -5.248680
-0.857907, 0.451755, -5.784172
-1.234863, 0.579076, -5.899153
0.989013, -1.355909, -5.798949
1.097037, -1.531965, -6.215939
0.637760, -0.839963, -5.914736
0.861989, -1.308490, -6.047100
1.462548, -1.760394, -6.013566
1.211498, -1.580417, -5.841654
0.879780, -0.574503, -6.074391
0.865114, -0.754520, -6.144710
-0.662396, 0.722278, -5.282166
-0.116868, -0.217317, -4.989001
0.097048, -0.674111, -5.556005
0.405935, -0.785231, -5.725877
0.642476, -1.177951, -6.131573
0.243787, -0.129043, -5.909359
0.899512, -0.482763, -6.140343
0.257453, -0.740487, -5.816408
-0.522596, 1.262231, -6.171883
-0.629491, 1.558099, -6.190576
-0.080332, 1.202451, -5.708242
-0.491764, 1.020742, -6.226613
-0.409433, 1.449023, -6.110108
-0.365328, 1.142776, -6.251259
0.235144, 0.235778, -5.363051
-0.123580, 0.123831, -3.745156
1.661498, 0.761701, -6.181347
1.696370, 0.378028, -5.223385
1.245861, 0.853422, -5.986033
2.228229, 2.135210, -6.217300
1.409970, 1.900730, -6.165235
1.009998, 0.155843, -4.954825
0.787102, 0.844756, -6.207695
1.037262, -0.137199, -5.335860
-0.557967, -0.146351, -6.212383
-0.362161, -0.320892, -5.959645
-0.338747, 0.149797, -6.221597
-0.481860, -0.209529, -6.086218
0.258403, -0.577046, -6.007458
0.005882, -0.527279, -6.207512
-0.165869, -0.057345, -6.218681
0.301251, 0.333794, -6.263536
-0.749470, 0.332043, -4.620704
-1.309079, 0.545222, -6.255280
-1.321976, 0.672506, -6.096611
-1.379963, 0.636900, -6.242927
-0.282721, 0.131772, -4.307764
-0.311154, -0.122483, -4.559838
-0.866256, 0.591971, -5.540966
-1.380139, 0.645170, -5.821011
1.206469, -0.796036, -6.205114
1.258555, -0.132224, -6.073584
0.660009, -0.846169, -5.958602
1.151502, -0.022926, -6.126307
1.353259, 0.376660, -5.446650
1.234331, -0.018124, -6.015226
1.433369, -0.142188, -6.184532
0.632714, -0.469165, -5.817713
0.390442, -1.737492, -5.964722
0.287352, -1.821722, -5.360291
-0.477880, -0.357312, -5.963923
0.371921, -1.581110, -5.685643
0.340570, -1.865664, -5.463150
-1.907249, 0.136715, -5.676023
-0.012323, -1.368326, -5.087640
0.156103, -1.457333, -5.179414
0.394718, -1.163530, -5.523411
0.332985, -1.853754, -5.544922
0.260590, -0.968924, -5.727599
-0.061757, -0.503350, -6.076644
0.389093, -1.861938, -5.891671
0.413702, -1.847401, -5.126445
-0.080426, -1.060754, -5.010403
0.270587, -1.043306, -6.230428
0.266889, -1.000610, -4.916919
0.934317, -1.522613, -5.792330
1.262775, -1.974774, -6.038465
1.066466, -1.815482, -6.298813
1.606614, -1.992124, -5.669993
1.210684, -1.728604, -5.436918
1.173860, -1.965372, -6.019504
1.587336, -1.897495, -5.464074
-1.585756, 1.193887, -5.993475
-1.024604, 1.071014, -6.125722
-1.986872, 1.376535, -5.699846
-1.332913, 1.441172, -6.206966
-1.471677, 1.248173, -6.216798
-1.469475, 1.271212, -6.202963
-1.207480, 1.454188, -6.208466
-1.175683, 2.115929, -6.203726
0.734558, -0.671932, -5.902715
2.146221, -0.330283, -6.251843
1.300874, -1.870500, -6.221875
0.946262, -0.018228, -6.268620
0.456016, -1.108575, -5.740304
0.756662, 0.097655, -6.041034
0.654593, -0.569080, -4.270004
1.853124, 0.251606, -4.814851
0.141702, -1.687648, -5.225653
0.462595, -1.150237, -6.177338
0.740845, -0.848809, -4.919669
0.924453, -0.652161, -4.909906
0.535935, -1.584479, -6.224327
0.382838, -1.677121, -5.388141
1.032035, -0.617978, -4.922326
0.003655, -0.036621, -6.046674
-0.055091, 0.317446, -4.626324
-0.034802, 0.038127, -4.320245
0.418451, 0.816318, -5.836071
0.021678, 0.291623, -4.493430
-0.309877, -0.415100, -4.854451
0.465979, 0.327800, -5.060007
0.511478, 0.931116, -5.980956
-0.194835, 0.444036, -5.548388
0.464884, -0.987969, -6.101049
0.561943, -1.360290, -5.500866
0.675018, -1.180036, -5.378216
0.528113, -1.401675, -5.405105
0.253371, -1.439795, -5.289539
0.762137, -1.817054, -5.917986
0.595108, -1.180251, -5.322622
0.627836, -1.272640, -5.398188
-1.050432, -0.954684, -6.261974
0.297756, -1.626625, -5.745814
-0.357049, -0.603189, -5.129774
0.076355, -0.618285, -5.837015
-0.066189, -1.266248, -5.133934
0.133149, -1.221038, -5.821923
-0.905229, -0.062410, -5.173343
-0.379831, -0.801906, -5.038214
1.260423, -0.030348, -5.262240
0.663908, -0.214279, -4.865101
0.366253, -0.565894, -4.739238
1.204035, -1.786380, -5.343447
0.941111, 0.006599, -5.426375
1.298211, -0.077171, -6.018563
0.378385, -0.584136, -4.819828
1.755885, -0.424965, -6.146664
0.326480, -1.650076, -5.782887
0.158813, -0.637914, -4.433311
0.200648, -0.478249, -4.712766
0.233372, -0.809689, -4.531982
0.340086, -0.596323, -4.670888
0.351584, -0.929833, -6.200501
0.281003, -0.210768, -5.897238
0.340598, -0.693434, -4.319519
-0.512054, 0.382393, -5.272501
-0.408319, 0.381957, -5.278428
-0.071597, 1.270230, -5.714625
-0.635423, 0.728210, -6.111811
-0.447116, 0.379658, -5.273818
-0.477940, 0.375521, -5.272061
-0.638244, 0.594299, -5.285758
-0.293220, 0.677766, -5.256874
0.897322, -1.465452, -5.609763
1.143336, -1.905675, -5.827260
1.510703, -2.011006, -5.931081
0.545771, -1.062093, -5.180578
0.670491, -0.611627, -5.869818
0.678640, -0.350028, -5.320675
0.837756, -1.285057, -5.740212
0.790354, -1.329884, -5.555562
0.559520, -0.178512, -4.576063
1.132356, 0.047352, -6.229095
0.695213, -1.248211, -5.950779
0.983163, -1.524786, -5.386423
0.231026, -0.912374, -4.814391
0.978794, -1.535393, -5.187682
0.322672, -1.584476, -5.564275
2.031500, -0.455777, -6.241613
0.441369, -0.356008, -3.835729
-0.463972, -0.168367, -5.419357
0.056324, -0.548958, -5.705004
-0.451793, -0.080724, -5.814405
-0.140561, -0.742167, -4.963449
-0.042308, -0.658349, -4.909944
-0.282578, 0.644579, -4.986513
-0.254450, 0.244289, -6.048419
-0.797894, -0.223818, -5.282478
0.192497, -1.346769, -5.828097
0.273493, -1.305029, -5.421968
0.327196, -1.595461, -5.983869
-1.777722, 0.177663, -5.412597
-1.847982, -0.044479, -5.853945
-0.437483, -0.670674, -6.194187
0.372661, -1.751264, -4.854903
-0.343813, -0.796776, -4.945725
-0.263992, -0.778651, -5.052561
-0.077291, -0.862090, -4.813714
-0.705439, -0.754586, -6.137914
0.083734, -1.558438, -4.893136
-0.263083, -0.860055, -4.846858
-0.306339, -0.687902, -5.042001
-0.370994, -0.619682, -4.718499
1.827471, 2.158037, -4.446268
1.442263, 1.749959, -3.737185
1.666084, 0.600867, -3.583478
1.664056, 1.176051, -3.795019
1.634732, 0.650880, -3.541305
1.859441, 1.477271, -6.116627
2.081847, -0.807764, -2.435046
1.423717, 1.851285, -6.263528
-1.942359, 1.251979, -5.934291
-1.491446, 1.260918, -6.184347
-0.047027, 1.431231, -6.101016
-1.238802, 1.045653, -6.222863
-1.842162, 1.434657, -5.722541
-1.763137, 1.279781, -6.092278
-1.982473, 1.066778, -6.040256
-0.686689, 0.569847, -4.996305
0.819755, -1.509636, -5.352079
0.681041, -1.164650, -5.322332
0.214854, -1.245573, -5.450585
0.892029, -1.706161, -5.930438
0.362394, -1.612000, -5.251823
0.600582, -1.486167, -5.238814
0.415650, -0.977431, -5.086483
0.249580, -0.811172, -4.930345
2.011357, -0.517416, -6.155272
1.052669, -1.338157, -5.683822
0.651817, -0.171104, -5.185987
0.993690, -0.221767, -6.179647
0.538284, -0.246751, -4.590479
0.417311, -0.462463, -4.560464
1.283871, 0.017180, -5.130053
1.272074, 0.139592, -5.210013
-1.071216, 0.432980, -5.775264
-1.230404, 0.513968, -4.981458
-1.450770, 0.702309, -5.717283
-1.505453, 0.690500, -5.692080
-0.846533, 0.120047, -4.931318
-0.329506, 0.072500, -4.336229
-1.214488, 0.612868, -6.257007
-0.581378, 0.180878, -5.293732
0.934335, -1.439620, -5.473696
0.942357, -1.455281, -5.290618
0.500308, -0.657965, -4.787979
0.074231, -0.992001, -4.929663
0.792761, -1.191139, -6.005297
1.060896, -1.369945, -5.611989
0.201637, -0.489763, -5.354394
0.381525, -0.567260, -4.847002
0.167800, -1.527956, -5.723661
-0.585925, -0.295583, -5.392985
-0.410911, -0.942952, -5.056708
-0.257959, -0.938932, -6.042653
-0.615600, -0.142538, -5.267447
-0.084340, -1.281479, -5.139713
0.070339, -1.108373, -5.421489
-0.956982, 0.024683, -5.042969
-2.035341, -1.902384, -4.014471
-1.707181, -1.987091, -5.093461
-1.582728, -1.953790, -6.082772
-1.644625, -1.802404, -3.925767
-1.594529, -1.942265, -6.049000
-1.886423, -1.541541, -6.046306
-1.685007, -1.964804, -6.085264
-1.563241, -1.875025, -6.058098
-0.949918, 0.266058, -6.050259
-0.852915, 0.057987, -6.129143
-0.661540, 0.027534, -5.178805
-0.569488, -0.014650, -4.915308
-0.535808, 0.007616, -5.333036
-0.500614, -0.113339, -5.150573
-0.091653, -0.340057, -5.443767
0.272346, -0.402083, -4.311834
1.961625, -0.195572, -5.575089
2.147484, 0.220224, -5.836368
0.363186, -0.317484, -4.977876
1.304608, 0.194420, -4.709411
0.141601, -0.281116, -5.151119
0.665866, -0.146930, -5.074934
0.052677, -0.705521, -4.837062
0.481507, -0.457319, -4.533188
-0.718191, -0.177224, -4.640849
-0.922064, -0.145748, -4.890805
-0.561462, 0.165951, -4.606966
-0.483132, -0.089913, -4.458904
0.570563, -0.282707, -5.631961
-0.283777, -0.149556, -4.172946
0.019053, -0.187316, -4.041448
-0.496427, -0.167785, -4.503831
-0.675902, -1.192761, -6.073236
-1.489846, -1.645240, -5.625115
-1.985947, -1.871364, -2.177977
-1.573379, -1.561540, -5.886475
0.143500, -1.230957, -5.381063
-1.521858, -1.573570, -5.821191
-1.508679, -1.646294, -5.531142
-1.508864, -1.635226, -5.585043
2.164856, -0.133470, -5.915963
1.888238, -0.099155, -5.931126
1.607269, 0.225261, -5.937322
2.189951, 0.059262, -5.993451
1.994825, -0.043407, -6.146796
1.407960, 0.335750, -5.688397
1.625216, 0.214216, -5.925991
2.247943, -0.003123, -6.018189
-1.174692, 1.246758, -6.159622
-0.749250, 1.360181, -5.980706
-1.969004, 1.270364, -5.875479
-1.259797, 0.750156, -6.006644
-0.198022, 1.822018, -6.028111
-0.596814, 1.550124, -5.961029
-0.905047, 2.239586, -6.189963
-0.094236, -0.047798, -6.217659
0.046013, -1.183987, -5.338248
-0.785846, -0.388659, -5.697560
0.292269, -1.402167, -6.119761
-0.825319, -1.306983, -6.192173
-1.088817, -0.382739, -6.058018
-1.225399, 0.082350, -4.962490
-0.194058, -0.741823, -5.701660
-0.684600, -1.074378, -6.212608
-0.973795, -0.429630, -6.118289
-1.925064, -1.995929, -3.873403
-1.913759, -1.958976, -4.320953
-0.118397, -1.468952, -5.848874
-1.525113, -0.880779, -5.976162
-1.913369, -1.966686, -3.787890
-1.781608, -0.432396, -5.688558
-0.684179, -0.413450, -5.583095
1.550238, 0.260609, -5.367904
1.103578, 0.507218, -6.146596
1.605459, 0.179731, -5.330747
1.549346, -0.475239, -5.384149
1.643048, 0.439605, -5.743375
1.797298, 0.376522, -5.716228
1.244396, 0.569988, -6.198834
0.789917, 0.495788, -4.466842
0.701647, 1.322932, -6.143940
0.595300, 1.055119, -6.223844
0.890960, 1.873892, -6.154670
0.507649, 0.630189, -5.487204
0.390994, 0.337187, -5.254540
0.371715, 0.324942, -5.222229
0.428782, 0.531121, -5.217742
0.526244, 0.929793, -5.869774
0.766196, 0.264402, -6.042577
0.641883, 0.255074, -6.080812
0.146151, 0.212155, -5.859434
0.260471, 0.013319, -5.726986
0.563115, 0.150919, -5.619887
0.687420, 0.291331, -5.569730
0.689721, 0.455039, -5.650351
0.330475, 0.468326, -6.272194
0.418691, -0.186631, -5.762976
0.395787, -0.164143, -5.827979
0.610382, -0.607715, -6.029843
0.413549, -0.342926, -5.597397
0.552292, -0.473963, -6.230011
0.496565, -0.944569, -5.251318
0.623848, -0.543346, -5.961993
0.425838, -0.072449, -5.772040
-0.161306, -0.883071, -5.345720
-0.088345, -1.813186, -5.058417
0.288502, -1.425200, -5.616198
-2.001356, 0.176313, -5.675101
-0.132920, -0.975760, -5.723557
-0.805800, -0.009123, -5.302560
0.084626, -1.208079, -5.721333
-0.152698, -0.887082, -5.525378
0.704526, -0.052945, -5.897164
-0.236653, -0.441344, -5.989229
1.258071, 0.338228, -5.912313
0.160181, -0.350999, -6.253847
0.961447, 0.108735, -5.331921
0.617196, 0.153527, -5.680658
1.748466, 0.715065, -6.060934
0.788318, 0.601919, -4.585960
-0.513477, 0.151116, -5.429654
0.343023, 1.314241, -4.946578
-1.219725, 0.173810, -5.468483
0.145408, 0.389308, -5.162576
0.176203, 0.375811, -4.897501
0.349196, 1.033797, -4.995742
-0.315845, 0.211080, -5.225653
0.299012, 1.126248, -5.490620
1.686453, 1.788849, -6.224714
1.248648, 0.955169, -5.925951
1.656565, 2.274686, -5.963912
2.101814, 2.055995, -6.130718
2.257098, 1.907377, -6.077228
1.273476, 1.609916, -6.134699
0.219190, 2.143182, -5.572649
1.750914, 2.181838, -5.792575
0.045147, 0.751087, -5.557551
0.030672, 0.955323, -5.719653
0.062021, 0.700159, -5.503695
0.267905, 0.777187, -5.041557
-0.318743, 0.981013, -5.504393
0.319993, 1.629627, -5.539759
0.071471, 0.435775, -4.931535
-1.921415, -0.049290, -5.261320
0.250614, -0.434792, -6.093832
0.270052, -0.685695, -6.045144
0.572329, -0.059171, -6.180119
0.552831, -0.224437, -5.938872
0.089022, 0.018870, -5.710796
0.162046, -0.146728, -5.408274
0.590698, -0.088997, -6.042750
0.259277, 0.055748, -5.990372
-0.247014, 0.285319, -5.275176
-0.253987, 0.281398, -5.269733
-0.590840, 0.195622, -5.095659
-1.635944, 0.269753, -5.495154
-0.635922, 0.234761, -5.142987
-0.740670, 0.385217, -5.078713
-1.868914, 0.299805, -5.254734
-1.223276, 0.461162, -5.687322
-1.960285, 1.369786, -5.826695
-1.586140, 1.046997, -6.133029
-1.823683, 1.308778, -5.865005
-1.764580, 1.264893, -6.084307
-1.495592, 1.027391, -6.160339
-1.614853, 1.069775, -6.132054
-0.874880, 1.924559, -6.180295
-1.645522, 1.257478, -6.152759
0.410201, -0.770787, -4.725469
1.483240, -0.171468, -6.161446
1.042529, -1.421045, -5.816703
0.989495, -1.385839, -6.165252
0.295107, -0.814448, -4.930670
2.260702, -0.127365, -5.972575
0.972478, -1.885135, -5.161433
0.118973, -1.385304, -5.127993
0.095528, 1.654833, -5.850019
0.297519, 1.816878, -6.069479
0.158792, 1.477707, -6.131675
0.189988, 1.770111, -6.142413
0.377660, 1.705726, -5.440440
0.416212, 2.025411, -6.104259
0.334865, 1.885536, -5.798231
0.257885, 1.665287, -6.040584
0.520971, 0.166264, -6.289370
0.368128, -0.087305, -6.277461
0.008769, 0.638567, -6.278574
0.435805, 0.231340, -6.103719
0.558903, 0.095793, -5.846331
0.684547, 0.141688, -6.229631
-0.279722, 0.269823, -5.876290
-0.051161, 0.107688, -5.959450
0.401831, 1.617686, -5.888075
-1.330304, 1.784061, -6.220305
0.759131, 2.040617, -4.954719
-0.079364, 0.712239, -5.480067
-0.139694, 0.957395, -5.511819
0.172960, 0.820859, -5.191187
0.478236, 1.436295, -5.523357
0.438175, 1.272224, -5.038558
0.592102, -1.149852, -5.221503
0.239525, -0.894501, -5.005783
1.206322, -1.769913, -5.835857
0.799751, -1.404217, -5.278479
1.198636, -1.904337, -6.155162
0.654673, -1.284283, -5.218983
1.583806, -2.001907, -6.089168
1.584978, -2.000083, -6.228825
1.144554, 0.329182, -5.334665
0.662786, -0.104186, -4.992517
1.033368, -1.863285, -5.158411
0.146163, -1.408826, -4.875342
1.033609, -0.462788, -6.168581
0.024198, -1.756163, -5.314855
0.473143, -1.311494, -5.967483
0.391224, -0.638102, -5.840779
-0.847793, 0.907741, -6.074781
-0.733320, 0.469875, -5.849327
-0.816839, 1.468092, -6.161179
-0.452986, 0.662612, -5.607224
-0.563371, 0.439750, -6.278954
-0.068919, 0.077589, -4.877097
-0.488929, 0.560686, -5.639928
-0.280039, 0.805765, -5.937585
-1.610057, -1.221130, -6.175003
-1.823994, -1.723650, -6.242661
-1.657248, -1.588812, -6.228790
-1.896113, -0.028568, -6.136700
-1.672582, -0.634306, -5.733872
-1.957562, -1.183020, -6.219326
-1.777764, -0.843606, -6.119403
-1.808708, -0.646807, -6.001490
-0.914455, 0.358199, -6.173347
-0.801801, 0.151666, -5.861168
-0.779067, 0.742679, -6.149576
-0.889333, 0.525486, -5.956474
-0.828369, 0.246562, -5.887861
-0.643578, 0.003796, -5.861567
-0.772272, 0.059157, -5.990742
-0.492108, 0.433818, -5.780232
0.143887, -0.353291, -5.000040
0.386660, -0.231391, -4.226511
0.495263, -0.249104, -4.948421
0.389648, -0.431627, -4.803902
0.186392, -0.208618, -5.139739
0.116521, -0.209601, -5.164150
0.486597, -0.476706, -4.518291
0.067331, -0.585259, -5.166677
0.367312, -0.116319, -5.333451
0.329872, -0.004783, -5.711133
-0.121637, -0.057992, -5.949224
0.410696, 0.410816, -6.088822
0.304568, -0.187303, -4.215014
-0.108396, -0.034447, -5.520942
0.359988, -0.019446, -5.586843
0.584134, 0.405210, -6.070487
-1.217885, -1.244709, -6.010737
-1.572153, -1.156291, -5.973996
-1.755279, -1.943558, -4.704909
-0.918333, -0.701949, -6.151242
-1.707093, -1.513923, -5.872701
-1.262838, -1.239873, -6.002803
-1.088613, -1.317397, -6.008398
-1.287848, -0.706267, -6.267723
-1.236119, 0.895834, -5.934448
-0.876391, 0.801059, -5.920605
-0.350656, 0.908376, -5.704100
-0.663989, 2.023746, -6.162652
-0.083610, 0.258098, -5.290076
-0.072370, 0.481481, -5.584969
-0.656479, 0.762932, -5.554697
-0.378180, 0.920840, -5.558066
1.053086, -0.219565, -6.058475
1.146144, -1.875114, -5.361736
0.466351, -0.423265, -5.394175
0.415607, -0.514947, -5.286810
0.859435, -0.242142, -5.892970
0.591355, -0.889829, -5.492577
0.531459, -0.794136, -5.309107
0.750734, -0.112882, -5.478939
0.775897, -0.667747, -4.636403
0.733943, -0.748995, -4.581351
0.028333, -0.546740, -5.615369
0.263328, -0.922765, -6.195502
0.820109, -1.431237, -6.176801
0.647998, -1.820340, -5.800584
0.614767, -1.163925, -5.896164
0.445655, -0.992383, -5.509121
0.101935, 1.281258, -6.020414
-0.378548, 0.109455, -4.711411
-1.462495, 0.337797, -5.586164
0.346919, 1.458060, -5.466300
-0.387124, 0.720865, -5.497480
-1.393968, 0.222962, -4.977097
-1.219507, 0.253232, -5.097275
-0.637117, 0.260705, -4.893193
1.221714, 0.243836, -5.438855
0.274852, 0.216927, -4.363081
1.337308, 0.352429, -5.388688
0.577708, 0.573499, -4.453806
0.939141, 0.306292, -4.601142
0.540057, 0.119965, -4.536153
1.605633, 0.477380, -4.749994
1.067198, 0.402965, -4.865631
-0.907734, 0.266351, -5.350926
-0.815815, -0.256414, -4.723685
-1.698503, 0.307145, -6.049002
-0.603222, -0.291563, -4.934777
-1.511186, 0.284341, -5.921576
-0.566724, -0.279784, -4.777617
-0.930091, 0.208959, -6.288838
-0.740770, 0.244435, -4.906070
-0.755286, -1.747227, -6.150304
-1.004670, -1.947325, -6.177818
-0.633929, -1.299908, -6.092401
-0.834547, -1.834705, -6.205679
-0.133035, -1.316526, -5.748868
-0.421322, -1.606781, -6.176748
0.072952, -1.308357, -6.270961
0.028403, -1.257656, -6.299895
0.352630, 1.528289, -4.976910
-0.456085, 2.152069, -6.138049
-1.977818, 1.668412, -5.925330
-0.606430, 1.826670, -6.076369
0.376394, 1.396488, -4.952162
0.158780, 1.358417, -4.990138
-0.465144, 1.760367, -6.062120
-0.282182, 1.293250, -5.895746
-0.329584, 0.115746, -5.438484
-0.086485, -0.308308, -5.464760
-0.434575, -0.007447, -5.630672
-0.483288, 0.509229, -6.047666
-0.322683, 0.125683, -5.298771
-0.128626, 0.242049, -6.278491
0.112392, 0.716386, -6.080676
-0.032484, 0.178047, -4.848166
0.807750, -0.121329, -5.424080
0.240009, -0.850862, -5.462545
0.110310, -0.393352, -5.813992
-0.002042, -0.425537, -5.963562
0.064592, -0.722105, -5.141425
1.182767, 0.131328, -4.943059
0.623327, -1.698332, -5.753295
1.166497, 0.139899, -4.946530
2.300588, 1.922596, -5.212497
-0.011442, 1.361120, -2.639713
-0.032854, 1.303355, -2.568333
1.806278, 2.262189, -3.629596
2.277316, 1.653685, -3.875243
2.273152, 2.302393, -5.613540
0.040244, 1.143428, -2.590081
0.612828, 1.394383, -5.799163
-0.355969, -0.715392, -5.996803
0.358140, -1.915366, -5.697547
-1.940553, -0.510972, -5.743730
-0.647523, -1.561673, -6.005657
0.278535, -1.377724, -5.793973
0.314786, -1.973765, -5.780945
0.458627, -1.951865, -5.778925
-1.968485, -0.167339, -5.854283
1.820899, -0.041714, -4.853092
0.707643, 0.258550, -5.260775
0.472924, 0.100946, -5.074874
0.795217, 0.596890, -5.934021
0.808702, 0.562288, -5.713675
1.049356, 0.309078, -4.895365
1.078287, 0.647712, -6.248188
-0.177160, 0.033251, -5.741065
-1.925648, -1.974705, -5.174147
-1.730747, -1.805176, -6.050993
-0.111798, -1.857796, -3.974257
-0.134841, -1.910800, -3.924717
-1.605597, -0.467091, -6.188955
-1.544012, -1.888579, -6.116646
-1.777093, -0.497256, -5.846318
-1.767409, -0.506964, -5.895166
1.456408, -1.817198, -6.100276
1.391653, -1.867205, -6.027361
1.106568, -1.571554, -5.999136
1.467494, -1.673368, -6.126046
1.514740, -1.727408, -6.077278
1.970710, -1.758015, -6.090866
1.649803, -1.868619, -6.138737
1.549014, -1.654705, -6.097085
-1.446658, -1.644415, -6.069972
-1.607411, -1.408637, -6.109386
-1.440535, -1.544940, -6.055767
-1.618050, -1.713209, -6.090662
-1.706828, -1.432597, -6.122034
-1.668476, -1.491564, -5.807798
-1.653046, -1.581160, -6.096626
-1.426533, -1.250986, -6.098084
-1.908277, 1.156055, -2.249298
-1.885435, 1.045372, -2.472167
-1.695899, 1.058656, -2.092169
-0.692519, 2.226303, -2.436226
-1.900533, 1.276819, -2.244131
-1.685549, 1.065771, -2.070778
-1.757607, 0.684764, -2.232066
-1.500834, 0.998869, -2.112003
-0.904781, 1.915546, -6.047862
-1.608808, 1.432533, -3.334895
-0.552542, 0.182130, -5.107529
-1.065439, 1.664751, -4.090643
-0.112941, 0.277441, -4.960363
-1.308244, 1.852504, -3.594861
-0.276383, 0.323467, -5.073156
-0.766912, 1.204915, -6.044482
1.414890, -1.781899, -5.520066
0.536364, -1.849375, -6.095088
0.292279, -1.939007, -5.077044
-0.046095, -0.837945, -5.912077
0.543112, -2.066495, -6.130291
1.958153, -1.769342, -5.834532
1.468799, -1.942927, -6.109922
0.724405, -1.343288, -5.362257
-1.962784, 2.034682, -6.238420
-1.555854, 1.683881, -6.206261
-1.953960, 2.200016, -6.007761
-1.696502, 2.249507, -6.144732
-1.921553, 2.226852, -6.127025
-1.915616, 2.242500, -6.068765
-0.742968, 1.933284, -6.262224
-0.738318, 1.951171, -6.255804
-0.343518, 0.018209, -5.498955
-0.428275, 0.549768, -5.945087
-0.042632, 1.004814, -5.794726
-0.534753, 0.852503, -6.040093
-0.650479, 0.376296, -5.888515
0.071033, 0.032025, -4.616139
-0.295972, 0.822476, -6.124280
-0.090902, 0.796468, -5.887406
2.243023, -0.492565, -6.154315
2.071129, -1.191748, -6.185424
1.432856, -0.382258, -6.172503
0.664537, -0.402322, -5.900817
1.243426, 0.397989, -5.600841
1.132661, -0.442142, -6.151447
0.823049, -0.398954, -6.024544
0.744660, -0.760866, -5.922625
0.746771, 1.655861, -5.405337
0.385639, 0.776240, -5.777519
0.199145, 0.314395, -4.731414
0.265603, 0.155742, -4.876345
0.626935, 1.612562, -6.140854
0.622784, 1.395724, -5.956198
0.488545, 1.049864, -6.037472
0.564665, 1.017323, -5.905898
0.101906, -0.689525, -4.807744
-0.231869, 0.133591, -5.357195
-0.324505, 0.389580, -6.068783
-0.272461, 0.123430, -5.194049
-0.301437, 0.414237, -6.032312
-0.310810, 0.180435, -6.230089
-0.289268, 0.693486, -6.007590
0.155741, 0.618351, -5.708028
0.366778, -0.391785, -4.884819
0.274494, -0.393652, -4.904413
0.317557, -0.363776, -4.953721
0.045561, -0.820839, -5.190479
0.076397, -0.787953, -4.722247
0.053243, -0.739221, -5.282221
1.130732, 0.156425, -4.831186
0.069220, -0.234570, -5.246380
0.664493, -0.305056, -5.746881
0.585949, -0.315334, -5.584442
0.762545, 0.215131, -6.167298
0.781562, -0.289167, -5.050269
0.622338, -0.555084, -5.374450
1.785477, -1.314313, -6.188406
0.765417, 0.278965, -6.231708
0.825958, 0.374247, -5.744011
-0.246041, 0.274258, -5.475768
0.012973, 0.264247, -5.232692
-1.722378, 2.183219, -5.218614
-0.549251, 0.128599, -5.157397
-1.878219, 2.366009, -3.916518
-1.852242, 1.953101, -3.566389
-0.854604, 0.143540, -6.182245
-1.704065, 2.043494, -5.475328
0.252447, -0.055709, -5.979506
0.877158, -0.710992, -4.573136
0.381013, -2.036869, -6.272522
0.659401, -1.759280, -5.878141
0.747243, -0.942989, -4.696491
0.801025, -0.715845, -4.752763
1.105159, -1.895211, -5.618294
0.748933, -1.794906, -5.984326
-0.354846, 0.617503, -5.985031
-0.471018, 0.357312, -5.828138
-0.771641, 0.365164, -6.054143
-0.609538, 0.233108, -4.922600
0.417174, 1.377023, -5.256665
-0.356953, 0.281280, -5.026817
-0.324032, 1.615417, -6.017136
-0.203870, 0.203244, -4.707066
1.589684, 2.292450, -6.161410
1.559807, 2.170140, -6.153606
1.852950, 2.282478, -6.110547
1.495578, 2.265124, -6.183407
1.550100, 1.987301, -6.190736
1.811891, 2.125410, -6.181907
1.953743, 2.262690, -6.183174
2.212359, 2.291724, -6.186731
-0.267738, 0.495040, -5.439541
-1.692532, 2.147518, -4.904538
-1.735792, 1.329713, -3.115845
-1.657238, 1.571659, -3.514793
-1.922509, 1.609545, -5.930501
-1.294142, 1.474440, -3.474823
-1.502062, 1.452205, -3.446746
-1.746806, 1.858892, -3.249961
1.453189, -0.036156, -5.000375
-0.309667, 0.236745, -6.042219
1.959842, -0.003816, -6.233277
0.200133, 0.888645, -4.879175
0.030778, 0.345346, -6.076538
0.066729, 0.356680, -6.157665
0.900463, 0.676806, -5.183328
0.792559, 0.181329, -5.138961
-0.115084, 1.164008, -4.719958
-0.089256, 0.879279, -4.717429
0.691516, 1.545612, -6.268596
0.444399, 1.624902, -5.431062
0.386408, 0.416001, -5.232133
0.502941, 0.799442, -5.785274
0.621351, 1.346101, -6.221480
0.423713, 1.250038, -5.894860
0.323632, -0.904776, -6.238394
0.307807, -0.837933, -6.276398
-0.276263, -0.780539, -4.818728
0.136339, -0.580358, -4.612321
0.645550, -1.882518, -5.725666
0.753622, -0.841359, -4.811626
0.749706, -1.347672, -6.161298
0.365319, -0.522643, -5.824399
-0.624928, -0.057364, -5.650897
-0.505430, 2.180884, -5.901889
-0.026646, 0.384807, -5.562646
-0.132304, 0.505278, -5.729225
-0.041510, 0.808602, -4.858604
-1.201679, 0.079606, -5.058662
0.188077, 1.312585, -4.995296
0.579360, 1.956805, -5.139518
1.457959, 2.122700, -6.221870
1.412024, 2.065493, -6.212713
0.360040, 0.217755, -5.024637
0.686004, 0.869882, -5.785364
1.416038, 2.180214, -6.066832
1.882571, 2.291968, -6.171500
1.047632, 1.748450, -6.185826
0.868912, 1.511295, -6.148005
0.199422, -1.733281, -5.272634
0.299085, -1.528509, -6.077088
-1.946145, 0.299176, -6.125897
-0.201493, -1.194627, -5.832842
-1.554795, -1.650716, -5.398077
-0.912314, -1.254892, -6.173976
-1.906079, -2.015714, -4.137475
-1.019798, -0.353987, -5.857909
-1.563701, 0.557198, -5.222067
-1.648341, 1.235825, -6.026418
-1.893476, 2.337492, -3.974007
-1.873037, 1.233534, -3.151908
-1.719004, 2.251972, -5.365637
-1.684292, 1.815610, -3.703008
-1.848713, 1.429283, -2.249058
-1.840536, 1.531675, -2.334538
-0.141987, -0.934931, -5.096792
0.974027, -1.663106, -5.262736
1.404090, -1.752086, -6.167084
1.645017, -1.600744, -6.156414
0.593270, -1.646214, -5.750261
-0.027215, -0.787099, -4.896774
-0.154533, -0.274319, -5.219713
0.030622, -0.214079, -5.778620
-1.352586, -0.012834, -5.591184
-1.738764, -0.190459, -5.749614
-1.425165, -1.750184, -6.238666
-0.057824, -1.044134, -5.470268
-0.846093, -0.256458, -5.680946
-1.851202, 0.010319, -5.689768
-1.003388, -1.220902, -6.206635
-0.436552, -0.540565, -5.819178
-1.990504, -1.858054, -3.743050
-1.821874, -2.004901, -4.587425
-0.193196, -0.851506, -5.669641
-1.227978, -0.296154, -5.701428
-1.991820, -1.835733, -3.508581
-1.900551, -1.988938, -2.604541
-1.996163, -1.894082, -4.028213
-1.751312, -1.942088, -4.541197
-1.476913, -1.896312, -5.925001
-1.391853, -0.608260, -6.001785
-1.006527, -1.536557, -6.152786
-0.609823, -1.706365, -5.970998
-0.167199, 1.913085, -5.178958
-0.998859, -0.338575, -5.839175
-1.160204, -1.897776, -1.758236
-1.839856, -1.916082, -3.921944
0.095727, -0.558583, -5.317179
-0.100609, -0.656114, -3.961369
-1.432583, 0.233283, -4.997340
-1.617859, 0.621784, -6.179440
-1.677628, -0.177710, -5.361454
-1.291492, 0.179572, -5.551459
-1.708762, 0.538474, -6.224972
-0.089286, 0.373145, -5.653589
1.283430, -1.911206, -5.819564
1.323304, -1.983242, -6.106244
1.595629, -1.989451, -6.095200
1.295633, -1.888327, -5.863340
1.245289, -1.457598, -5.438280
1.599757, -1.973376, -5.978448
1.138184, -1.611814, -5.297301
1.745712, -2.008216, -6.086260
-1.032104, -1.241470, -6.035247
-0.863645, -1.159384, -6.128374
-1.843091, -1.628527, -5.956805
-1.650708, -1.394120, -5.878870
-1.131511, -1.201681, -6.038714
-0.720219, -1.278744, -6.079521
-1.699523, -1.726335, -5.693415
-1.685148, -1.852969, -5.288429
-0.847022, -0.012101, -5.762212
-0.810784, -0.044942, -5.710365
-1.030304, -0.027962, -4.997685
-1.038030, -0.000130, -5.490301
-0.680662, -0.147123, -5.782010
-0.561426, -0.194801, -4.710793
-1.375066, -0.063695, -5.108695
-1.679657, 0.018705, -5.790318
2.213334, 1.625783, -5.985011
2.180084, 2.145186, -6.028910
2.196072, 2.196535, -6.014131
2.195011, 2.250518, -6.017045
-0.492150, 2.269370, -2.848098
-1.558639, 2.285386, -1.701195
-0.321833, 2.277606, -3.104178
2.265229, -0.261100, -1.976258
-1.373685, -1.764642, -5.740445
-1.868302, -0.664825, -3.334153
-1.022405, -1.800943, -6.084762
-1.312523, -1.943074, -5.799775
-1.955828, -1.806186, -2.848132
-1.455484, -1.996856, -5.194580
-1.527337, -2.036090, -3.986439
-1.380411, -2.014918, -5.759379
1.097613, 0.820878, -6.229648
0.952291, 0.474794, -5.544648
0.948204, 0.548734, -5.588981
1.071409, 0.336637, -4.765211
1.369952, 0.983018, -6.149104
1.238387, 0.780334, -6.266744
1.368035, 0.587593, -6.223176
0.715214, 0.608728, -5.720757
0.792255, -0.762394, -6.047153
0.792944, -0.751749, -5.977897
0.697795, 0.162352, -5.902690
0.593183, -0.063070, -5.207817
0.880968, -0.617156, -6.111476
0.759970, -0.375328, -6.072504
1.032727, 0.144686, -5.908301
1.162327, 0.073963, -6.012410
-0.221880, 0.252602, -4.844794
-1.719531, -0.100990, -5.539894
-1.760488, 0.339146, -4.864932
-0.903282, 0.726465, -4.963101
0.068416, 0.579643, -4.932406
-0.520117, 0.176296, -5.686919
-1.740056, 2.012291, -4.242942
-0.334238, 1.863947, -6.220829
0.586599, 0.042378, -5.571710
0.465420, 0.108020, -5.402629
0.346519, 0.360961, -5.848366
0.766235, 0.547048, -5.731289
0.648370, -0.299693, -4.815042
0.931666, 0.339458, -6.098852
0.818319, 0.518486, -5.986985
0.732293, 0.481898, -5.951528
0.634062, -1.001723, -4.640853
0.467723, -0.931478, -5.188429
0.728394, -1.119088, -5.755815
0.750333, -1.164098, -5.704732
0.317823, -0.460935, -5.004500
0.971333, -1.552489, -5.807680
0.388973, -0.356414, -4.837169
0.933980, -1.516004, -5.725399
-0.163524, -0.860756, -5.339530
-0.739750, -0.609201, -6.067540
-0.085143, -0.970992, -5.399374
-1.484921, -0.316286, -5.792978
-1.313691, 0.067825, -6.184983
-1.715666, -0.330904, -5.714940
-0.111890, -1.535131, -5.787338
-0.202370, -1.324446, -5.907979
-0.382799, -1.034663, -5.121650
-0.185631, -0.559832, -5.876236
-0.444590, -1.340089, -5.931983
-0.076496, -1.457445, -5.718915
-1.072489, 0.070496, -5.192308
0.239610, -1.420168, -5.782497
-0.739565, -0.156499, -5.233761
-0.189731, -1.436255, -5.893852
0.158783, -0.721957, -5.552805
0.128171, -0.657642, -5.584234
-0.645285, -0.510457, -5.011906
-0.292860, -0.537227, -5.362290
-0.498022, -0.563757, -5.048114
0.334481, -0.892923, -5.820807
-0.185348, -0.673144, -5.462933
-0.055210, -1.479452, -5.682589
-0.357563, 0.147338, -5.685135
0.134597, -0.410912, -5.626094
-0.274465, 0.221636, -5.117842
-0.592776, 0.242530, -5.951685
0.657876, 0.283864, -5.971734
-0.469987, 0.180368, -5.439416
-0.113299, -0.006614, -5.528834
0.030408, 0.854944, -6.188570
0.179678, -0.740868, -4.873395
1.302243, 0.068707, -6.130566
2.233588, -1.797248, -4.562567
1.231313, -0.836903, -6.198430
0.689248, -0.805281, -5.723672
0.493431, -0.790150, -6.231270
2.153112, -1.581862, -4.809407
0.719359, -0.079100, -5.487288
-1.917703, 0.856898, -6.013251
-0.691007, 0.703039, -4.916016
-1.374706, 0.817343, -6.079180
-1.842841, 0.832574, -6.063297
-1.265779, 0.605365, -5.867221
-0.804193, 0.763397, -4.946905
-1.794974, 1.139811, -5.994164
-1.574664, 0.978963, -6.089708
0.670694, -0.075902, -4.595133
0.596211, -0.570940, -4.291724
0.803771, 0.472007, -4.534985
0.397523, -0.334944, -4.311910
1.900179, 0.134310, -4.744853
0.719414, -0.294715, -5.216839
0.469164, -0.395394, -4.479544
0.740855, -0.120004, -5.307564
-0.132050, 0.257504, -6.267199
0.503662, -0.159194, -6.278561
0.299081, 0.284391, -6.225062
0.443749, 0.209291, -6.226629
0.488164, 0.093516, -5.888331
0.636597, 0.325412, -5.990386
0.281952, 0.278298, -6.212500
0.258479, 0.201712, -5.964317
-0.619794, 0.701949, -5.965170
-0.134297, -0.141614, -4.534292
-0.365805, 0.719789, -5.675622
0.394997, 1.812494, -5.852768
0.028965, 0.500017, -4.567367
0.152654, 0.664072, -5.123122
0.398896, 1.485993, -5.659222
0.207882, 1.293311, -5.824111
0.564988, -0.358351, -5.277492
0.829429, -0.225391, -5.817319
1.704010, -0.974845, -1.321353
2.217810, -1.791857, -6.102540
1.864244, -2.031344, -6.069788
1.602318, -1.655579, -6.225036
-1.704727, 2.199506, -2.834534
0.440472, -1.958477, -6.189950
1.229470, -0.034757, -6.159487
1.228706, 0.189686, -6.173947
1.132604, 0.549491, -5.860183
1.967469, 0.370454, -5.803069
2.249340, -0.227027, -6.115212
1.997306, -0.096874, -5.982410
1.514029, 0.195701, -5.767024
1.666828, 0.113779, -5.864718
-0.401478, 1.348269, -5.963967
-0.524477, 2.229299, -6.215585
-0.517555, 0.813266, -5.644701
0.145078, 1.584414, -5.756589
-0.028314, 1.220288, -5.977087
0.029679, 1.432022, -5.983068
-0.385283, 1.186063, -5.962220
-0.435906, 1.329508, -6.074025
